symbol,date,close,high,low,open,volume,adjClose,adjHigh,adjLow,adjOpen,adjVolume,divCash,splitFactor
PPG,2000-01-03 00:00:00+00:00,60.0,62.63,59.69,62.63,550000,17.002940313,17.7482358634,16.9150917881,17.7482358634,1100000,0.0,1.0
PPG,2000-01-04 00:00:00+00:00,57.94,59.94,57.81,59.75,589800,16.4191726956,16.9859373727,16.3823329916,16.9320947284,1179600,0.0,1.0
PPG,2000-01-05 00:00:00+00:00,59.63,59.63,58.0,58.0,830200,16.8980888478,16.8980888478,16.4361756359,16.4361756359,1660400,0.0,1.0
PPG,2000-01-06 00:00:00+00:00,63.0,64.44,60.13,60.13,1075700,17.8530873287,18.2611578962,17.0397800171,17.0397800171,2151400,0.0,1.0
PPG,2000-01-07 00:00:00+00:00,64.13,64.5,63.25,63.44,812300,18.1733093713,18.2781608365,17.9239329133,17.9777755577,1624600,0.0,1.0
PPG,2000-01-10 00:00:00+00:00,62.13,63.88,61.81,63.88,572700,17.6065446942,18.1024637866,17.5158623458,18.1024637866,1145400,0.0,1.0
PPG,2000-01-11 00:00:00+00:00,61.88,62.13,60.94,61.88,559300,17.5356991095,17.6065446942,17.2693197113,17.5356991095,1118600,0.0,1.0
PPG,2000-01-12 00:00:00+00:00,62.81,63.63,61.88,61.88,581600,17.7992446844,18.031618202,17.5356991095,17.5356991095,1163200,0.0,1.0
PPG,2000-01-13 00:00:00+00:00,64.38,65.06,62.88,63.0,847200,18.2441549559,18.4368549461,17.8190814481,17.8530873287,1694400,0.0,1.0
PPG,2000-01-14 00:00:00+00:00,63.0,64.5,62.38,64.25,957800,17.8530873287,18.2781608365,17.6773902788,18.2073152519,1915600,0.0,1.0
PPG,2000-01-18 00:00:00+00:00,61.5,62.75,61.5,62.13,809900,17.4280138209,17.7822417441,17.4280138209,17.6065446942,1619800,0.0,1.0
PPG,2000-01-19 00:00:00+00:00,60.31,61.44,59.38,60.88,791300,17.090788838,17.4110108806,16.8272432631,17.252316771,1582600,0.0,1.0
PPG,2000-01-20 00:00:00+00:00,57.88,60.56,57.5,60.56,435100,16.4021697553,17.1616344226,16.2944844667,17.1616344226,870200,0.0,1.0
PPG,2000-01-21 00:00:00+00:00,58.63,59.31,57.13,58.13,766500,16.6147065092,16.8074064994,16.1896330014,16.47301534,1533000,0.0,1.0
PPG,2000-01-24 00:00:00+00:00,58.0,59.5,57.63,59.13,564600,16.4361756359,16.8612491438,16.3313241707,16.7563976785,1129200,0.0,1.0
PPG,2000-01-25 00:00:00+00:00,56.56,58.81,55.5,58.25,854300,16.0281050684,16.6657153302,15.7277197896,16.5070212206,1708600,0.0,1.0
PPG,2000-01-26 00:00:00+00:00,57.44,58.13,56.5,56.75,861500,16.2774815264,16.47301534,16.0111021281,16.0819477128,1723000,0.0,1.0
PPG,2000-01-27 00:00:00+00:00,58.13,58.81,57.81,58.0,759800,16.47301534,16.6657153302,16.3823329916,16.4361756359,1519600,0.0,1.0
PPG,2000-01-28 00:00:00+00:00,56.69,57.94,54.75,57.94,563100,16.0649447724,16.4191726956,15.5151830357,16.4191726956,1126200,0.0,1.0
PPG,2000-01-31 00:00:00+00:00,55.06,56.94,54.81,56.75,558400,15.6030315606,16.1357903571,15.532185976,16.0819477128,1116800,0.0,1.0
PPG,2000-02-01 00:00:00+00:00,56.06,56.25,55.13,55.31,590100,15.8864138992,15.9402565435,15.6228683243,15.6738771452,1180200,0.0,1.0
PPG,2000-02-02 00:00:00+00:00,55.06,55.81,54.63,55.75,270500,15.6030315606,15.8155683145,15.481177155,15.7985653742,541000,0.0,1.0
PPG,2000-02-03 00:00:00+00:00,54.75,55.25,54.13,55.06,313600,15.5151830357,15.6568742049,15.3394859858,15.6030315606,627200,0.0,1.0
PPG,2000-02-04 00:00:00+00:00,54.06,55.06,53.88,55.06,400400,15.3196492221,15.6030315606,15.2686404011,15.6030315606,800800,0.0,1.0
PPG,2000-02-07 00:00:00+00:00,52.31,54.13,52.0,54.13,663700,14.8237301296,15.3394859858,14.7358816046,15.3394859858,1327400,0.0,1.0
PPG,2000-02-08 00:00:00+00:00,51.88,52.75,51.63,52.5,418500,14.701875724,14.9484183586,14.6310301394,14.8775727739,837000,0.0,1.0
PPG,2000-02-09 00:00:00+00:00,51.0,51.88,51.0,51.5,591600,14.4524992661,14.701875724,14.4524992661,14.5941904354,1183200,0.0,1.0
PPG,2000-02-10 00:00:00+00:00,50.5,51.63,50.13,51.5,505300,14.3108080968,14.6310301394,14.2059566315,14.5941904354,1010600,0.0,1.0
PPG,2000-02-11 00:00:00+00:00,48.63,50.88,48.19,50.75,700900,13.7808831237,14.4184933855,13.6561948948,14.3816536815,1401800,0.0,1.0
PPG,2000-02-14 00:00:00+00:00,50.63,50.63,48.31,49.13,793800,14.3476478008,14.3476478008,13.6902007754,13.922574293,1587600,0.0,1.0
PPG,2000-02-15 00:00:00+00:00,52.5,52.81,50.38,50.63,697100,14.8775727739,14.9654212989,14.2768022162,14.3476478008,1394200,0.0,1.0
PPG,2000-02-16 00:00:00+00:00,53.0,53.5,52.19,53.5,543400,15.0192639432,15.1609551125,14.789724249,15.1609551125,1086800,0.0,1.0
PPG,2000-02-17 00:00:00+00:00,52.5,53.5,51.75,53.0,595900,14.9909257093,15.2764671514,14.7767696278,15.1336964304,1191800,0.4,1.0
PPG,2000-02-18 00:00:00+00:00,51.06,52.31,50.63,52.31,463700,14.5797460327,14.9366728353,14.4569632126,14.9366728353,927400,0.0,1.0
PPG,2000-02-22 00:00:00+00:00,52.63,53.56,51.06,51.06,359400,15.0280460968,15.2935996379,14.5797460327,14.5797460327,718800,0.0,1.0
PPG,2000-02-23 00:00:00+00:00,53.38,53.81,51.63,52.06,589300,15.2422021784,15.3649849985,14.7425046547,14.8652874748,1178600,0.0,1.0
PPG,2000-02-24 00:00:00+00:00,50.25,53.13,49.69,53.13,661600,14.3484574646,15.1708168178,14.1885542571,15.1708168178,1323200,0.0,1.0
PPG,2000-02-25 00:00:00+00:00,49.06,50.31,48.56,50.31,694800,14.0086631486,14.3655899512,13.8658924275,14.3655899512,1389600,0.0,1.0
PPG,2000-02-28 00:00:00+00:00,49.06,50.25,48.63,49.31,782900,14.0086631486,14.3484574646,13.8858803285,14.0800485091,1565800,0.0,1.0
PPG,2000-02-29 00:00:00+00:00,49.38,49.38,48.19,49.0,694300,14.10003641,14.10003641,13.760242094,13.991530662,1388600,0.0,1.0
PPG,2000-03-01 00:00:00+00:00,48.31,49.13,47.56,49.13,406300,13.794507067,14.0286510495,13.5803509854,14.0286510495,812600,0.0,1.0
PPG,2000-03-02 00:00:00+00:00,47.13,48.19,46.63,47.75,288000,13.4575681654,13.760242094,13.3147974443,13.6346038594,576000,0.0,1.0
PPG,2000-03-03 00:00:00+00:00,49.06,50.63,47.0,47.19,965200,14.0086631486,14.4569632126,13.4204477779,13.4747006519,1930400,0.0,1.0
PPG,2000-03-06 00:00:00+00:00,48.0,48.5,46.81,48.25,493800,13.70598922,13.848759941,13.3661949039,13.7773745805,987600,0.0,1.0
PPG,2000-03-07 00:00:00+00:00,46.5,47.63,46.0,47.25,457100,13.2776770568,13.6003388864,13.1349063358,13.4918331384,914200,0.0,1.0
PPG,2000-03-08 00:00:00+00:00,46.06,46.69,45.63,46.0,581400,13.1520388223,13.3319299308,13.0292560022,13.1349063358,1162800,0.0,1.0
PPG,2000-03-09 00:00:00+00:00,45.56,45.88,44.38,45.63,484800,13.0092681013,13.1006413627,12.6723291996,13.0292560022,969600,0.0,1.0
PPG,2000-03-10 00:00:00+00:00,46.69,47.19,45.13,45.63,389700,13.3319299308,13.4747006519,12.8864852812,13.0292560022,779400,0.0,1.0
PPG,2000-03-13 00:00:00+00:00,45.94,46.69,45.13,46.0,368100,13.1177738493,13.3319299308,12.8864852812,13.1349063358,736200,0.0,1.0
PPG,2000-03-14 00:00:00+00:00,46.0,46.94,45.56,46.13,344900,13.1349063358,13.4033152914,13.0092681013,13.1720267233,689800,0.0,1.0
PPG,2000-03-15 00:00:00+00:00,50.19,50.38,45.25,45.5,714500,14.3313249781,14.3855778521,12.9207502542,12.9921356148,1429000,0.0,1.0
PPG,2000-03-16 00:00:00+00:00,52.81,52.81,49.88,49.94,713500,15.0794435564,15.0794435564,14.2428071311,14.2599396176,1427000,0.0,1.0
PPG,2000-03-17 00:00:00+00:00,50.06,51.56,49.63,51.25,626000,14.2942045907,14.7225167538,14.1714217706,14.6339989067,1252000,0.0,1.0
PPG,2000-03-20 00:00:00+00:00,51.06,52.0,50.25,50.25,382500,14.5797460327,14.8481549883,14.3484574646,14.3484574646,765000,0.0,1.0
PPG,2000-03-21 00:00:00+00:00,52.19,52.88,50.63,51.0,495400,14.9024078623,15.0994314573,14.4569632126,14.5626135462,990800,0.0,1.0
PPG,2000-03-22 00:00:00+00:00,49.81,51.94,49.5,51.94,429000,14.2228192301,14.8310225018,14.1343013831,14.8310225018,858000,0.0,1.0
PPG,2000-03-23 00:00:00+00:00,50.38,50.81,48.69,49.0,502300,14.3855778521,14.5083606722,13.903012815,13.991530662,1004600,0.0,1.0
PPG,2000-03-24 00:00:00+00:00,50.56,51.0,50.06,50.63,472300,14.4369753117,14.5626135462,14.2942045907,14.4569632126,944600,0.0,1.0
PPG,2000-03-27 00:00:00+00:00,49.5,50.44,49.25,50.25,274200,14.1343013831,14.4027103386,14.0629160226,14.3484574646,548400,0.0,1.0
PPG,2000-03-28 00:00:00+00:00,49.75,51.19,49.0,49.0,458500,14.2056867436,14.6168664202,13.991530662,13.991530662,917000,0.0,1.0
PPG,2000-03-29 00:00:00+00:00,50.88,51.19,48.5,48.5,393700,14.5283485732,14.6168664202,13.848759941,13.848759941,787400,0.0,1.0
PPG,2000-03-30 00:00:00+00:00,53.13,53.94,50.88,50.94,533500,15.1708168178,15.4021053859,14.5283485732,14.5454810597,1067000,0.0,1.0
PPG,2000-03-31 00:00:00+00:00,52.31,53.38,51.56,53.38,728400,14.9366728353,15.2422021784,14.7225167538,15.2422021784,1456800,0.0,1.0
PPG,2000-04-03 00:00:00+00:00,53.0,53.06,51.38,51.38,541400,15.1336964304,15.1508289169,14.6711192942,14.6711192942,1082800,0.0,1.0
PPG,2000-04-04 00:00:00+00:00,53.81,55.63,53.0,53.75,901600,15.3649849985,15.8846704231,15.1336964304,15.3478525119,1803200,0.0,1.0
PPG,2000-04-05 00:00:00+00:00,52.69,54.88,52.25,54.06,461200,15.0451785833,15.6705143415,14.9195403488,15.436370359,922400,0.0,1.0
PPG,2000-04-06 00:00:00+00:00,52.81,53.75,52.38,53.13,474000,15.0794435564,15.3478525119,14.9566607363,15.1708168178,948000,0.0,1.0
PPG,2000-04-07 00:00:00+00:00,52.06,53.38,52.0,52.56,341800,14.8652874748,15.2422021784,14.8481549883,15.0080581959,683600,0.0,1.0
PPG,2000-04-10 00:00:00+00:00,51.94,52.75,51.0,51.13,683200,14.8310225018,15.0623110699,14.5626135462,14.5997339337,1366400,0.0,1.0
PPG,2000-04-11 00:00:00+00:00,54.06,55.44,52.13,52.13,587900,15.436370359,15.8304175491,14.8852753758,14.8852753758,1175800,0.0,1.0
PPG,2000-04-12 00:00:00+00:00,57.13,57.5,54.38,54.38,926800,16.3129825862,16.4186329197,15.5277436205,15.5277436205,1853600,0.0,1.0
PPG,2000-04-13 00:00:00+00:00,56.06,58.13,55.94,58.13,743900,16.0074532431,16.5985240283,15.9731882701,16.5985240283,1487800,0.0,1.0
PPG,2000-04-14 00:00:00+00:00,53.19,56.25,53.0,56.25,548100,15.1879493044,16.0617061171,15.1336964304,16.0617061171,1096200,0.0,1.0
PPG,2000-04-17 00:00:00+00:00,53.25,53.94,52.31,52.63,453700,15.2050817909,15.4021053859,14.9366728353,15.0280460968,907400,0.0,1.0
PPG,2000-04-18 00:00:00+00:00,51.19,53.44,50.88,52.88,497000,14.6168664202,15.2593346649,14.5283485732,15.0994314573,994000,0.0,1.0
PPG,2000-04-19 00:00:00+00:00,50.63,51.63,50.5,51.63,447400,14.4569632126,14.7425046547,14.4198428252,14.7425046547,894800,0.0,1.0
PPG,2000-04-20 00:00:00+00:00,53.0,53.88,51.38,51.38,625600,15.1336964304,15.3849728994,14.6711192942,14.6711192942,1251200,0.0,1.0
PPG,2000-04-24 00:00:00+00:00,54.31,55.63,52.94,52.94,645300,15.5077557195,15.8846704231,15.1165639439,15.1165639439,1290600,0.0,1.0
PPG,2000-04-25 00:00:00+00:00,55.94,56.19,53.56,53.75,636000,15.9731882701,16.0445736306,15.2935996379,15.3478525119,1272000,0.0,1.0
PPG,2000-04-26 00:00:00+00:00,54.38,55.94,53.81,55.94,500500,15.5277436205,15.9731882701,15.3649849985,15.9731882701,1001000,0.0,1.0
PPG,2000-04-27 00:00:00+00:00,53.75,54.81,53.25,54.63,476100,15.3478525119,15.6505264405,15.2050817909,15.599128981,952200,0.0,1.0
PPG,2000-04-28 00:00:00+00:00,54.38,55.63,53.38,53.38,341100,15.5277436205,15.8846704231,15.2422021784,15.2422021784,682200,0.0,1.0
PPG,2000-05-01 00:00:00+00:00,54.5,54.75,53.5,53.75,295000,15.5620085935,15.633393954,15.2764671514,15.3478525119,590000,0.0,1.0
PPG,2000-05-02 00:00:00+00:00,54.38,55.25,54.06,54.25,605200,15.5277436205,15.7761646751,15.436370359,15.490623233,1210400,0.0,1.0
PPG,2000-05-03 00:00:00+00:00,52.63,53.69,52.63,53.38,535500,15.0280460968,15.3307200254,15.0280460968,15.2422021784,1071000,0.0,1.0
PPG,2000-05-04 00:00:00+00:00,53.38,54.25,52.69,52.75,335300,15.2422021784,15.490623233,15.0451785833,15.0623110699,670600,0.0,1.0
PPG,2000-05-05 00:00:00+00:00,55.13,55.69,52.94,53.06,461200,15.741899702,15.9018029096,15.1165639439,15.1508289169,922400,0.0,1.0
PPG,2000-05-08 00:00:00+00:00,54.88,55.81,54.38,54.44,370000,15.7847309183,16.0522199809,15.6409195944,15.6581769532,740000,0.4,1.0
PPG,2000-05-09 00:00:00+00:00,55.5,56.38,54.75,54.88,575400,15.96305696,16.2161648902,15.7473399741,15.7847309183,1150800,0.0,1.0
PPG,2000-05-10 00:00:00+00:00,54.56,56.63,54.44,55.5,352000,15.692691671,16.2880705522,15.6581769532,15.96305696,704000,0.0,1.0
PPG,2000-05-11 00:00:00+00:00,55.81,56.44,54.94,55.0,220200,16.0522199809,16.2334222491,15.8019882772,15.8192456361,440400,0.0,1.0
PPG,2000-05-12 00:00:00+00:00,55.13,55.88,54.31,55.81,315400,15.8566365803,16.0723535663,15.620786009,16.0522199809,630800,0.0,1.0
PPG,2000-05-15 00:00:00+00:00,56.81,57.25,54.88,54.88,338400,16.3398426288,16.4663965939,15.7847309183,15.7847309183,676800,0.0,1.0
PPG,2000-05-16 00:00:00+00:00,56.63,56.81,55.31,56.81,404400,16.2880705522,16.3398426288,15.9084086569,16.3398426288,808800,0.0,1.0
PPG,2000-05-17 00:00:00+00:00,55.44,56.38,55.25,56.38,201300,15.9457996012,16.2161648902,15.8911512981,16.2161648902,402600,0.0,1.0
PPG,2000-05-18 00:00:00+00:00,55.44,55.94,54.88,55.25,340600,15.9457996012,16.0896109251,15.7847309183,15.8911512981,681200,0.0,1.0
PPG,2000-05-19 00:00:00+00:00,55.19,55.25,54.25,54.25,278100,15.8738939392,15.8911512981,15.6035286501,15.6035286501,556200,0.0,1.0
PPG,2000-05-22 00:00:00+00:00,55.19,56.13,54.75,55.0,245700,15.8738939392,16.1442592282,15.7473399741,15.8192456361,491400,0.0,1.0
PPG,2000-05-23 00:00:00+00:00,54.5,55.44,53.63,55.44,471000,15.6754343121,15.9457996012,15.4252026084,15.9457996012,942000,0.0,1.0
PPG,2000-05-24 00:00:00+00:00,55.0,55.75,54.5,54.5,501900,15.8192456361,16.034962622,15.6754343121,15.6754343121,1003800,0.0,1.0
PPG,2000-05-25 00:00:00+00:00,51.38,53.56,50.25,53.5,941100,14.7780516506,15.4050690231,14.4530380584,15.3878116642,1882200,0.0,1.0
PPG,2000-05-26 00:00:00+00:00,51.06,51.75,50.31,51.38,325100,14.6860124032,14.8844720303,14.4702954173,14.7780516506,650200,0.0,1.0
PPG,2000-05-30 00:00:00+00:00,51.88,52.0,50.56,51.31,328700,14.9218629745,14.9563776923,14.5422010793,14.7579180652,657400,0.0,1.0
PPG,2000-05-31 00:00:00+00:00,50.13,51.0,50.06,50.5,557100,14.4185233407,14.6687550444,14.3983897553,14.5249437204,1114200,0.0,1.0
PPG,2000-06-01 00:00:00+00:00,49.88,49.88,48.0,49.63,921600,14.3466176787,14.3466176787,13.8058871006,14.2747120167,1843200,0.0,1.0
PPG,2000-06-02 00:00:00+00:00,50.0,50.5,49.13,49.5,772900,14.3811323964,14.5249437204,14.1309006927,14.2373210725,1545800,0.0,1.0
PPG,2000-06-05 00:00:00+00:00,49.0,50.31,48.63,50.0,404900,14.0935097485,14.4702954173,13.9870893688,14.3811323964,809800,0.0,1.0
PPG,2000-06-06 00:00:00+00:00,48.38,49.06,48.13,49.0,444800,13.9151837068,14.1107671074,13.8432780448,14.0935097485,889600,0.0,1.0
PPG,2000-06-07 00:00:00+00:00,48.19,48.88,47.94,48.75,453700,13.8605354037,14.0589950308,13.7886297417,14.0216040865,907400,0.0,1.0
PPG,2000-06-08 00:00:00+00:00,47.88,48.5,47.75,48.06,447900,13.7713723828,13.9496984245,13.7339814386,13.8231444595,895800,0.0,1.0
PPG,2000-06-09 00:00:00+00:00,47.94,48.0,47.63,47.94,440500,13.7886297417,13.8058871006,13.6994667208,13.7886297417,881000,0.0,1.0
PPG,2000-06-12 00:00:00+00:00,48.63,48.94,47.94,48.0,537000,13.9870893688,14.0762523896,13.7886297417,13.8058871006,1074000,0.0,1.0
PPG,2000-06-13 00:00:00+00:00,47.44,49.06,47.0,48.88,540700,13.6448184177,14.1107671074,13.5182644526,14.0589950308,1081400,0.0,1.0
PPG,2000-06-14 00:00:00+00:00,48.13,48.44,47.0,47.0,521500,13.8432780448,13.9324410657,13.5182644526,13.5182644526,1043000,0.0,1.0
PPG,2000-06-15 00:00:00+00:00,47.0,48.06,46.5,48.0,385600,13.5182644526,13.8231444595,13.3744531287,13.8058871006,771200,0.0,1.0
PPG,2000-06-16 00:00:00+00:00,46.59,46.94,46.13,46.31,506900,13.400339167,13.5010070938,13.2680327489,13.3198048256,1013800,0.0,1.0
PPG,2000-06-19 00:00:00+00:00,44.56,46.63,44.25,46.38,723300,12.8164651917,13.4118440729,12.7273021708,13.3399384109,1446600,0.0,1.0
PPG,2000-06-20 00:00:00+00:00,43.5,44.81,42.5,44.5,888000,12.5115851849,12.8883708537,12.223962537,12.7992078328,1776000,0.0,1.0
PPG,2000-06-21 00:00:00+00:00,42.13,44.13,41.75,44.0,1151200,12.1175421572,12.6927874531,12.008245551,12.6553965089,2302400,0.0,1.0
PPG,2000-06-22 00:00:00+00:00,43.0,43.56,41.56,42.13,842500,12.3677738609,12.5288425438,11.9535972479,12.1175421572,1685000,0.0,1.0
PPG,2000-06-23 00:00:00+00:00,43.06,43.31,42.38,43.0,716100,12.3850312198,12.4569368818,12.1894478192,12.3677738609,1432200,0.0,1.0
PPG,2000-06-26 00:00:00+00:00,43.0,43.31,42.5,43.31,725300,12.3677738609,12.4569368818,12.223962537,12.4569368818,1450600,0.0,1.0
PPG,2000-06-27 00:00:00+00:00,44.69,45.0,42.63,43.0,1312800,12.8538561359,12.9430191568,12.2613534812,12.3677738609,2625600,0.0,1.0
PPG,2000-06-28 00:00:00+00:00,45.29,46.19,43.5,44.69,1394400,13.0264297247,13.2852901078,12.5115851849,12.8538561359,2788800,0.0,1.0
PPG,2000-06-29 00:00:00+00:00,45.0,46.06,44.19,45.25,736100,12.9430191568,13.2478991636,12.710044812,13.0149248188,1472200,0.0,1.0
PPG,2000-06-30 00:00:00+00:00,44.31,45.19,43.94,45.06,874100,12.7445595297,12.9976674599,12.63813915,12.9602765157,1748200,0.0,1.0
PPG,2000-07-03 00:00:00+00:00,45.94,46.0,44.5,44.56,360300,13.2133844458,13.2306418047,12.7992078328,12.8164651917,720600,0.0,1.0
PPG,2000-07-05 00:00:00+00:00,44.88,45.94,44.38,45.25,685400,12.908504439,13.2133844458,12.7646931151,13.0149248188,1370800,0.0,1.0
PPG,2000-07-06 00:00:00+00:00,43.94,44.75,43.81,44.75,729200,12.63813915,12.8711134948,12.6007482058,12.8711134948,1458400,0.0,1.0
PPG,2000-07-07 00:00:00+00:00,44.19,44.69,43.5,44.19,1041500,12.710044812,12.8538561359,12.5115851849,12.710044812,2083000,0.0,1.0
PPG,2000-07-10 00:00:00+00:00,43.63,44.5,43.31,43.5,703900,12.5489761291,12.7992078328,12.4569368818,12.5115851849,1407800,0.0,1.0
PPG,2000-07-11 00:00:00+00:00,45.5,45.5,43.56,43.56,500700,13.0868304808,13.0868304808,12.5288425438,12.5288425438,1001400,0.0,1.0
PPG,2000-07-12 00:00:00+00:00,44.81,45.88,44.5,45.31,470400,12.8883708537,13.196127087,12.7992078328,13.0321821776,940800,0.0,1.0
PPG,2000-07-13 00:00:00+00:00,45.94,46.5,44.75,44.75,486600,13.2133844458,13.3744531287,12.8711134948,12.8711134948,973200,0.0,1.0
PPG,2000-07-14 00:00:00+00:00,45.31,46.31,44.69,46.06,441500,13.0321821776,13.3198048256,12.8538561359,13.2478991636,883000,0.0,1.0
PPG,2000-07-17 00:00:00+00:00,43.94,45.19,43.75,45.13,674500,12.63813915,12.9976674599,12.5834908469,12.980410101,1349000,0.0,1.0
PPG,2000-07-18 00:00:00+00:00,43.63,44.13,43.44,43.88,508100,12.5489761291,12.6927874531,12.494327826,12.6208817911,1016200,0.0,1.0
PPG,2000-07-19 00:00:00+00:00,42.69,44.0,42.5,43.38,443900,12.2786108401,12.6553965089,12.223962537,12.4770704671,887800,0.0,1.0
PPG,2000-07-20 00:00:00+00:00,42.13,42.88,41.56,41.88,686700,12.1175421572,12.3332591432,11.9535972479,12.0456364953,1373400,0.0,1.0
PPG,2000-07-21 00:00:00+00:00,42.81,43.06,42.19,42.38,769500,12.3131255578,12.3850312198,12.1347995161,12.1894478192,1539000,0.0,1.0
PPG,2000-07-24 00:00:00+00:00,42.44,42.88,42.0,42.81,564000,12.2067051781,12.3332591432,12.080151213,12.3131255578,1128000,0.0,1.0
PPG,2000-07-25 00:00:00+00:00,42.53,43.0,41.75,42.5,710900,12.2325912164,12.3677738609,12.008245551,12.223962537,1421800,0.0,1.0
PPG,2000-07-26 00:00:00+00:00,41.44,42.5,41.44,42.31,586700,11.9190825302,12.223962537,11.9190825302,12.1693142339,1173400,0.0,1.0
PPG,2000-07-27 00:00:00+00:00,41.31,42.38,41.25,41.5,639600,11.8816915859,12.1894478192,11.8644342271,11.936339889,1279200,0.0,1.0
PPG,2000-07-28 00:00:00+00:00,40.69,41.44,40.63,41.38,553300,11.7033655442,11.9190825302,11.6861081853,11.9018251713,1106600,0.0,1.0
PPG,2000-07-31 00:00:00+00:00,40.69,41.25,40.63,40.94,915700,11.7033655442,11.8644342271,11.6861081853,11.7752712062,1831400,0.0,1.0
PPG,2000-08-01 00:00:00+00:00,40.75,41.0,40.25,40.94,811900,11.7206229031,11.7925285651,11.5768115791,11.7752712062,1623800,0.0,1.0
PPG,2000-08-02 00:00:00+00:00,41.0,41.25,40.44,40.69,682200,11.7925285651,11.8644342271,11.6314598822,11.7033655442,1364400,0.0,1.0
PPG,2000-08-03 00:00:00+00:00,40.75,41.81,40.5,41.0,658700,11.7206229031,12.0255029099,11.6487172411,11.7925285651,1317400,0.0,1.0
PPG,2000-08-04 00:00:00+00:00,40.44,40.88,40.06,40.75,557900,11.6314598822,11.7580138473,11.522163276,11.7206229031,1115800,0.0,1.0
PPG,2000-08-07 00:00:00+00:00,42.19,42.81,40.13,40.19,794300,12.1347995161,12.3131255578,11.5422968614,11.5595542203,1588600,0.0,1.0
PPG,2000-08-08 00:00:00+00:00,42.16,42.25,41.56,42.0,469300,12.2412198958,12.2673515322,12.0670089865,12.1947636534,938600,0.4,1.0
PPG,2000-08-09 00:00:00+00:00,42.69,43.13,41.94,42.0,808200,12.3951061991,12.5228608659,12.1773425624,12.1947636534,1616400,0.0,1.0
PPG,2000-08-10 00:00:00+00:00,41.31,42.31,41.13,42.13,577000,11.9944211076,12.2847726232,11.9421578348,12.2325093504,1154000,0.0,1.0
PPG,2000-08-11 00:00:00+00:00,42.56,42.69,41.25,41.31,460800,12.3573605021,12.3951061991,11.9770000167,11.9944211076,921600,0.0,1.0
PPG,2000-08-14 00:00:00+00:00,42.44,42.56,41.44,42.38,312800,12.3225183202,12.3573605021,12.0321668046,12.3050972293,625600,0.0,1.0
PPG,2000-08-15 00:00:00+00:00,43.19,43.5,42.06,42.31,459400,12.5402819569,12.6302909267,12.2121847443,12.2847726232,918800,0.0,1.0
PPG,2000-08-16 00:00:00+00:00,43.69,43.81,43.06,43.25,475500,12.6854577146,12.7202998965,12.5025362598,12.5577030478,951000,0.0,1.0
PPG,2000-08-17 00:00:00+00:00,42.94,44.38,42.75,43.69,651200,12.467694078,12.8858002604,12.41252729,12.6854577146,1302400,0.0,1.0
PPG,2000-08-18 00:00:00+00:00,43.06,43.19,42.5,42.5,351700,12.5025362598,12.5402819569,12.3399394111,12.3399394111,703400,0.0,1.0
PPG,2000-08-21 00:00:00+00:00,42.5,43.0,42.5,42.81,506700,12.3399394111,12.4851151689,12.3399394111,12.429948381,1013400,0.0,1.0
PPG,2000-08-22 00:00:00+00:00,42.81,42.88,42.31,42.31,382600,12.429948381,12.450272987,12.2847726232,12.2847726232,765200,0.0,1.0
PPG,2000-08-23 00:00:00+00:00,42.25,42.75,42.13,42.5,400900,12.2673515322,12.41252729,12.2325093504,12.3399394111,801800,0.0,1.0
PPG,2000-08-24 00:00:00+00:00,42.19,42.5,41.75,41.75,407100,12.2499304413,12.3399394111,12.1221757745,12.1221757745,814200,0.0,1.0
PPG,2000-08-25 00:00:00+00:00,42.75,43.13,41.81,41.94,209300,12.41252729,12.5228608659,12.1395968654,12.1773425624,418600,0.0,1.0
PPG,2000-08-28 00:00:00+00:00,42.88,43.38,42.63,43.38,309400,12.450272987,12.5954487448,12.3776851082,12.5954487448,618800,0.0,1.0
PPG,2000-08-29 00:00:00+00:00,42.0,42.56,41.88,42.56,423200,12.1947636534,12.3573605021,12.1599214715,12.3573605021,846400,0.0,1.0
PPG,2000-08-30 00:00:00+00:00,41.25,42.0,41.0,41.94,373500,11.9770000167,12.1947636534,11.9044121378,12.1773425624,747000,0.0,1.0
PPG,2000-08-31 00:00:00+00:00,40.52,41.88,40.5,41.25,529800,11.7650434103,12.1599214715,11.75923638,11.9770000167,1059600,0.0,1.0
PPG,2000-09-01 00:00:00+00:00,40.47,40.75,40.31,40.75,765700,11.7505258346,11.8318242589,11.7040695921,11.8318242589,1531400,0.0,1.0
PPG,2000-09-05 00:00:00+00:00,40.81,41.0,40.25,40.5,808700,11.8492453498,11.9044121378,11.6866485011,11.75923638,1617400,0.0,1.0
PPG,2000-09-06 00:00:00+00:00,41.69,42.38,40.81,40.94,551800,12.1047546835,12.3050972293,11.8492453498,11.8869910469,1103600,0.0,1.0
PPG,2000-09-07 00:00:00+00:00,40.5,40.88,40.06,40.88,888700,11.75923638,11.8695699559,11.6314817132,11.8695699559,1777400,0.0,1.0
PPG,2000-09-08 00:00:00+00:00,39.63,40.75,39.5,40.5,567800,11.5066305615,11.8318242589,11.4688848645,11.75923638,1135600,0.0,1.0
PPG,2000-09-11 00:00:00+00:00,39.81,40.44,39.38,39.38,536800,11.5588938343,11.7418152891,11.4340426826,11.4340426826,1073600,0.0,1.0
PPG,2000-09-12 00:00:00+00:00,40.0,40.25,39.69,39.69,526300,11.6140606222,11.6866485011,11.5240516524,11.5240516524,1052600,0.0,1.0
PPG,2000-09-13 00:00:00+00:00,39.75,40.75,38.0,40.0,943000,11.5414727434,11.8318242589,11.0333575911,11.6140606222,1886000,0.0,1.0
PPG,2000-09-14 00:00:00+00:00,39.13,39.94,39.06,39.75,612000,11.3614548037,11.5966395313,11.3411301976,11.5414727434,1224000,0.0,1.0
PPG,2000-09-15 00:00:00+00:00,38.13,39.19,38.13,39.19,583600,11.0711032882,11.3788758946,11.0711032882,11.3788758946,1167200,0.0,1.0
PPG,2000-09-18 00:00:00+00:00,37.63,38.19,36.88,38.13,705400,10.9259275304,11.0885243791,10.7081638937,11.0711032882,1410800,0.0,1.0
PPG,2000-09-19 00:00:00+00:00,36.94,37.56,36.44,37.56,669100,10.7255849846,10.9056029243,10.5804092269,10.9056029243,1338200,0.0,1.0
PPG,2000-09-20 00:00:00+00:00,36.31,37.0,36.0,36.88,745100,10.5426635298,10.7430060756,10.45265456,10.7081638937,1490200,0.0,1.0
PPG,2000-09-21 00:00:00+00:00,36.75,37.38,36.38,36.5,589900,10.6704181967,10.8533396515,10.5629881359,10.5978303178,1179800,0.0,1.0
PPG,2000-09-22 00:00:00+00:00,37.13,38.0,36.69,36.88,433100,10.7807517726,11.0333575911,10.6529971058,10.7081638937,866200,0.0,1.0
PPG,2000-09-25 00:00:00+00:00,36.56,37.5,36.56,37.5,332500,10.6152514087,10.8881818334,10.6152514087,10.8881818334,665000,0.0,1.0
PPG,2000-09-26 00:00:00+00:00,36.13,36.88,36.13,36.5,628300,10.490400257,10.7081638937,10.490400257,10.5978303178,1256600,0.0,1.0
PPG,2000-09-27 00:00:00+00:00,37.69,37.81,36.13,36.13,735000,10.9433486213,10.9781908032,10.490400257,10.490400257,1470000,0.0,1.0
PPG,2000-09-28 00:00:00+00:00,38.75,38.88,37.13,37.69,569700,11.2511212278,11.2888669248,10.7807517726,10.9433486213,1139400,0.0,1.0
PPG,2000-09-29 00:00:00+00:00,39.69,40.5,38.38,38.5,678200,11.5240516524,11.75923638,11.143691167,11.1785333489,1356400,0.0,1.0
PPG,2000-10-02 00:00:00+00:00,39.44,39.69,38.81,39.5,514300,11.4514637735,11.5240516524,11.2685423187,11.4688848645,1028600,0.0,1.0
PPG,2000-10-03 00:00:00+00:00,40.19,41.25,38.94,39.31,650900,11.6692274102,11.9770000167,11.3062880158,11.4137180765,1301800,0.0,1.0
PPG,2000-10-04 00:00:00+00:00,41.13,42.13,39.56,39.56,879400,11.9421578348,12.2325093504,11.4863059554,11.4863059554,1758800,0.0,1.0
PPG,2000-10-05 00:00:00+00:00,40.5,41.75,40.25,41.75,422800,11.75923638,12.1221757745,11.6866485011,12.1221757745,845600,0.0,1.0
PPG,2000-10-06 00:00:00+00:00,40.44,42.06,40.25,40.25,369900,11.7418152891,12.2121847443,11.6866485011,11.6866485011,739800,0.0,1.0
PPG,2000-10-09 00:00:00+00:00,40.69,42.06,40.56,40.63,496900,11.814403168,12.2121847443,11.776657471,11.796982077,993800,0.0,1.0
PPG,2000-10-10 00:00:00+00:00,40.5,41.56,40.13,40.75,520800,11.75923638,12.0670089865,11.6518063193,11.8318242589,1041600,0.0,1.0
PPG,2000-10-11 00:00:00+00:00,39.75,41.19,39.63,39.94,806800,11.5414727434,11.9595789258,11.5066305615,11.5966395313,1613600,0.0,1.0
PPG,2000-10-12 00:00:00+00:00,38.13,39.56,38.0,39.5,724200,11.0711032882,11.4863059554,11.0333575911,11.4688848645,1448400,0.0,1.0
PPG,2000-10-13 00:00:00+00:00,38.0,38.25,37.31,38.0,554300,11.0333575911,11.10594547,10.8330150454,11.0333575911,1108600,0.0,1.0
PPG,2000-10-16 00:00:00+00:00,38.63,38.69,37.69,38.0,1096100,11.2162790459,11.2337001369,10.9433486213,11.0333575911,2192200,0.0,1.0
PPG,2000-10-17 00:00:00+00:00,37.63,39.69,37.5,39.0,470400,10.9259275304,11.5240516524,10.8881818334,11.3237091067,940800,0.0,1.0
PPG,2000-10-18 00:00:00+00:00,38.0,38.25,37.56,37.69,410800,11.0333575911,11.10594547,10.9056029243,10.9433486213,821600,0.0,1.0
PPG,2000-10-19 00:00:00+00:00,38.56,38.63,37.31,38.13,586800,11.1959544398,11.2162790459,10.8330150454,11.0711032882,1173600,0.0,1.0
PPG,2000-10-20 00:00:00+00:00,37.5,38.63,37.44,38.38,736300,10.8881818334,11.2162790459,10.8707607424,11.143691167,1472600,0.0,1.0
PPG,2000-10-23 00:00:00+00:00,37.69,38.25,37.19,37.5,599300,10.9433486213,11.10594547,10.7981728635,10.8881818334,1198600,0.0,1.0
PPG,2000-10-24 00:00:00+00:00,39.13,39.25,37.63,37.69,891800,11.3614548037,11.3962969856,10.9259275304,10.9433486213,1783600,0.0,1.0
PPG,2000-10-25 00:00:00+00:00,37.94,38.5,37.56,38.25,531700,11.0159365002,11.1785333489,10.9056029243,11.10594547,1063400,0.0,1.0
PPG,2000-10-26 00:00:00+00:00,39.19,39.69,37.94,38.06,726600,11.3788758946,11.5240516524,11.0159365002,11.0507786821,1453200,0.0,1.0
PPG,2000-10-27 00:00:00+00:00,40.0,40.0,38.06,39.0,504100,11.6140606222,11.6140606222,11.0507786821,11.3237091067,1008200,0.0,1.0
PPG,2000-10-30 00:00:00+00:00,43.81,43.88,39.75,39.75,1024800,12.7202998965,12.7406245026,11.5414727434,11.5414727434,2049600,0.0,1.0
PPG,2000-10-31 00:00:00+00:00,44.63,44.94,43.44,43.81,931500,12.9583881393,13.0483971091,12.6128698358,12.7202998965,1863000,0.0,1.0
PPG,2000-11-01 00:00:00+00:00,44.13,45.13,43.63,44.63,798200,12.8132123815,13.103563897,12.6680366237,12.9583881393,1596400,0.0,1.0
PPG,2000-11-02 00:00:00+00:00,45.0,45.5,44.0,44.38,858300,13.0658182,13.2109939578,12.7754666845,12.8858002604,1716600,0.0,1.0
PPG,2000-11-03 00:00:00+00:00,45.44,45.5,43.81,44.75,461100,13.1935728669,13.2109939578,12.7202998965,12.9932303211,922200,0.0,1.0
PPG,2000-11-06 00:00:00+00:00,45.0,45.56,44.69,45.19,290300,13.0658182,13.2284150487,12.9758092302,13.120984988,580600,0.0,1.0
PPG,2000-11-07 00:00:00+00:00,45.25,45.69,44.75,45.06,233900,13.1384060789,13.2661607458,12.9932303211,13.083239291,467800,0.0,1.0
PPG,2000-11-08 00:00:00+00:00,45.69,46.13,44.13,44.94,417300,13.382301352,13.5111744663,12.9253875829,13.1626312707,834600,0.4,1.0
PPG,2000-11-09 00:00:00+00:00,45.19,45.5,43.81,45.44,545600,13.2358546311,13.3266515981,12.8316616816,13.3090779916,1091200,0.0,1.0
PPG,2000-11-10 00:00:00+00:00,44.31,45.25,43.88,44.75,328400,12.9781084024,13.2534282376,12.8521642225,13.1069815168,656800,0.0,1.0
PPG,2000-11-13 00:00:00+00:00,44.38,45.38,44.13,44.5,440300,12.9986109433,13.291504385,12.9253875829,13.0337581563,880600,0.0,1.0
PPG,2000-11-14 00:00:00+00:00,44.88,45.06,43.94,44.19,342500,13.1450576642,13.1977784837,12.869737829,12.9429611894,685000,0.0,1.0
PPG,2000-11-15 00:00:00+00:00,45.38,46.13,45.0,45.13,390200,13.291504385,13.5111744663,13.1802048772,13.2182810246,780400,0.0,1.0
PPG,2000-11-16 00:00:00+00:00,43.69,45.38,43.0,45.38,723800,12.7965144685,13.291504385,12.5944179938,13.291504385,1447600,0.0,1.0
PPG,2000-11-17 00:00:00+00:00,43.31,44.81,43.13,43.69,566000,12.6852149607,13.1245551233,12.6324941412,12.7965144685,1132000,0.0,1.0
PPG,2000-11-20 00:00:00+00:00,41.94,42.75,41.31,42.56,1502400,12.2839509455,12.5211946333,12.0994280773,12.4655448794,3004800,0.0,1.0
PPG,2000-11-21 00:00:00+00:00,41.75,42.38,41.38,41.94,726300,12.2283011916,12.4128240599,12.1199306182,12.2839509455,1452600,0.0,1.0
PPG,2000-11-22 00:00:00+00:00,41.5,41.63,40.81,41.63,411500,12.1550778312,12.1931539786,11.9529813564,12.1931539786,823000,0.0,1.0
PPG,2000-11-24 00:00:00+00:00,41.75,42.0,41.56,41.63,167300,12.2283011916,12.301524552,12.1726514377,12.1931539786,334600,0.0,1.0
PPG,2000-11-27 00:00:00+00:00,41.5,41.69,40.44,41.56,603600,12.1550778312,12.2107275851,11.844610783,12.1726514377,1207200,0.0,1.0
PPG,2000-11-28 00:00:00+00:00,41.0,41.75,40.69,41.25,486400,12.0086311103,12.2283011916,11.9178341434,12.0818544708,972800,0.0,1.0
PPG,2000-11-29 00:00:00+00:00,41.5,41.69,41.13,41.25,556100,12.1550778312,12.2107275851,12.0467072578,12.0818544708,1112200,0.0,1.0
PPG,2000-11-30 00:00:00+00:00,41.69,42.0,41.13,41.69,632000,12.2107275851,12.301524552,12.0467072578,12.2107275851,1264000,0.0,1.0
PPG,2000-12-01 00:00:00+00:00,43.06,43.19,41.56,41.56,601600,12.6119916003,12.6500677477,12.1726514377,12.1726514377,1203200,0.0,1.0
PPG,2000-12-04 00:00:00+00:00,44.56,45.0,42.88,43.0,654500,13.0513317628,13.1802048772,12.5592707808,12.5944179938,1309000,0.0,1.0
PPG,2000-12-05 00:00:00+00:00,45.38,45.56,43.88,44.38,984900,13.291504385,13.3442252046,12.8521642225,12.9986109433,1969800,0.0,1.0
PPG,2000-12-06 00:00:00+00:00,44.19,45.19,43.75,45.0,455400,12.9429611894,13.2358546311,12.8140880751,13.1802048772,910800,0.0,1.0
PPG,2000-12-07 00:00:00+00:00,42.0,44.19,41.5,44.19,1224300,12.301524552,12.9429611894,12.1550778312,12.9429611894,2448600,0.0,1.0
PPG,2000-12-08 00:00:00+00:00,43.63,44.0,42.38,42.38,593100,12.778940862,12.8873114355,12.4128240599,12.4128240599,1186200,0.0,1.0
PPG,2000-12-11 00:00:00+00:00,43.0,43.5,42.44,43.44,424400,12.5944179938,12.7408647146,12.4303976664,12.7232911081,848800,0.0,1.0
PPG,2000-12-12 00:00:00+00:00,42.5,44.13,42.44,42.56,585200,12.4479712729,12.9253875829,12.4303976664,12.4655448794,1170400,0.0,1.0
PPG,2000-12-13 00:00:00+00:00,41.38,42.88,41.25,42.88,1012900,12.1199306182,12.5592707808,12.0818544708,12.5592707808,2025800,0.0,1.0
PPG,2000-12-14 00:00:00+00:00,42.19,42.56,40.31,41.44,1138300,12.357174306,12.4655448794,11.8065346355,12.1375042247,2276600,0.0,1.0
PPG,2000-12-15 00:00:00+00:00,41.44,42.56,41.31,42.44,970900,12.1375042247,12.4655448794,12.0994280773,12.4303976664,1941800,0.0,1.0
PPG,2000-12-18 00:00:00+00:00,42.19,43.0,41.63,41.69,619200,12.357174306,12.5944179938,12.1931539786,12.2107275851,1238400,0.0,1.0
PPG,2000-12-19 00:00:00+00:00,43.63,44.13,41.69,42.25,497900,12.778940862,12.9253875829,12.2107275851,12.3747479125,995800,0.0,1.0
PPG,2000-12-20 00:00:00+00:00,42.44,44.38,42.0,44.25,755000,12.4303976664,12.9986109433,12.301524552,12.9605347959,1510000,0.0,1.0
PPG,2000-12-21 00:00:00+00:00,43.5,43.63,42.38,42.5,683500,12.7408647146,12.778940862,12.4128240599,12.4479712729,1367000,0.0,1.0
PPG,2000-12-22 00:00:00+00:00,45.25,45.25,42.94,43.38,529700,13.2534282376,13.2534282376,12.5768443873,12.7057175016,1059400,0.0,1.0
PPG,2000-12-26 00:00:00+00:00,45.06,45.19,43.75,45.0,436200,13.1977784837,13.2358546311,12.8140880751,13.1802048772,872400,0.0,1.0
PPG,2000-12-27 00:00:00+00:00,46.81,46.94,44.13,45.06,682600,13.7103420067,13.7484181541,12.9253875829,13.1977784837,1365200,0.0,1.0
PPG,2000-12-28 00:00:00+00:00,47.31,47.44,45.0,46.5,671400,13.8567887276,13.894864875,13.1802048772,13.6195450398,1342800,0.0,1.0
PPG,2000-12-29 00:00:00+00:00,46.31,47.44,46.13,47.44,457300,13.5638952858,13.894864875,13.5111744663,13.894864875,914600,0.0,1.0
PPG,2001-01-02 00:00:00+00:00,45.44,46.88,45.25,46.75,1138300,13.3090779916,13.7308445476,13.2534282376,13.6927684002,2276600,0.0,1.0
PPG,2001-01-03 00:00:00+00:00,45.5,45.81,44.25,45.44,877900,13.3266515981,13.417448565,12.9605347959,13.3090779916,1755800,0.0,1.0
PPG,2001-01-04 00:00:00+00:00,48.75,48.88,46.63,47.38,1546600,14.2785552836,14.3166314311,13.6576211872,13.8772912685,3093200,0.0,1.0
PPG,2001-01-05 00:00:00+00:00,48.0,49.19,46.81,49.0,1092700,14.0588852023,14.407428398,13.7103420067,14.3517786441,2185400,0.0,1.0
PPG,2001-01-08 00:00:00+00:00,48.56,49.0,47.75,47.75,644900,14.2229055297,14.3517786441,13.9856618419,13.9856618419,1289800,0.0,1.0
PPG,2001-01-09 00:00:00+00:00,46.81,47.69,46.19,47.63,884800,13.7103420067,13.9680882354,13.5287480728,13.9505146289,1769600,0.0,1.0
PPG,2001-01-10 00:00:00+00:00,46.25,46.44,44.44,45.75,1006800,13.5463216793,13.6019714333,13.0161845498,13.3998749585,2013600,0.0,1.0
PPG,2001-01-11 00:00:00+00:00,44.88,46.63,44.19,46.63,880600,13.1450576642,13.6576211872,12.9429611894,13.6576211872,1761200,0.0,1.0
PPG,2001-01-12 00:00:00+00:00,44.88,45.19,43.81,45.19,469700,13.1450576642,13.2358546311,12.8316616816,13.2358546311,939400,0.0,1.0
PPG,2001-01-16 00:00:00+00:00,46.06,46.06,43.75,44.38,526100,13.4906719254,13.4906719254,12.8140880751,12.9986109433,1052200,0.0,1.0
PPG,2001-01-17 00:00:00+00:00,44.94,46.13,44.44,45.88,644200,13.1626312707,13.5111744663,13.0161845498,13.4379511059,1288400,0.0,1.0
PPG,2001-01-18 00:00:00+00:00,45.0,45.31,44.0,45.19,569000,13.1802048772,13.2710018441,12.8873114355,13.2358546311,1138000,0.0,1.0
PPG,2001-01-19 00:00:00+00:00,43.94,44.69,43.38,44.69,563500,12.869737829,13.0894079103,12.7057175016,13.0894079103,1127000,0.0,1.0
PPG,2001-01-22 00:00:00+00:00,44.38,44.81,43.0,43.94,689600,12.9986109433,13.1245551233,12.5944179938,12.869737829,1379200,0.0,1.0
PPG,2001-01-23 00:00:00+00:00,44.63,45.5,44.38,44.38,357600,13.0718343038,13.3266515981,12.9986109433,12.9986109433,715200,0.0,1.0
PPG,2001-01-24 00:00:00+00:00,45.13,45.25,44.19,44.25,492700,13.2182810246,13.2534282376,12.9429611894,12.9605347959,985400,0.0,1.0
PPG,2001-01-25 00:00:00+00:00,45.94,46.19,44.81,45.0,701900,13.4555247124,13.5287480728,13.1245551233,13.1802048772,1403800,0.0,1.0
PPG,2001-01-26 00:00:00+00:00,45.19,46.38,44.81,46.25,670200,13.2358546311,13.5843978268,13.1245551233,13.5463216793,1340400,0.0,1.0
PPG,2001-01-29 00:00:00+00:00,45.45,45.84,44.69,44.95,418200,13.312006926,13.4262353682,13.0894079103,13.1655602051,836400,0.0,1.0
PPG,2001-01-30 00:00:00+00:00,45.8,45.95,44.68,45.7,1326900,13.4145196306,13.4584536468,13.0864789758,13.3852302864,2653800,0.0,1.0
PPG,2001-01-31 00:00:00+00:00,46.18,46.55,45.6,46.4,1635600,13.5258191384,13.6341897119,13.3559409422,13.5902556956,3271200,0.0,1.0
PPG,2001-02-01 00:00:00+00:00,46.85,47.14,46.19,46.85,986900,13.7220577444,13.8069968425,13.5287480728,13.7220577444,1973800,0.0,1.0
PPG,2001-02-02 00:00:00+00:00,47.68,47.98,46.75,46.75,1268400,13.965159301,14.0530273335,13.6927684002,13.6927684002,2536800,0.0,1.0
PPG,2001-02-05 00:00:00+00:00,49.25,49.31,47.25,47.5,1071300,14.4250020045,14.442575611,13.8392151211,13.9124384815,2142600,0.0,1.0
PPG,2001-02-06 00:00:00+00:00,49.74,49.74,48.65,49.23,1070000,14.5685197909,14.5685197909,14.2492659395,14.4191441357,2140000,0.0,1.0
PPG,2001-02-07 00:00:00+00:00,48.96,49.75,48.7,49.52,642700,14.3400629064,14.5714487253,14.2639106115,14.5040832337,1285400,0.0,1.0
PPG,2001-02-08 00:00:00+00:00,49.69,49.85,48.5,49.4,1861300,14.5538751188,14.6007380695,14.2053319232,14.4689360207,3722600,0.0,1.0
PPG,2001-02-09 00:00:00+00:00,49.65,50.48,49.6,50.0,935100,14.5421593812,14.7852609378,14.5275147091,14.6446720858,1870200,0.0,1.0
PPG,2001-02-12 00:00:00+00:00,50.28,50.45,49.15,49.65,855100,14.7266822495,14.7764741345,14.3957126603,14.5421593812,1710200,0.0,1.0
PPG,2001-02-13 00:00:00+00:00,50.19,51.1,50.07,50.15,543600,14.7003218397,14.9668548717,14.6651746267,14.688606102,1087200,0.0,1.0
PPG,2001-02-14 00:00:00+00:00,50.35,50.98,50.0,50.4,509900,14.7471847904,14.9317076587,14.6446720858,14.7618294625,1019800,0.0,1.0
PPG,2001-02-15 00:00:00+00:00,51.0,51.0,49.85,49.85,1118100,15.060580773,15.060580773,14.7209794419,14.7209794419,2236200,0.42,1.0
PPG,2001-02-16 00:00:00+00:00,49.6,50.86,49.1,50.85,484900,14.6471530655,15.0192380023,14.4995003128,15.0162849472,969800,0.0,1.0
PPG,2001-02-20 00:00:00+00:00,49.99,50.57,49.6,49.6,574400,14.7623222126,14.9335994057,14.6471530655,14.6471530655,1148800,0.0,1.0
PPG,2001-02-21 00:00:00+00:00,49.44,50.05,49.2,49.75,849000,14.5999041847,14.7800405429,14.5290308634,14.6914488913,1698000,0.0,1.0
PPG,2001-02-22 00:00:00+00:00,49.94,50.5,49.2,49.65,710100,14.7475569373,14.9129280203,14.5290308634,14.6619183408,1420200,0.0,1.0
PPG,2001-02-23 00:00:00+00:00,49.5,50.77,48.6,50.77,605400,14.617622515,14.9926605068,14.3518475602,14.9926605068,1210800,0.0,1.0
PPG,2001-02-26 00:00:00+00:00,51.17,51.25,50.21,50.25,564400,15.1107827089,15.1344071493,14.8272894238,14.839101644,1128800,0.0,1.0
PPG,2001-02-27 00:00:00+00:00,50.84,51.31,50.35,51.2,443600,15.0133318922,15.1521254797,14.8686321945,15.1196418741,887200,0.0,1.0
PPG,2001-02-28 00:00:00+00:00,51.1,51.6,50.9,50.95,850400,15.0901113235,15.2377640762,15.0310502225,15.0458154977,1700800,0.0,1.0
PPG,2001-03-01 00:00:00+00:00,51.18,51.6,50.43,51.2,722100,15.113735764,15.2377640762,14.892256635,15.1196418741,1444200,0.0,1.0
PPG,2001-03-02 00:00:00+00:00,52.38,52.49,51.05,51.05,568900,15.4681023704,15.500585976,15.0753460483,15.0753460483,1137800,0.0,1.0
PPG,2001-03-05 00:00:00+00:00,53.4,53.65,52.65,52.78,734400,15.7693139859,15.8431403622,15.5478348568,15.5862245725,1468800,0.0,1.0
PPG,2001-03-06 00:00:00+00:00,53.4,53.7,53.11,53.41,456500,15.7693139859,15.8579056375,15.6836753893,15.7722670409,913000,0.0,1.0
PPG,2001-03-07 00:00:00+00:00,54.91,54.91,53.45,53.45,1042000,16.2152252989,16.2152252989,15.7840792611,15.7840792611,2084000,0.0,1.0
PPG,2001-03-08 00:00:00+00:00,55.48,55.5,53.35,54.97,1599200,16.383549437,16.3894555471,15.7545487106,16.2329436293,3198400,0.0,1.0
PPG,2001-03-09 00:00:00+00:00,55.5,55.5,54.23,55.33,799300,16.3894555471,16.3894555471,16.0144175553,16.3392536112,1598600,0.0,1.0
PPG,2001-03-12 00:00:00+00:00,54.7,55.0,54.25,54.9,907800,16.1532111428,16.2418027944,16.0203236654,16.2122722439,1815600,0.0,1.0
PPG,2001-03-13 00:00:00+00:00,52.66,54.69,51.75,54.69,942200,15.5507879119,16.1502580878,15.282059902,16.1502580878,1884400,0.0,1.0
PPG,2001-03-14 00:00:00+00:00,51.14,52.48,50.5,52.3,1043700,15.1019235438,15.4976329209,14.9129280203,15.44447793,2087400,0.0,1.0
PPG,2001-03-15 00:00:00+00:00,50.74,51.2,50.4,51.0,618300,14.9838013416,15.1196418741,14.8833974698,15.060580773,1236600,0.0,1.0
PPG,2001-03-16 00:00:00+00:00,49.9,51.2,49.9,49.9,961000,14.7357447171,15.1196418741,14.7357447171,14.7357447171,1922000,0.0,1.0
PPG,2001-03-19 00:00:00+00:00,51.14,51.67,49.65,49.65,1193200,15.1019235438,15.2584354616,14.6619183408,14.6619183408,2386400,0.0,1.0
PPG,2001-03-20 00:00:00+00:00,50.52,52.5,49.5,50.6,885000,14.9188341304,15.503539031,14.617622515,14.9424585709,1770000,0.0,1.0
PPG,2001-03-21 00:00:00+00:00,48.95,50.1,48.6,50.1,806100,14.455204487,14.7948058182,14.3518475602,14.7948058182,1612200,0.0,1.0
PPG,2001-03-22 00:00:00+00:00,47.11,48.75,45.6,48.75,885100,13.9118423572,14.396143386,13.4659310441,14.396143386,1770200,0.0,1.0
PPG,2001-03-23 00:00:00+00:00,45.96,46.74,45.52,46.35,1653200,13.572241026,13.8025793202,13.4423066037,13.6874101731,3306400,0.0,1.0
PPG,2001-03-26 00:00:00+00:00,46.59,47.2,45.8,46.0,1278300,13.7582834944,13.9384198527,13.5249921452,13.5840532462,2556600,0.0,1.0
PPG,2001-03-27 00:00:00+00:00,46.95,47.5,46.01,47.5,1196100,13.8645934763,14.0270115043,13.5870063013,14.0270115043,2392200,0.0,1.0
PPG,2001-03-28 00:00:00+00:00,46.98,47.03,45.3,46.7,676900,13.8734526415,13.8882179168,13.3773393925,13.7907671,1353800,0.0,1.0
PPG,2001-03-29 00:00:00+00:00,46.38,47.39,45.92,46.98,906100,13.6962693383,13.9945278987,13.5604288058,13.8734526415,1812200,0.0,1.0
PPG,2001-03-30 00:00:00+00:00,46.09,46.63,45.57,46.63,731700,13.6106307417,13.7700957146,13.4570718789,13.7700957146,1463400,0.0,1.0
PPG,2001-04-02 00:00:00+00:00,47.4,48.28,46.71,47.09,1280300,13.9974809537,14.2573497984,13.793720155,13.9059362471,2560600,0.0,1.0
PPG,2001-04-03 00:00:00+00:00,45.8,47.36,45.55,47.36,842500,13.5249921452,13.9856687335,13.4511657688,13.9856687335,1685000,0.0,1.0
PPG,2001-04-04 00:00:00+00:00,47.87,49.05,46.4,46.4,1496700,14.1362745413,14.4847350376,13.7021754484,13.7021754484,2993400,0.0,1.0
PPG,2001-04-05 00:00:00+00:00,49.15,49.36,48.05,48.05,566400,14.5142655881,14.5762797442,14.1894295322,14.1894295322,1132800,0.0,1.0
PPG,2001-04-06 00:00:00+00:00,48.02,49.05,47.3,49.05,536900,14.1805703671,14.4847350376,13.9679504032,14.4847350376,1073800,0.0,1.0
PPG,2001-04-09 00:00:00+00:00,48.43,50.05,48.3,48.4,828700,14.3016456243,14.7800405429,14.2632559086,14.2927864591,1657400,0.0,1.0
PPG,2001-04-10 00:00:00+00:00,50.32,50.85,48.85,49.25,1020700,14.8597730294,15.0162849472,14.4256739365,14.5437961386,2041400,0.0,1.0
PPG,2001-04-11 00:00:00+00:00,49.94,50.5,49.31,50.3,842300,14.7475569373,14.9129280203,14.561514469,14.8538669193,1684600,0.0,1.0
PPG,2001-04-12 00:00:00+00:00,50.25,50.7,48.6,50.0,775500,14.839101644,14.9719891214,14.3518475602,14.7652752677,1551000,0.0,1.0
PPG,2001-04-16 00:00:00+00:00,50.15,51.5,49.6,49.95,710400,14.8095710935,15.2082335257,14.6471530655,14.7505099924,1420800,0.0,1.0
PPG,2001-04-17 00:00:00+00:00,50.19,50.5,49.1,50.07,669100,14.8213833137,14.9129280203,14.4995003128,14.785946653,1338200,0.0,1.0
PPG,2001-04-18 00:00:00+00:00,52.04,52.59,49.5,50.0,752000,15.3676984986,15.5301165265,14.617622515,14.7652752677,1504000,0.0,1.0
PPG,2001-04-19 00:00:00+00:00,52.64,52.76,51.35,52.75,1632400,15.5448818018,15.5803184624,15.1639376999,15.5773654074,3264800,0.0,1.0
PPG,2001-04-20 00:00:00+00:00,52.85,53.73,52.66,53.25,1183900,15.6068959579,15.8667648026,15.5507879119,15.7250181601,2367800,0.0,1.0
PPG,2001-04-23 00:00:00+00:00,52.78,53.95,52.25,52.7,975400,15.5862245725,15.9317320138,15.4297126547,15.5626001321,1950800,0.0,1.0
PPG,2001-04-24 00:00:00+00:00,52.87,54.09,52.71,52.8,764800,15.612802068,15.9730747845,15.5655531872,15.5921306826,1529600,0.0,1.0
PPG,2001-04-25 00:00:00+00:00,53.4,53.4,52.25,52.25,746800,15.7693139859,15.7693139859,15.4297126547,15.4297126547,1493600,0.0,1.0
PPG,2001-04-26 00:00:00+00:00,54.34,54.9,53.1,53.4,622400,16.0469011609,16.2122722439,15.6807223343,15.7693139859,1244800,0.0,1.0
PPG,2001-04-27 00:00:00+00:00,53.71,54.82,53.5,53.5,1045500,15.8608586925,16.1886478035,15.7988445364,15.7988445364,2091000,0.0,1.0
PPG,2001-04-30 00:00:00+00:00,53.15,53.9,52.76,53.71,991100,15.6954876095,15.9169667385,15.5803184624,15.8608586925,1982200,0.0,1.0
PPG,2001-05-01 00:00:00+00:00,53.15,53.6,52.86,53.15,943200,15.6954876095,15.8283750869,15.609849013,15.6954876095,1886400,0.0,1.0
PPG,2001-05-02 00:00:00+00:00,54.08,54.2,52.81,53.05,908900,15.9701217295,16.0055583901,15.5950837377,15.665957059,1817800,0.0,1.0
PPG,2001-05-03 00:00:00+00:00,54.05,54.14,53.25,54.08,708600,15.9612625643,15.9878400598,15.7250181601,15.9701217295,1417200,0.0,1.0
PPG,2001-05-04 00:00:00+00:00,55.14,55.3,53.26,53.5,868000,16.2831455652,16.330394446,15.7279712151,15.7988445364,1736000,0.0,1.0
PPG,2001-05-07 00:00:00+00:00,54.73,55.95,54.65,55.09,846200,16.162070308,16.5223430245,16.1384458675,16.2683802899,1692400,0.0,1.0
PPG,2001-05-08 00:00:00+00:00,54.93,55.26,54.55,54.85,498000,16.3451597213,16.4433556563,16.2320856144,16.3213546461,996000,0.42,1.0
PPG,2001-05-09 00:00:00+00:00,55.12,55.53,54.37,54.4,666700,16.4016967748,16.5236977849,16.1785241953,16.1874510985,1333400,0.0,1.0
PPG,2001-05-10 00:00:00+00:00,55.76,56.1,54.9,55.0,596300,16.5921373759,16.6933089453,16.3362328181,16.365989162,1192600,0.0,1.0
PPG,2001-05-11 00:00:00+00:00,55.38,55.48,54.66,55.4,495400,16.479063269,16.5088196129,16.2648175927,16.4850145378,990800,0.0,1.0
PPG,2001-05-14 00:00:00+00:00,56.38,56.38,55.29,55.7,703800,16.7766267083,16.7766267083,16.4522825594,16.5742835696,1407600,0.0,1.0
PPG,2001-05-15 00:00:00+00:00,56.78,56.78,56.12,56.4,866000,16.895652084,16.895652084,16.6992602141,16.7825779771,1732000,0.0,1.0
PPG,2001-05-16 00:00:00+00:00,59.22,59.22,56.7,56.71,1096000,17.6217068759,17.6217068759,16.8718470089,16.8748226433,2192000,0.0,1.0
PPG,2001-05-17 00:00:00+00:00,59.11,59.75,57.99,59.05,1560600,17.5889748976,17.7794154988,17.2557038456,17.5711210913,3121200,0.0,1.0
PPG,2001-05-18 00:00:00+00:00,58.99,59.11,58.11,59.11,795000,17.5532672849,17.5889748976,17.2914114583,17.5889748976,1590000,0.0,1.0
PPG,2001-05-21 00:00:00+00:00,59.54,59.7,58.5,59.0,514600,17.7169271765,17.7645373268,17.4074611996,17.5562429193,1029200,0.0,1.0
PPG,2001-05-22 00:00:00+00:00,59.3,59.3,58.55,59.3,675700,17.6455119511,17.6455119511,17.4223393716,17.6455119511,1351400,0.0,1.0
PPG,2001-05-23 00:00:00+00:00,58.15,59.22,58.01,59.0,660800,17.3033139959,17.6217068759,17.2616551144,17.5562429193,1321600,0.0,1.0
PPG,2001-05-24 00:00:00+00:00,55.85,57.2,54.9,56.5,1631200,16.6189180855,17.0206287285,16.3362328181,16.812334321,3262400,0.0,1.0
PPG,2001-05-25 00:00:00+00:00,55.78,56.3,55.75,55.85,801800,16.5980886447,16.7528216331,16.5891617415,16.6189180855,1603600,0.0,1.0
PPG,2001-05-29 00:00:00+00:00,56.23,56.53,55.5,55.5,475600,16.7319921924,16.8212612242,16.5147708817,16.5147708817,951200,0.0,1.0
PPG,2001-05-30 00:00:00+00:00,55.49,56.45,55.3,56.3,465800,16.5117952473,16.797456149,16.4552581938,16.7528216331,931600,0.0,1.0
PPG,2001-05-31 00:00:00+00:00,55.6,56.15,55.2,55.2,622100,16.5445272256,16.7081871173,16.4255018499,16.4255018499,1244200,0.0,1.0
PPG,2001-06-01 00:00:00+00:00,54.78,55.35,54.0,55.35,920600,16.3005252054,16.4701363658,16.0684257227,16.4701363658,1841200,0.0,1.0
PPG,2001-06-04 00:00:00+00:00,55.09,55.22,54.0,54.0,929900,16.3927698716,16.4314531187,16.0684257227,16.0684257227,1859800,0.0,1.0
PPG,2001-06-05 00:00:00+00:00,55.49,55.8,53.78,55.1,572300,16.5117952473,16.6040399135,16.0029617661,16.395745506,1144600,0.0,1.0
PPG,2001-06-06 00:00:00+00:00,55.19,55.92,55.05,55.1,400000,16.4225262155,16.6397475262,16.380867334,16.395745506,800000,0.0,1.0
PPG,2001-06-07 00:00:00+00:00,55.37,56.03,54.68,54.7,586800,16.4760876346,16.6724795045,16.2707688615,16.2767201303,1173600,0.0,1.0
PPG,2001-06-08 00:00:00+00:00,54.75,55.4,54.6,55.3,343000,16.2915983022,16.4850145378,16.2469637863,16.4552581938,686000,0.0,1.0
PPG,2001-06-11 00:00:00+00:00,54.17,54.75,53.67,54.75,649700,16.1190115074,16.2915983022,15.9702297878,16.2915983022,1299400,0.0,1.0
PPG,2001-06-12 00:00:00+00:00,54.09,54.25,53.55,54.16,481500,16.0952064323,16.1428165826,15.934522175,16.116035873,963000,0.0,1.0
PPG,2001-06-13 00:00:00+00:00,54.29,54.88,53.9,53.9,378100,16.1547191201,16.3302815493,16.0386693788,16.0386693788,756200,0.0,1.0
PPG,2001-06-14 00:00:00+00:00,52.84,54.11,52.76,54.05,614800,15.7232521331,16.1011577011,15.699447058,16.0833038947,1229600,0.0,1.0
PPG,2001-06-15 00:00:00+00:00,52.17,53.1,52.17,52.2,868100,15.5238846288,15.8006186274,15.5238846288,15.532811532,1736200,0.0,1.0
PPG,2001-06-18 00:00:00+00:00,52.04,52.48,51.6,52.18,492500,15.4852013817,15.616129295,15.3542734684,15.5268602632,985000,0.0,1.0
PPG,2001-06-19 00:00:00+00:00,52.89,52.97,52.14,52.2,847900,15.7381303051,15.7619353802,15.5149577256,15.532811532,1695800,0.0,1.0
PPG,2001-06-20 00:00:00+00:00,53.19,55.0,52.9,52.9,416900,15.8273993369,16.365989162,15.7411059395,15.7411059395,833800,0.0,1.0
PPG,2001-06-21 00:00:00+00:00,52.73,53.15,51.9,52.95,530300,15.6905201548,15.8154967993,15.4435425002,15.7559841115,1060600,0.0,1.0
PPG,2001-06-22 00:00:00+00:00,51.5,52.78,51.35,52.5,534900,15.3245171245,15.7053983268,15.2798826086,15.6220805638,1069800,0.0,1.0
PPG,2001-06-25 00:00:00+00:00,51.25,51.85,50.85,51.75,485000,15.2501262646,15.4286643282,15.1311008889,15.3989079843,970000,0.0,1.0
PPG,2001-06-26 00:00:00+00:00,51.76,52.23,50.5,51.1,591600,15.4018836187,15.5417384352,15.0269536852,15.2054917487,1183200,0.0,1.0
PPG,2001-06-27 00:00:00+00:00,51.96,52.42,51.52,51.65,567100,15.4613963065,15.5982754886,15.3304683932,15.3691516404,1134200,0.0,1.0
PPG,2001-06-28 00:00:00+00:00,51.85,52.58,51.79,52.0,709200,15.4286643282,15.6458856389,15.4108105219,15.4732988441,1418400,0.0,1.0
PPG,2001-06-29 00:00:00+00:00,52.57,52.9,51.41,51.6,581900,15.6429100045,15.7411059395,15.2977364149,15.3542734684,1163800,0.0,1.0
PPG,2001-07-02 00:00:00+00:00,53.01,53.26,51.7,52.35,566800,15.7738379178,15.8482287776,15.3840298123,15.5774460479,1133600,0.0,1.0
PPG,2001-07-03 00:00:00+00:00,52.62,52.71,51.8,52.5,337500,15.6577881765,15.684568886,15.4137861563,15.6220805638,675000,0.0,1.0
PPG,2001-07-05 00:00:00+00:00,53.07,53.46,52.16,52.52,449600,15.7916917242,15.9077414655,15.5209089944,15.6280318326,899200,0.0,1.0
PPG,2001-07-06 00:00:00+00:00,51.78,53.32,51.62,53.32,423500,15.4078348875,15.866082584,15.3602247372,15.866082584,847000,0.0,1.0
PPG,2001-07-09 00:00:00+00:00,52.86,52.94,51.78,51.78,439500,15.7292034019,15.7530084771,15.4078348875,15.4078348875,879000,0.0,1.0
PPG,2001-07-10 00:00:00+00:00,52.15,53.19,52.1,53.0,420200,15.51793336,15.8273993369,15.503055188,15.7708622834,840400,0.0,1.0
PPG,2001-07-11 00:00:00+00:00,52.34,53.0,51.88,52.15,429900,15.5744704135,15.7708622834,15.4375912314,15.51793336,859800,0.0,1.0
PPG,2001-07-12 00:00:00+00:00,53.65,53.75,51.95,52.2,486400,15.964278519,15.9940348629,15.4584206722,15.532811532,972800,0.0,1.0
PPG,2001-07-13 00:00:00+00:00,52.96,53.71,52.62,53.3,628800,15.7589597459,15.9821323253,15.6577881765,15.8601313152,1257600,0.0,1.0
PPG,2001-07-16 00:00:00+00:00,52.27,53.0,52.08,52.75,589600,15.5536409727,15.7708622834,15.4971039193,15.6964714236,1179200,0.0,1.0
PPG,2001-07-17 00:00:00+00:00,52.35,52.65,51.85,51.9,488000,15.5774460479,15.6667150797,15.4286643282,15.4435425002,976000,0.0,1.0
PPG,2001-07-18 00:00:00+00:00,53.59,53.69,52.0,52.25,390200,15.9464247126,15.9761810566,15.4732988441,15.5476897039,780400,0.0,1.0
PPG,2001-07-19 00:00:00+00:00,54.65,55.2,54.02,54.25,688500,16.2618419583,16.4255018499,16.0743769915,16.1428165826,1377000,0.0,1.0
PPG,2001-07-20 00:00:00+00:00,54.54,54.9,53.89,54.65,791400,16.22910998,16.3362328181,16.0356937444,16.2618419583,1582800,0.0,1.0
PPG,2001-07-23 00:00:00+00:00,53.42,54.65,53.28,54.55,505400,15.8958389279,16.2618419583,15.8541800464,16.2320856144,1010800,0.0,1.0
PPG,2001-07-24 00:00:00+00:00,51.85,53.38,51.51,53.38,502400,15.4286643282,15.8839363904,15.3274927589,15.8839363904,1004800,0.0,1.0
PPG,2001-07-25 00:00:00+00:00,53.95,53.95,51.7,51.7,508000,16.0535475508,16.0535475508,15.3840298123,15.3840298123,1016000,0.0,1.0
PPG,2001-07-26 00:00:00+00:00,53.8,53.8,52.57,53.47,458400,16.0089130349,16.0089130349,15.6429100045,15.9107170999,916800,0.0,1.0
PPG,2001-07-27 00:00:00+00:00,54.01,54.6,53.21,53.6,527300,16.0714013571,16.2469637863,15.8333506057,15.949400347,1054600,0.0,1.0
PPG,2001-07-30 00:00:00+00:00,53.35,54.2,52.5,54.01,520200,15.8750094872,16.1279384106,15.6220805638,16.0714013571,1040400,0.0,1.0
PPG,2001-07-31 00:00:00+00:00,54.95,54.95,53.45,53.45,458000,16.3511109901,16.3511109901,15.9047658311,15.9047658311,916000,0.0,1.0
PPG,2001-08-01 00:00:00+00:00,54.63,55.24,53.95,54.7,390400,16.2558906895,16.4374043875,16.0535475508,16.2767201303,780800,0.0,1.0
PPG,2001-08-02 00:00:00+00:00,55.48,55.78,54.49,55.35,371100,16.5088196129,16.5980886447,16.214231808,16.4701363658,742200,0.0,1.0
PPG,2001-08-03 00:00:00+00:00,55.42,55.48,55.02,55.35,291300,16.4909658066,16.5088196129,16.3719404308,16.4701363658,582600,0.0,1.0
PPG,2001-08-06 00:00:00+00:00,55.2,55.65,55.05,55.05,324800,16.4255018499,16.5594053976,16.380867334,16.380867334,649600,0.0,1.0
PPG,2001-08-07 00:00:00+00:00,55.29,55.5,55.0,55.4,260300,16.4522825594,16.5147708817,16.365989162,16.4850145378,520600,0.0,1.0
PPG,2001-08-08 00:00:00+00:00,54.19,55.55,54.1,54.87,332800,16.2499394207,16.6577622222,16.2229511471,16.4538508215,665600,0.42,1.0
PPG,2001-08-09 00:00:00+00:00,53.97,54.35,53.6,54.35,368600,16.1839680852,16.2979185738,16.0730162936,16.2979185738,737200,0.0,1.0
PPG,2001-08-10 00:00:00+00:00,54.53,54.66,53.5,54.2,433400,16.3518951211,16.390878183,16.0430293229,16.2529381178,866800,0.0,1.0
PPG,2001-08-13 00:00:00+00:00,54.77,54.8,54.0,54.55,565900,16.4238638508,16.432859942,16.1929641764,16.3578925152,1131800,0.0,1.0
PPG,2001-08-14 00:00:00+00:00,54.89,55.03,54.37,54.82,251600,16.4598482156,16.5018299746,16.303915968,16.4388573361,503200,0.0,1.0
PPG,2001-08-15 00:00:00+00:00,54.22,55.25,54.2,54.5,469200,16.2589355119,16.5678013101,16.2529381178,16.3428990299,938400,0.0,1.0
PPG,2001-08-16 00:00:00+00:00,54.08,54.39,53.3,54.3,416600,16.2169537529,16.3099133621,15.9830553815,16.2829250885,833200,0.0,1.0
PPG,2001-08-17 00:00:00+00:00,53.25,54.18,52.5,53.4,855200,15.9680618962,16.2469407236,15.7431596159,16.0130423522,1710400,0.0,1.0
PPG,2001-08-20 00:00:00+00:00,52.5,53.1,51.75,53.1,1172400,15.7431596159,15.9230814401,15.5182573357,15.9230814401,2344800,0.0,1.0
PPG,2001-08-21 00:00:00+00:00,52.91,53.25,52.21,52.25,1048700,15.8661061958,15.9680618962,15.6561974009,15.6681921892,2097400,0.0,1.0
PPG,2001-08-22 00:00:00+00:00,53.47,53.68,52.44,53.15,490900,16.0340332317,16.0970058702,15.7251674335,15.9380749255,981800,0.0,1.0
PPG,2001-08-23 00:00:00+00:00,53.51,53.85,52.98,53.45,266000,16.04602802,16.1479837203,15.8870970753,16.0280358376,532000,0.0,1.0
PPG,2001-08-24 00:00:00+00:00,54.78,54.99,53.58,53.7,489300,16.4268625478,16.4898351863,16.0670188995,16.1030032643,978600,0.0,1.0
PPG,2001-08-27 00:00:00+00:00,54.85,55.39,54.64,54.8,386700,16.4478534273,16.6097830691,16.3848807889,16.432859942,773400,0.0,1.0
PPG,2001-08-28 00:00:00+00:00,54.07,54.6,53.95,54.6,329400,16.2139550559,16.3728860006,16.177970691,16.3728860006,658800,0.0,1.0
PPG,2001-08-29 00:00:00+00:00,53.33,54.67,53.1,53.7,344900,15.9920514727,16.3938768801,15.9230814401,16.1030032643,689800,0.0,1.0
PPG,2001-08-30 00:00:00+00:00,52.87,53.95,52.8,53.95,384200,15.8541114075,16.177970691,15.833120528,16.177970691,768400,0.0,1.0
PPG,2001-08-31 00:00:00+00:00,54.12,54.46,52.52,52.52,569900,16.2289485412,16.3309042416,15.7491570101,15.7491570101,1139800,0.0,1.0
PPG,2001-09-04 00:00:00+00:00,55.02,55.45,53.65,54.05,572200,16.4988312775,16.6277752515,16.088009779,16.2079576617,1144400,0.0,1.0
PPG,2001-09-05 00:00:00+00:00,54.87,55.3,54.5,55.02,858200,16.4538508215,16.5827947955,16.3428990299,16.4988312775,1716400,0.0,1.0
PPG,2001-09-06 00:00:00+00:00,54.21,54.99,54.2,54.62,943300,16.2559368149,16.4898351863,16.2529381178,16.3788833947,1886600,0.0,1.0
PPG,2001-09-07 00:00:00+00:00,51.87,54.2,51.69,54.15,952800,15.5542417005,16.2529381178,15.5002651533,16.2379446324,1905600,0.0,1.0
PPG,2001-09-10 00:00:00+00:00,50.88,52.1,50.63,51.87,888700,15.2573706906,15.6232117331,15.1824032639,15.5542417005,1777400,0.0,1.0
PPG,2001-09-17 00:00:00+00:00,45.1,47.86,45.1,46.0,961600,13.5241237844,14.3517641756,13.5241237844,13.7940065206,1923200,0.0,1.0
PPG,2001-09-18 00:00:00+00:00,45.0,46.6,44.4,45.25,984800,13.4941368137,13.9739283448,13.3142149895,13.5691042404,1969600,0.0,1.0
PPG,2001-09-19 00:00:00+00:00,44.62,45.75,42.99,45.75,1693800,13.380186325,13.7190390939,12.8913987026,13.7190390939,3387600,0.0,1.0
PPG,2001-09-20 00:00:00+00:00,41.93,44.2,41.91,44.2,799800,12.5735368133,13.2542410481,12.5675394191,13.2542410481,1599600,0.0,1.0
PPG,2001-09-21 00:00:00+00:00,40.71,41.94,38.99,41.94,1322900,12.2076957708,12.5765355103,11.6919198748,12.5765355103,2645800,0.0,1.0
PPG,2001-09-24 00:00:00+00:00,43.0,43.02,41.8,43.02,629600,12.8943973997,12.9003947939,12.5345537514,12.9003947939,1259200,0.0,1.0
PPG,2001-09-25 00:00:00+00:00,43.08,43.9,41.95,43.15,927700,12.9183869763,13.164280136,12.5795342074,12.9393778558,1855400,0.0,1.0
PPG,2001-09-26 00:00:00+00:00,42.5,43.35,42.33,43.35,583800,12.7444625462,12.9993517972,12.693484696,12.9993517972,1167600,0.0,1.0
PPG,2001-09-27 00:00:00+00:00,43.05,43.09,42.2,42.45,790600,12.9093908851,12.9213856733,12.6545016341,12.7294690609,1581200,0.0,1.0
PPG,2001-09-28 00:00:00+00:00,45.75,45.75,43.27,43.3,855300,13.7190390939,13.7190390939,12.9753622206,12.9843583118,1710600,0.0,1.0
PPG,2001-10-01 00:00:00+00:00,45.54,45.75,44.15,45.64,736400,13.6560664554,13.7190390939,13.2392475627,13.6860534261,1472800,0.0,1.0
PPG,2001-10-02 00:00:00+00:00,46.13,46.25,45.22,45.3,430600,13.8329895825,13.8689739474,13.5601081492,13.5840977258,861200,0.0,1.0
PPG,2001-10-03 00:00:00+00:00,47.36,47.49,45.65,47.49,718500,14.2018293221,14.240812384,13.6890521232,14.240812384,1437000,0.0,1.0
PPG,2001-10-04 00:00:00+00:00,47.01,47.35,46.55,47.35,541900,14.0968749247,14.198830625,13.9589348595,14.198830625,1083800,0.0,1.0
PPG,2001-10-05 00:00:00+00:00,47.5,48.4,46.7,48.4,559000,14.2438110811,14.5136938174,14.0039153155,14.5136938174,1118000,0.0,1.0
PPG,2001-10-08 00:00:00+00:00,46.31,47.04,46.1,47.04,470400,13.8869661298,14.1058710159,13.8239934913,14.1058710159,940800,0.0,1.0
PPG,2001-10-09 00:00:00+00:00,47.0,47.48,45.7,47.48,407900,14.0938762276,14.2378136869,13.7040456085,14.2378136869,815800,0.0,1.0
PPG,2001-10-10 00:00:00+00:00,48.3,48.56,46.15,46.25,797700,14.4837068467,14.5616729705,13.8389869767,13.8689739474,1595400,0.0,1.0
PPG,2001-10-11 00:00:00+00:00,50.68,51.0,48.15,48.4,849100,15.1973967493,15.2933550555,14.4387263906,14.5136938174,1698200,0.0,1.0
PPG,2001-10-12 00:00:00+00:00,49.64,50.4,49.54,50.0,1018200,14.885532254,15.1134332313,14.8555452833,14.9934853485,2036400,0.0,1.0
PPG,2001-10-15 00:00:00+00:00,49.41,50.14,48.81,49.39,490300,14.8165622214,15.0354671075,14.6366403972,14.8105648273,980600,0.0,1.0
PPG,2001-10-16 00:00:00+00:00,49.83,50.3,48.76,49.8,494500,14.9425074983,15.0834462606,14.6216469119,14.9335114071,989000,0.0,1.0
PPG,2001-10-17 00:00:00+00:00,49.15,50.9,48.57,50.25,814500,14.7385960976,15.2633680848,14.5646716675,15.0684527753,1629000,0.0,1.0
PPG,2001-10-18 00:00:00+00:00,48.54,49.5,48.34,49.02,632100,14.5556755763,14.843550495,14.4957016349,14.6996130357,1264200,0.0,1.0
PPG,2001-10-19 00:00:00+00:00,48.42,49.35,47.95,49.25,908300,14.5196912115,14.798570039,14.3787524492,14.7685830683,1816600,0.0,1.0
PPG,2001-10-22 00:00:00+00:00,50.3,50.49,48.1,48.2,872600,15.0834462606,15.1404215049,14.4237329053,14.453719876,1745200,0.0,1.0
PPG,2001-10-23 00:00:00+00:00,50.2,50.7,49.45,50.19,693000,15.0534592899,15.2033941434,14.8285570097,15.0504605928,1386000,0.0,1.0
PPG,2001-10-24 00:00:00+00:00,50.0,50.51,49.2,50.51,775800,14.9934853485,15.1464188991,14.7535895829,15.1464188991,1551600,0.0,1.0
PPG,2001-10-25 00:00:00+00:00,50.85,50.85,49.1,49.85,990300,15.2483745994,15.2483745994,14.7236026122,14.9485048925,1980600,0.0,1.0
PPG,2001-10-26 00:00:00+00:00,51.24,51.35,50.09,50.65,562100,15.3653237852,15.3983094529,15.0204736221,15.188400658,1124200,0.0,1.0
PPG,2001-10-29 00:00:00+00:00,49.85,51.02,49.5,51.0,530000,14.9485048925,15.2993524496,14.843550495,15.2933550555,1060000,0.0,1.0
PPG,2001-10-30 00:00:00+00:00,48.67,49.4,48.49,49.4,596000,14.5946586382,14.8135635243,14.540682091,14.8135635243,1192000,0.0,1.0
PPG,2001-10-31 00:00:00+00:00,48.83,49.25,48.3,48.85,427700,14.6426377914,14.7685830683,14.4837068467,14.6486351855,855400,0.0,1.0
PPG,2001-11-01 00:00:00+00:00,49.99,50.4,48.1,48.61,609900,14.9904866514,15.1134332313,14.4237329053,14.5766664558,1219800,0.0,1.0
PPG,2001-11-02 00:00:00+00:00,51.45,52.33,49.9,50.2,1020800,15.4282964236,15.6921817658,14.9634983778,15.0534592899,2041600,0.0,1.0
PPG,2001-11-05 00:00:00+00:00,51.56,52.3,50.65,51.56,745000,15.4612820914,15.6831856745,15.188400658,15.4612820914,1490000,0.0,1.0
PPG,2001-11-06 00:00:00+00:00,52.73,52.8,51.1,51.55,463600,15.8121296485,15.833120528,15.3233420262,15.4582833943,927200,0.0,1.0
PPG,2001-11-07 00:00:00+00:00,52.22,52.38,51.72,52.38,686000,15.7851413749,15.8335064193,15.6340006111,15.8335064193,1372000,0.42,1.0
PPG,2001-11-08 00:00:00+00:00,51.76,52.33,51.69,52.22,563900,15.6460918722,15.818392343,15.6249321652,15.7851413749,1127800,0.0,1.0
PPG,2001-11-09 00:00:00+00:00,52.12,52.45,51.25,51.7,495000,15.7549132221,15.8546661263,15.4919282931,15.6279549805,990000,0.0,1.0
PPG,2001-11-12 00:00:00+00:00,51.05,51.6,50.75,51.5,535500,15.4314719875,15.5977268278,15.3407875292,15.567498675,1071000,0.0,1.0
PPG,2001-11-13 00:00:00+00:00,52.82,52.9,51.4,51.4,445100,15.9665102915,15.9906928137,15.5372705222,15.5372705222,890200,0.0,1.0
PPG,2001-11-14 00:00:00+00:00,53.77,54.04,53.1,53.25,416700,16.2536777428,16.3352937553,16.0511491193,16.0964913484,833400,0.0,1.0
PPG,2001-11-15 00:00:00+00:00,54.16,54.64,53.55,53.9,770500,16.3715675386,16.5166626719,16.1871758067,16.2929743414,1541000,0.0,1.0
PPG,2001-11-16 00:00:00+00:00,54.08,54.4,53.8,54.16,384100,16.3473850164,16.4441151052,16.2627461886,16.3715675386,768200,0.0,1.0
PPG,2001-11-19 00:00:00+00:00,54.87,54.99,54.05,54.05,434600,16.5861874232,16.6224612066,16.3383165705,16.3383165705,869200,0.0,1.0
PPG,2001-11-20 00:00:00+00:00,54.51,54.79,54.0,54.45,654000,16.4773660733,16.562004901,16.3232024942,16.4592291816,1308000,0.0,1.0
PPG,2001-11-21 00:00:00+00:00,53.93,54.45,53.76,54.45,357500,16.3020427872,16.4592291816,16.2506549275,16.4592291816,715000,0.0,1.0
PPG,2001-11-23 00:00:00+00:00,54.74,54.85,53.7,54.85,127700,16.5468908246,16.5801417927,16.2325180359,16.5801417927,255400,0.0,1.0
PPG,2001-11-26 00:00:00+00:00,54.4,54.8,53.76,54.5,455500,16.4441151052,16.5650277163,16.2506549275,16.474343258,911000,0.0,1.0
PPG,2001-11-27 00:00:00+00:00,54.11,54.6,53.85,54.3,463200,16.3564534622,16.5045714108,16.277860265,16.4138869525,926400,0.0,1.0
PPG,2001-11-28 00:00:00+00:00,53.1,53.9,53.1,53.9,585000,16.0511491193,16.2929743414,16.0511491193,16.2929743414,1170000,0.0,1.0
PPG,2001-11-29 00:00:00+00:00,53.34,53.74,52.67,53.2,409000,16.1236966859,16.244609297,15.9211680624,16.081377272,818000,0.0,1.0
PPG,2001-11-30 00:00:00+00:00,53.77,54.4,53.4,53.5,425800,16.2536777428,16.4441151052,16.1418335776,16.1720617303,851600,0.0,1.0
PPG,2001-12-03 00:00:00+00:00,53.04,53.45,52.6,53.45,1153100,16.0330122276,16.1569476539,15.9000083554,16.1569476539,2306200,0.0,1.0
PPG,2001-12-04 00:00:00+00:00,53.62,53.7,52.4,53.0,397100,16.2083355136,16.2325180359,15.8395520499,16.0209209665,794200,0.0,1.0
PPG,2001-12-05 00:00:00+00:00,55.2,55.35,53.68,53.68,504000,16.6859403274,16.7312825565,16.2264724053,16.2264724053,1008000,0.0,1.0
PPG,2001-12-06 00:00:00+00:00,54.84,55.56,54.35,55.56,519500,16.5771189774,16.7947616773,16.4290010288,16.7947616773,1039000,0.0,1.0
PPG,2001-12-07 00:00:00+00:00,53.24,54.67,53.1,54.67,1603000,16.0934685331,16.5257311177,16.0511491193,16.5257311177,3206000,0.0,1.0
PPG,2001-12-10 00:00:00+00:00,51.54,53.24,51.28,53.24,1800900,15.5795899361,16.0934685331,15.5009967389,16.0934685331,3601800,0.0,1.0
PPG,2001-12-11 00:00:00+00:00,52.25,52.78,51.56,51.75,647500,15.7942098207,15.9544190304,15.5856355666,15.6430690569,1295000,0.0,1.0
PPG,2001-12-12 00:00:00+00:00,51.26,52.5,51.25,52.5,742200,15.4949511083,15.8697802027,15.4919282931,15.8697802027,1484400,0.0,1.0
PPG,2001-12-13 00:00:00+00:00,50.3,51.1,49.95,50.65,1386100,15.2047608418,15.4465860639,15.0989623071,15.3105593765,2772200,0.0,1.0
PPG,2001-12-14 00:00:00+00:00,49.9,51.0,49.82,50.3,791000,15.0838482307,15.4163579112,15.0596657085,15.2047608418,1582000,0.0,1.0
PPG,2001-12-17 00:00:00+00:00,50.7,50.8,50.2,50.3,605000,15.3256734529,15.3559016056,15.174532689,15.2047608418,1210000,0.0,1.0
PPG,2001-12-18 00:00:00+00:00,51.99,52.15,51.15,51.25,1202800,15.7156166235,15.763981668,15.4617001403,15.4919282931,2405600,0.0,1.0
PPG,2001-12-19 00:00:00+00:00,51.63,52.2,51.2,51.99,1014800,15.6067952736,15.7790957444,15.4768142167,15.7156166235,2029600,0.0,1.0
PPG,2001-12-20 00:00:00+00:00,51.8,52.5,51.38,51.38,538700,15.6581831333,15.8697802027,15.5312248917,15.5312248917,1077400,0.0,1.0
PPG,2001-12-21 00:00:00+00:00,50.58,52.0,50.56,52.0,926700,15.2893996695,15.7186394388,15.283354039,15.7186394388,1853400,0.0,1.0
PPG,2001-12-24 00:00:00+00:00,50.88,51.3,50.6,50.6,222200,15.3800841278,15.5070423695,15.2954453001,15.2954453001,444400,0.0,1.0
PPG,2001-12-26 00:00:00+00:00,50.8,51.1,50.3,50.75,775800,15.3559016056,15.4465860639,15.2047608418,15.3407875292,1551600,0.0,1.0
PPG,2001-12-27 00:00:00+00:00,50.8,51.13,50.49,51.0,483500,15.3559016056,15.4556545098,15.262194332,15.4163579112,967000,0.0,1.0
PPG,2001-12-28 00:00:00+00:00,51.13,51.3,50.65,50.9,360000,15.4556545098,15.5070423695,15.3105593765,15.3861297584,720000,0.0,1.0
PPG,2001-12-31 00:00:00+00:00,51.72,52.55,51.1,51.2,759900,15.6340006111,15.884894279,15.4465860639,15.4768142167,1519800,0.0,1.0
PPG,2002-01-02 00:00:00+00:00,51.36,51.51,50.77,51.5,505800,15.5251792611,15.5705214903,15.3468331598,15.567498675,1011600,0.0,1.0
PPG,2002-01-03 00:00:00+00:00,52.24,52.4,50.74,52.4,593200,15.7911870055,15.8395520499,15.337764714,15.8395520499,1186400,0.0,1.0
PPG,2002-01-04 00:00:00+00:00,53.82,53.94,52.2,53.94,607300,16.2687918192,16.3050656025,15.7790957444,16.3050656025,1214600,0.0,1.0
PPG,2002-01-07 00:00:00+00:00,53.74,54.27,53.5,53.76,436700,16.244609297,16.4048185066,16.1720617303,16.2506549275,873400,0.0,1.0
PPG,2002-01-08 00:00:00+00:00,53.0,53.75,52.9,53.55,644600,16.0209209665,16.2476321122,15.9906928137,16.1871758067,1289200,0.0,1.0
PPG,2002-01-09 00:00:00+00:00,52.74,53.58,52.6,53.2,450700,15.9423277693,16.1962442525,15.9000083554,16.081377272,901400,0.0,1.0
PPG,2002-01-10 00:00:00+00:00,51.05,52.58,50.54,52.58,811900,15.4314719875,15.8939627249,15.2773084084,15.8939627249,1623800,0.0,1.0
PPG,2002-01-11 00:00:00+00:00,50.21,50.99,49.92,50.99,861500,15.1775555043,15.4133350959,15.0898938613,15.4133350959,1723000,0.0,1.0
PPG,2002-01-14 00:00:00+00:00,48.41,50.35,48.26,50.3,929400,14.6334487545,15.2198749182,14.5881065253,15.2047608418,1858800,0.0,1.0
PPG,2002-01-15 00:00:00+00:00,48.37,49.3,48.0,48.85,856000,14.6213574934,14.9024793141,14.5095133281,14.7664526267,1712000,0.0,1.0
PPG,2002-01-16 00:00:00+00:00,46.59,48.0,46.5,47.5,1255400,14.0832963741,14.5095133281,14.0560910366,14.3583725643,2510800,0.0,1.0
PPG,2002-01-17 00:00:00+00:00,45.55,45.73,42.62,43.75,3384400,13.7689235854,13.8233342603,12.8832387093,13.2248168355,6768800,0.0,1.0
PPG,2002-01-18 00:00:00+00:00,45.11,45.33,44.8,45.0,1352800,13.6359197132,13.7024216493,13.5422124396,13.6026687451,2705600,0.0,1.0
PPG,2002-01-22 00:00:00+00:00,45.21,45.8,44.92,45.0,842000,13.6661478659,13.8444939673,13.5784862229,13.6026687451,1684000,0.0,1.0
PPG,2002-01-23 00:00:00+00:00,46.48,46.5,45.1,46.5,700300,14.0500454061,14.0560910366,13.6328968979,14.0560910366,1400600,0.0,1.0
PPG,2002-01-24 00:00:00+00:00,46.8,47.25,46.34,46.48,1010200,14.1467754949,14.2828021824,14.0077259922,14.0500454061,2020400,0.0,1.0
PPG,2002-01-25 00:00:00+00:00,48.1,48.2,46.45,46.7,853600,14.5397414809,14.5699696337,14.0409769603,14.1165473422,1707200,0.0,1.0
PPG,2002-01-28 00:00:00+00:00,47.48,48.06,47.3,48.06,554900,14.3523269338,14.5276502198,14.2979162588,14.5276502198,1109800,0.0,1.0
PPG,2002-01-29 00:00:00+00:00,46.53,47.6,46.29,47.1,660900,14.0651594825,14.3886007171,13.9926119158,14.2374599532,1321800,0.0,1.0
PPG,2002-01-30 00:00:00+00:00,47.31,47.41,46.24,46.55,850000,14.3009390741,14.3311672268,13.9774978394,14.071205113,1700000,0.0,1.0
PPG,2002-01-31 00:00:00+00:00,48.59,48.6,47.0,47.31,640100,14.6878594295,14.6908822447,14.2072318005,14.3009390741,1280200,0.0,1.0
PPG,2002-02-01 00:00:00+00:00,48.11,49.01,48.02,49.01,730100,14.5427642962,14.8148176711,14.5155589587,14.8148176711,1460200,0.0,1.0
PPG,2002-02-04 00:00:00+00:00,47.18,48.19,47.05,48.0,489200,14.2616424755,14.5669468184,14.2223458769,14.5095133281,978400,0.0,1.0
PPG,2002-02-05 00:00:00+00:00,46.37,47.8,46.3,47.4,702800,14.016794438,14.4490570226,13.9956347311,14.3281444115,1405600,0.0,1.0
PPG,2002-02-06 00:00:00+00:00,46.71,47.1,45.9,46.43,1090000,14.1195701575,14.2374599532,13.87472212,14.0349313297,2180000,0.0,1.0
PPG,2002-02-07 00:00:00+00:00,46.53,47.01,45.7,46.71,670300,14.0651594825,14.2102546158,13.8142658145,14.1195701575,1340600,0.0,1.0
PPG,2002-02-08 00:00:00+00:00,46.85,47.25,46.19,46.65,669600,14.1618895713,14.2828021824,13.9623837631,14.1014332658,1339200,0.0,1.0
PPG,2002-02-11 00:00:00+00:00,48.89,49.2,47.45,47.45,1006100,14.7785438878,14.8722511613,14.3432584879,14.3432584879,2012200,0.0,1.0
PPG,2002-02-12 00:00:00+00:00,48.66,49.19,48.21,49.12,773900,14.7090191364,14.8692283461,14.572992449,14.8480686391,1547800,0.0,1.0
PPG,2002-02-13 00:00:00+00:00,48.9,49.48,48.5,48.8,535000,14.781566703,14.9568899891,14.660654092,14.7513385503,1070000,0.0,1.0
PPG,2002-02-14 00:00:00+00:00,48.31,49.05,48.05,48.58,600200,14.7301788433,14.9558118871,14.6509023685,14.8125044134,1200400,0.42,1.0
PPG,2002-02-15 00:00:00+00:00,49.05,50.0,48.3,50.0,870000,14.9558118871,15.2454759298,14.7271297482,15.2454759298,1740000,0.0,1.0
PPG,2002-02-19 00:00:00+00:00,47.6,49.26,47.6,48.95,505000,14.5136930851,15.019842886,14.5136930851,14.9253209352,1010000,0.0,1.0
PPG,2002-02-20 00:00:00+00:00,49.0,49.26,48.25,49.26,614300,14.9405664112,15.019842886,14.7118842722,15.019842886,1228600,0.0,1.0
PPG,2002-02-21 00:00:00+00:00,49.59,51.0,49.15,49.15,937000,15.1204630271,15.5503854484,14.986302839,14.986302839,1874000,0.0,1.0
PPG,2002-02-22 00:00:00+00:00,50.4,50.8,49.39,49.45,713200,15.3674397372,15.4894035446,15.0594811234,15.0777756945,1426400,0.0,1.0
PPG,2002-02-25 00:00:00+00:00,50.75,50.83,50.04,50.45,586800,15.4741580687,15.4985508302,15.2576723105,15.3826852131,1173600,0.0,1.0
PPG,2002-02-26 00:00:00+00:00,51.04,51.53,50.36,50.8,676800,15.5625818291,15.7119874932,15.3552433565,15.4894035446,1353600,0.0,1.0
PPG,2002-02-27 00:00:00+00:00,51.2,52.27,51.0,51.29,763000,15.6113673521,15.937620537,15.5503854484,15.6388092088,1526000,0.0,1.0
PPG,2002-02-28 00:00:00+00:00,51.35,53.0,51.2,51.2,921600,15.6571037799,16.1602044856,15.6113673521,15.6113673521,1843200,0.0,1.0
PPG,2002-03-01 00:00:00+00:00,52.6,53.28,51.37,51.57,987500,16.0382406781,16.2455791508,15.6632019702,15.724183874,1975000,0.0,1.0
PPG,2002-03-04 00:00:00+00:00,54.29,54.5,52.9,53.0,1105900,16.5535377645,16.6175687634,16.1297135337,16.1602044856,2211800,0.0,1.0
PPG,2002-03-05 00:00:00+00:00,52.41,53.75,52.34,53.55,720700,15.9803078696,16.3888866245,15.9589642033,16.3279047208,1441400,0.0,1.0
PPG,2002-03-06 00:00:00+00:00,53.3,53.55,52.16,52.16,551900,16.2516773411,16.3279047208,15.9040804899,15.9040804899,1103800,0.0,1.0
PPG,2002-03-07 00:00:00+00:00,54.0,54.16,52.78,53.55,629200,16.4651140042,16.5138995271,16.0931243915,16.3279047208,1258400,0.0,1.0
PPG,2002-03-08 00:00:00+00:00,54.37,54.8,54.19,54.75,1394800,16.577930526,16.709041619,16.5230468127,16.6937961431,2789600,0.0,1.0
PPG,2002-03-11 00:00:00+00:00,54.2,54.53,53.93,54.2,691000,16.5260959079,16.626716049,16.4437703379,16.5260959079,1382000,0.0,1.0
PPG,2002-03-12 00:00:00+00:00,54.52,54.71,53.75,54.71,588700,16.6236669538,16.6815997624,16.3888866245,16.6815997624,1177400,0.0,1.0
PPG,2002-03-13 00:00:00+00:00,53.8,54.52,53.78,54.5,732800,16.4041321004,16.6236669538,16.3980339101,16.6175687634,1465600,0.0,1.0
PPG,2002-03-14 00:00:00+00:00,54.67,55.1,53.65,55.1,773500,16.6694033816,16.8005144746,16.3583956726,16.8005144746,1547000,0.0,1.0
PPG,2002-03-15 00:00:00+00:00,55.27,55.4,54.64,54.85,679500,16.8523490928,16.8919873302,16.6602560961,16.724287095,1359000,0.0,1.0
PPG,2002-03-18 00:00:00+00:00,55.38,55.81,55.02,55.02,662300,16.8858891398,17.0170002328,16.7761217131,16.7761217131,1324600,0.0,1.0
PPG,2002-03-19 00:00:00+00:00,55.77,56.0,55.39,55.63,597800,17.0048038521,17.0749330413,16.888938235,16.9621165195,1195600,0.0,1.0
PPG,2002-03-20 00:00:00+00:00,56.53,57.34,55.7,55.7,1708800,17.2365350862,17.4835117963,16.9834601858,16.9834601858,3417600,0.0,1.0
PPG,2002-03-21 00:00:00+00:00,54.72,56.44,54.4,56.44,1184700,16.6846488575,17.2090932295,16.5870778116,17.2090932295,2369400,0.0,1.0
PPG,2002-03-22 00:00:00+00:00,53.85,54.82,53.75,54.72,647200,16.4193775764,16.7151398094,16.3888866245,16.6846488575,1294400,0.0,1.0
PPG,2002-03-25 00:00:00+00:00,52.68,53.74,52.6,53.6,741800,16.0626334396,16.3858375293,16.0382406781,16.3431501967,1483600,0.0,1.0
PPG,2002-03-26 00:00:00+00:00,53.91,54.45,52.9,52.9,542700,16.4376721475,16.6023232875,16.1297135337,16.1297135337,1085400,0.0,1.0
PPG,2002-03-27 00:00:00+00:00,55.3,55.7,54.14,55.7,672200,16.8614963783,16.9834601858,16.5078013368,16.9834601858,1344400,0.0,1.0
PPG,2002-03-28 00:00:00+00:00,54.91,55.7,54.91,55.4,661300,16.7425816661,16.9834601858,16.7425816661,16.8919873302,1322600,0.0,1.0
PPG,2002-04-01 00:00:00+00:00,54.5,54.91,53.52,54.91,391000,16.6175687634,16.7425816661,16.3187574352,16.7425816661,782000,0.0,1.0
PPG,2002-04-02 00:00:00+00:00,54.44,54.61,53.87,54.5,381400,16.5992741923,16.6511088105,16.4254757667,16.6175687634,762800,0.0,1.0
PPG,2002-04-03 00:00:00+00:00,53.89,55.2,53.8,54.85,1074300,16.4315739571,16.8310054265,16.4041321004,16.724287095,2148600,0.0,1.0
PPG,2002-04-04 00:00:00+00:00,52.76,52.87,51.83,52.7,736100,16.0870262011,16.1205662481,15.8034603488,16.06873163,1472200,0.0,1.0
PPG,2002-04-05 00:00:00+00:00,53.65,54.24,53.11,53.15,455500,16.3583956726,16.5382922886,16.1937445326,16.2059409133,911000,0.0,1.0
PPG,2002-04-08 00:00:00+00:00,53.9,54.03,52.84,53.25,802200,16.4346230523,16.4742612897,16.1114189626,16.2364318652,1604400,0.0,1.0
PPG,2002-04-09 00:00:00+00:00,54.16,54.27,53.45,53.89,603300,16.5138995271,16.5474395742,16.2974137689,16.4315739571,1206600,0.0,1.0
PPG,2002-04-10 00:00:00+00:00,54.92,55.12,53.94,54.16,645700,16.7456307613,16.806612665,16.446819433,16.5138995271,1291400,0.0,1.0
PPG,2002-04-11 00:00:00+00:00,54.27,55.3,54.27,54.93,539500,16.5474395742,16.8614963783,16.5474395742,16.7486798564,1079000,0.0,1.0
PPG,2002-04-12 00:00:00+00:00,54.35,54.73,54.01,54.5,458300,16.5718323357,16.6876979527,16.4681630993,16.6175687634,916600,0.0,1.0
PPG,2002-04-15 00:00:00+00:00,53.81,54.5,53.81,54.44,405300,16.4071811956,16.6175687634,16.4071811956,16.5992741923,810600,0.0,1.0
PPG,2002-04-16 00:00:00+00:00,55.33,55.39,54.0,54.0,681900,16.8706436639,16.888938235,16.4651140042,16.4651140042,1363800,0.0,1.0
PPG,2002-04-17 00:00:00+00:00,54.9,55.45,54.9,55.15,732300,16.7395325709,16.9072328061,16.7395325709,16.8157599505,1464600,0.0,1.0
PPG,2002-04-18 00:00:00+00:00,53.02,55.0,52.4,54.9,1440500,16.1663026759,16.7700235227,15.9772587744,16.7395325709,2881000,0.0,1.0
PPG,2002-04-19 00:00:00+00:00,53.5,54.16,53.28,53.7,647300,16.3126592449,16.5138995271,16.2455791508,16.3736411486,1294600,0.0,1.0
PPG,2002-04-22 00:00:00+00:00,52.76,53.75,52.65,53.75,572300,16.0870262011,16.3888866245,16.053486154,16.3888866245,1144600,0.0,1.0
PPG,2002-04-23 00:00:00+00:00,52.24,52.94,52.1,52.76,709200,15.9284732514,16.1419099144,15.8857859188,16.0870262011,1418400,0.0,1.0
PPG,2002-04-24 00:00:00+00:00,52.33,53.15,52.09,52.35,882400,15.9559151081,16.2059409133,15.8827368236,15.9620132985,1764800,0.0,1.0
PPG,2002-04-25 00:00:00+00:00,51.84,52.2,51.2,52.2,656300,15.806509444,15.9162768707,15.6113673521,15.9162768707,1312600,0.0,1.0
PPG,2002-04-26 00:00:00+00:00,52.11,52.65,51.97,52.0,498200,15.888835014,16.053486154,15.8461476814,15.855294967,996400,0.0,1.0
PPG,2002-04-29 00:00:00+00:00,51.25,52.25,51.2,52.11,575300,15.626612828,15.9315223466,15.6113673521,15.888835014,1150600,0.0,1.0
PPG,2002-04-30 00:00:00+00:00,52.31,52.65,51.3,51.35,617200,15.9498169177,16.053486154,15.6418583039,15.6571037799,1234400,0.0,1.0
PPG,2002-05-01 00:00:00+00:00,52.22,52.7,51.15,52.2,1052800,15.9223750611,16.06873163,15.5961218762,15.9162768707,2105600,0.0,1.0
PPG,2002-05-02 00:00:00+00:00,53.55,53.77,52.27,52.3,690700,16.3279047208,16.3949848149,15.937620537,15.9467678225,1381400,0.0,1.0
PPG,2002-05-03 00:00:00+00:00,53.87,53.96,53.1,53.7,402400,16.4254757667,16.4529176234,16.1906954374,16.3736411486,804800,0.0,1.0
PPG,2002-05-06 00:00:00+00:00,54.02,54.42,53.75,53.85,991000,16.4712121945,16.593176002,16.3888866245,16.4193775764,1982000,0.0,1.0
PPG,2002-05-07 00:00:00+00:00,55.16,55.65,54.21,54.3,728900,16.8188090457,16.9682147098,16.5291450031,16.5565868597,1457800,0.0,1.0
PPG,2002-05-08 00:00:00+00:00,55.62,56.16,55.25,55.5,875500,17.0871294221,17.2530238825,16.9734609955,17.0502639864,1751000,0.42,1.0
PPG,2002-05-09 00:00:00+00:00,55.65,56.29,55.45,55.45,519800,17.096345781,17.2929614378,17.0349033883,17.0349033883,1039600,0.0,1.0
PPG,2002-05-10 00:00:00+00:00,55.45,55.83,55.3,55.67,479900,17.0349033883,17.1516439345,16.9888215937,17.1024900203,959800,0.0,1.0
PPG,2002-05-13 00:00:00+00:00,55.8,55.95,54.86,55.46,455300,17.1424275756,17.1885093701,16.8536483297,17.0379755079,910600,0.0,1.0
PPG,2002-05-14 00:00:00+00:00,57.1,57.16,56.2,56.3,581100,17.5418031284,17.5602358462,17.265312361,17.2960335574,1162200,0.0,1.0
PPG,2002-05-15 00:00:00+00:00,57.96,58.99,57.62,58.0,1303000,17.8060054172,18.1224337398,17.7015533495,17.8182938957,2606000,0.0,1.0
PPG,2002-05-16 00:00:00+00:00,57.57,58.2,57.35,57.72,625100,17.6861927513,17.8797362885,17.6186061193,17.7322745459,1250200,0.0,1.0
PPG,2002-05-17 00:00:00+00:00,57.65,57.88,57.12,57.58,446700,17.7107697084,17.7814284601,17.5479473677,17.689264871,893400,0.0,1.0
PPG,2002-05-20 00:00:00+00:00,57.44,57.75,56.9,57.7,605700,17.6462551961,17.7414909048,17.4803607356,17.7261303066,1211400,0.0,1.0
PPG,2002-05-21 00:00:00+00:00,57.3,58.2,57.23,57.75,546700,17.6032455211,17.8797362885,17.5817406837,17.7414909048,1093400,0.0,1.0
PPG,2002-05-22 00:00:00+00:00,57.6,57.64,56.9,56.9,533200,17.6954091103,17.7076975888,17.4803607356,17.4803607356,1066400,0.0,1.0
PPG,2002-05-23 00:00:00+00:00,58.33,58.59,57.21,57.6,848300,17.9196738438,17.9995489543,17.5755964444,17.6954091103,1696600,0.0,1.0
PPG,2002-05-24 00:00:00+00:00,57.98,58.95,57.75,58.34,350200,17.8121496565,18.1101452613,17.7414909048,17.9227459634,700400,0.0,1.0
PPG,2002-05-28 00:00:00+00:00,57.34,58.2,57.2,58.1,347900,17.6155339997,17.8797362885,17.5725243248,17.8490150921,695800,0.0,1.0
PPG,2002-05-29 00:00:00+00:00,56.82,57.35,56.51,57.15,400000,17.4557837786,17.6186061193,17.3605480698,17.5571637266,800000,0.0,1.0
PPG,2002-05-30 00:00:00+00:00,56.29,57.05,55.95,56.7,575700,17.2929614378,17.5264425302,17.1885093701,17.4189183429,1151400,0.0,1.0
PPG,2002-05-31 00:00:00+00:00,57.18,57.42,55.96,56.15,651500,17.5663800855,17.6401109568,17.1915814898,17.2499517629,1303000,0.0,1.0
PPG,2002-06-03 00:00:00+00:00,55.45,57.6,55.45,57.6,620600,17.0349033883,17.6954091103,17.0349033883,17.6954091103,1241200,0.0,1.0
PPG,2002-06-04 00:00:00+00:00,55.12,55.92,54.6,55.55,571500,16.9335234402,17.1792930112,16.7737732191,17.0656245846,1143000,0.0,1.0
PPG,2002-06-05 00:00:00+00:00,56.53,56.55,55.2,55.25,555900,17.3666923091,17.3728365483,16.9581003973,16.9734609955,1111800,0.0,1.0
PPG,2002-06-06 00:00:00+00:00,55.52,56.69,55.5,56.35,482900,17.0564082257,17.4158462233,17.0502639864,17.3113941556,965800,0.0,1.0
PPG,2002-06-07 00:00:00+00:00,56.1,56.44,55.27,55.52,415200,17.2345911647,17.3390432323,16.9796052348,17.0564082257,830400,0.0,1.0
PPG,2002-06-10 00:00:00+00:00,57.25,57.44,56.13,56.2,412000,17.5878849229,17.6462551961,17.2438075236,17.265312361,824000,0.0,1.0
PPG,2002-06-11 00:00:00+00:00,56.29,58.19,56.25,57.85,645300,17.2929614378,17.8766641688,17.2806729592,17.7722121012,1290600,0.0,1.0
PPG,2002-06-12 00:00:00+00:00,57.68,57.7,56.05,56.35,751300,17.7199860673,17.7261303066,17.2192305665,17.3113941556,1502600,0.0,1.0
PPG,2002-06-13 00:00:00+00:00,57.11,57.96,57.01,57.8,674300,17.544875248,17.8060054172,17.5141540517,17.756851503,1348600,0.0,1.0
PPG,2002-06-14 00:00:00+00:00,56.94,57.2,55.65,57.11,644300,17.4926492142,17.5725243248,17.096345781,17.544875248,1288600,0.0,1.0
PPG,2002-06-17 00:00:00+00:00,58.8,58.8,57.18,57.18,630100,18.0640634667,18.0640634667,17.5663800855,17.5663800855,1260200,0.0,1.0
PPG,2002-06-18 00:00:00+00:00,58.65,58.99,58.05,58.8,886900,18.0179816722,18.1224337398,17.8336544939,18.0640634667,1773800,0.0,1.0
PPG,2002-06-19 00:00:00+00:00,59.3,59.58,58.25,58.8,1177000,18.2176694486,18.3036887984,17.8950968867,18.0640634667,2354000,0.0,1.0
PPG,2002-06-20 00:00:00+00:00,59.89,60.1,59.25,59.25,1234500,18.3989245072,18.4634390196,18.2023088504,18.2023088504,2469000,0.0,1.0
PPG,2002-06-21 00:00:00+00:00,59.39,59.94,59.1,59.89,1116400,18.2453185253,18.4142851054,18.1562270558,18.3989245072,2232800,0.0,1.0
PPG,2002-06-24 00:00:00+00:00,59.69,59.94,58.93,59.6,1137100,18.3374821144,18.4142851054,18.104001022,18.3098330377,2274200,0.0,1.0
PPG,2002-06-25 00:00:00+00:00,59.98,60.59,59.9,59.99,971800,18.4265735839,18.6139728818,18.4019966268,18.4296457035,1943600,0.0,1.0
PPG,2002-06-26 00:00:00+00:00,59.55,60.0,58.68,59.3,996900,18.2944724395,18.4327178232,18.0271980311,18.2176694486,1993800,0.0,1.0
PPG,2002-06-27 00:00:00+00:00,59.14,60.28,59.01,59.7,1032900,18.1685155344,18.518737173,18.1285779791,18.3405542341,2065800,0.0,1.0
PPG,2002-06-28 00:00:00+00:00,61.9,61.9,59.14,59.14,1561300,19.0164205542,19.0164205542,18.1685155344,18.1685155344,3122600,0.0,1.0
PPG,2002-07-01 00:00:00+00:00,61.05,61.9,60.1,61.9,1289600,18.7552903851,19.0164205542,18.4634390196,19.0164205542,2579200,0.0,1.0
PPG,2002-07-02 00:00:00+00:00,60.93,61.02,60.3,60.8,1286400,18.7184249494,18.7460740262,18.5248814123,18.6784873942,2572800,0.0,1.0
PPG,2002-07-03 00:00:00+00:00,59.92,61.48,58.52,60.75,1045100,18.4081408661,18.8873915295,17.9780441169,18.663126796,2090200,0.0,1.0
PPG,2002-07-05 00:00:00+00:00,61.85,61.98,59.74,59.92,393400,19.0010599561,19.0409975113,18.3528427126,18.4081408661,786800,0.0,1.0
PPG,2002-07-08 00:00:00+00:00,62.44,62.7,61.7,61.7,838600,19.1823150147,19.2621901252,18.9549781615,18.9549781615,1677200,0.0,1.0
PPG,2002-07-09 00:00:00+00:00,60.65,62.86,60.65,62.3,1273300,18.6324055996,19.3113440394,18.6324055996,19.1393053397,2546600,0.0,1.0
PPG,2002-07-10 00:00:00+00:00,60.09,62.0,59.9,60.9,1533900,18.4603668999,19.0471417506,18.4019966268,18.7092085905,3067800,0.0,1.0
PPG,2002-07-11 00:00:00+00:00,58.52,60.74,58.52,60.0,1613700,17.9780441169,18.6600546763,17.9780441169,18.4327178232,3227400,0.0,1.0
PPG,2002-07-12 00:00:00+00:00,58.04,59.3,57.84,58.61,1386800,17.8305823743,18.2176694486,17.7691399815,18.0056931936,2773600,0.0,1.0
PPG,2002-07-15 00:00:00+00:00,56.6,58.03,54.65,58.03,1528600,17.3881971465,17.8275102547,16.7891338173,17.8275102547,3057200,0.0,1.0
PPG,2002-07-16 00:00:00+00:00,55.69,56.82,54.07,56.15,1016800,17.1086342595,17.4557837786,16.6109508783,17.2499517629,2033600,0.0,1.0
PPG,2002-07-17 00:00:00+00:00,56.29,57.5,55.83,56.98,961500,17.2929614378,17.6646879139,17.1516439345,17.5049376927,1923000,0.0,1.0
PPG,2002-07-18 00:00:00+00:00,56.11,57.3,55.6,56.2,1002300,17.2376632843,17.6032455211,17.0809851828,17.265312361,2004600,0.0,1.0
PPG,2002-07-19 00:00:00+00:00,51.65,54.71,51.57,54.7,1859000,15.8674979261,16.8075665351,15.842920969,16.8044944155,3718000,0.0,1.0
PPG,2002-07-22 00:00:00+00:00,49.27,51.8,48.75,51.6,1743500,15.1363334525,15.9135797207,14.9765832313,15.8521373279,3487000,0.0,1.0
PPG,2002-07-23 00:00:00+00:00,49.08,50.69,48.5,49.12,1383300,15.0779631794,15.5725744409,14.8997802404,15.0902516579,2766600,0.0,1.0
PPG,2002-07-24 00:00:00+00:00,53.11,53.4,48.36,48.6,1125100,16.3160273932,16.4051188626,14.8567705655,14.9305014368,2250200,0.0,1.0
PPG,2002-07-25 00:00:00+00:00,56.43,56.75,52.55,53.12,2821600,17.3359711127,17.4342789411,16.1439886935,16.3190995128,5643200,0.0,1.0
PPG,2002-07-26 00:00:00+00:00,56.0,56.66,55.0,56.4,1399300,17.2038699683,17.4066298644,16.8966580046,17.3267547538,2798600,0.0,1.0
PPG,2002-07-29 00:00:00+00:00,59.47,59.5,56.16,56.16,1182700,18.2698954824,18.2791118413,17.2530238825,17.2530238825,2365400,0.0,1.0
PPG,2002-07-30 00:00:00+00:00,56.21,59.19,55.94,59.1,1173700,17.2683844807,18.1838761326,17.1854372505,18.1562270558,2347400,0.0,1.0
PPG,2002-07-31 00:00:00+00:00,57.4,57.4,55.3,56.2,1411800,17.6339667175,17.6339667175,16.9888215937,17.265312361,2823600,0.0,1.0
PPG,2002-08-01 00:00:00+00:00,57.15,58.39,56.15,57.4,1007600,17.5571637266,17.9381065616,17.2499517629,17.6339667175,2015200,0.0,1.0
PPG,2002-08-02 00:00:00+00:00,53.96,57.35,53.28,57.35,1000900,16.5771575623,17.6186061193,16.368253427,17.6186061193,2001800,0.0,1.0
PPG,2002-08-05 00:00:00+00:00,54.13,55.6,53.8,54.73,1445800,16.6293835961,17.0809851828,16.5280036481,16.8137107744,2891600,0.0,1.0
PPG,2002-08-06 00:00:00+00:00,56.37,57.33,54.9,54.99,1184600,17.3175383949,17.61246188,16.8659368082,16.8935858849,2369200,0.0,1.0
PPG,2002-08-07 00:00:00+00:00,57.81,57.92,55.32,57.1,986300,17.7599236226,17.7937169386,16.994965833,17.5418031284,1972600,0.0,1.0
PPG,2002-08-08 00:00:00+00:00,58.19,58.25,56.6,57.17,800200,18.0087653132,18.0273342412,17.5166887219,17.6930935377,1600400,0.43,1.0
PPG,2002-08-09 00:00:00+00:00,57.88,58.4,56.91,57.8,874200,17.912825852,18.0737565612,17.6126281831,17.8880672814,1748400,0.0,1.0
PPG,2002-08-12 00:00:00+00:00,57.55,57.95,56.15,56.8,592400,17.8106967482,17.9344896014,17.3774217621,17.5785851485,1184800,0.0,1.0
PPG,2002-08-13 00:00:00+00:00,56.73,58.16,56.55,57.0,871000,17.5569213992,17.9994808493,17.5012146153,17.6404815751,1742000,0.0,1.0
PPG,2002-08-14 00:00:00+00:00,57.26,57.31,54.05,56.74,1611400,17.7209469297,17.7364210363,16.7275092831,17.5600162205,3222800,0.0,1.0
PPG,2002-08-15 00:00:00+00:00,57.29,57.85,56.16,57.35,742100,17.7302313936,17.9035413881,17.3805165835,17.7488003216,1484200,0.0,1.0
PPG,2002-08-16 00:00:00+00:00,57.0,57.64,55.96,57.29,751700,17.6404815751,17.8385501402,17.3186201569,17.7302313936,1503400,0.0,1.0
PPG,2002-08-19 00:00:00+00:00,58.52,58.6,56.69,56.98,855300,18.1108944171,18.1356529877,17.5445421139,17.6342919324,1710600,0.0,1.0
PPG,2002-08-20 00:00:00+00:00,57.1,58.01,56.75,58.0,803800,17.6714297884,17.9530585293,17.5631110419,17.949963708,1607600,0.0,1.0
PPG,2002-08-21 00:00:00+00:00,57.28,57.65,56.28,57.35,898000,17.7271365723,17.8416449615,17.4176544394,17.7488003216,1796000,0.0,1.0
PPG,2002-08-22 00:00:00+00:00,58.0,58.36,56.99,57.13,551300,17.949963708,18.0613772758,17.6373867538,17.6807142524,1102600,0.0,1.0
PPG,2002-08-23 00:00:00+00:00,56.53,58.0,56.5,58.0,895900,17.4950249726,17.949963708,17.4857405087,17.949963708,1791800,0.0,1.0
PPG,2002-08-26 00:00:00+00:00,56.99,57.12,55.71,56.75,703800,17.6373867538,17.677619431,17.2412496237,17.5631110419,1407600,0.0,1.0
PPG,2002-08-27 00:00:00+00:00,56.75,57.87,56.55,57.25,720400,17.5631110419,17.9097310307,17.5012146153,17.7178521083,1440800,0.0,1.0
PPG,2002-08-28 00:00:00+00:00,55.52,56.7,55.15,56.7,567300,17.1824480184,17.5476369352,17.0679396292,17.5476369352,1134600,0.0,1.0
PPG,2002-08-29 00:00:00+00:00,55.76,56.62,54.69,55.29,539800,17.2567237303,17.5228783646,16.9255778481,17.1112671278,1079600,0.0,1.0
PPG,2002-08-30 00:00:00+00:00,56.27,57.21,55.76,56.05,732200,17.4145596181,17.705472823,17.2567237303,17.3464735488,1464400,0.0,1.0
PPG,2002-09-03 00:00:00+00:00,55.01,56.17,54.43,56.02,822300,17.0246121306,17.3836114048,16.8451124936,17.3371890849,1644600,0.0,1.0
PPG,2002-09-04 00:00:00+00:00,55.73,55.73,54.75,55.01,653300,17.2474392663,17.2474392663,16.9441467761,17.0246121306,1306600,0.0,1.0
PPG,2002-09-05 00:00:00+00:00,53.6,54.76,53.53,54.5,1062300,16.5882423233,16.9472415974,16.5665785739,16.8667762429,2124600,0.0,1.0
PPG,2002-09-06 00:00:00+00:00,53.99,55.0,53.86,54.2,1486000,16.7089403551,17.0215173093,16.6687076778,16.773931603,2972000,0.0,1.0
PPG,2002-09-09 00:00:00+00:00,54.38,54.6,53.23,53.25,880100,16.8296383869,16.8977244561,16.4737339341,16.4799235767,1760200,0.0,1.0
PPG,2002-09-10 00:00:00+00:00,53.75,54.65,53.05,54.4,1093800,16.6346646432,16.9131985628,16.4180271502,16.8358280296,2187600,0.0,1.0
PPG,2002-09-11 00:00:00+00:00,53.7,54.25,53.54,54.08,502500,16.6191905365,16.7894057096,16.5696733953,16.736793747,1005000,0.0,1.0
PPG,2002-09-12 00:00:00+00:00,51.92,52.9,51.7,52.8,1115400,16.06831234,16.3716048302,16.0002262707,16.3406566169,2230800,0.0,1.0
PPG,2002-09-13 00:00:00+00:00,51.47,51.47,50.36,51.4,857900,15.9290453802,15.9290453802,15.5855202127,15.9073816309,1715800,0.0,1.0
PPG,2002-09-16 00:00:00+00:00,51.41,51.56,50.58,51.03,457100,15.9104764522,15.9568987721,15.6536062819,15.7928732417,914200,0.0,1.0
PPG,2002-09-17 00:00:00+00:00,50.73,51.95,50.45,51.7,912000,15.7000286018,16.077596804,15.6133736046,16.0002262707,1824000,0.0,1.0
PPG,2002-09-18 00:00:00+00:00,50.52,50.8,49.55,50.2,800500,15.6350373539,15.7216923511,15.334839685,15.5360030714,1601000,0.0,1.0
PPG,2002-09-19 00:00:00+00:00,49.39,50.65,49.35,49.75,620800,15.2853225438,15.6752700312,15.2729432584,15.3967361116,1241600,0.0,1.0
PPG,2002-09-20 00:00:00+00:00,50.21,50.45,49.78,49.82,1170200,15.5390978927,15.6133736046,15.4060205756,15.4183998609,2340400,0.0,1.0
PPG,2002-09-23 00:00:00+00:00,49.7,50.19,48.9,50.05,865800,15.381262005,15.5329082501,15.1336762986,15.4895807515,1731600,0.0,1.0
PPG,2002-09-24 00:00:00+00:00,47.33,48.71,47.04,48.3,1344900,14.64778935,15.0748746934,14.5580395315,14.9479870189,2689800,0.0,1.0
PPG,2002-09-25 00:00:00+00:00,47.25,48.15,46.95,47.47,1296700,14.6230307794,14.901564699,14.5301861395,14.6911168486,2593400,0.0,1.0
PPG,2002-09-26 00:00:00+00:00,47.5,48.0,47.05,47.75,1512100,14.7004013126,14.855142379,14.5611343528,14.7777718458,3024200,0.0,1.0
PPG,2002-09-27 00:00:00+00:00,46.07,48.05,45.73,47.3,1696300,14.2578418625,14.8706164857,14.1526179374,14.638504886,3392600,0.0,1.0
PPG,2002-09-30 00:00:00+00:00,44.7,45.2,44.01,45.2,1392500,13.8338513405,13.9885924069,13.6203086688,13.9885924069,2785000,0.0,1.0
PPG,2002-10-01 00:00:00+00:00,47.46,47.54,45.0,45.25,1481000,14.6880220273,14.7127805979,13.9266959803,14.0040665136,2962000,0.0,1.0
PPG,2002-10-02 00:00:00+00:00,44.9,47.47,44.78,46.35,1469700,13.8957477671,14.6911168486,13.8586099111,14.3444968598,2939400,0.0,1.0
PPG,2002-10-03 00:00:00+00:00,45.03,46.07,44.8,45.15,1495900,13.9359804443,14.2578418625,13.8647995538,13.9731183003,2991800,0.0,1.0
PPG,2002-10-04 00:00:00+00:00,43.72,45.68,42.75,45.25,1022200,13.5305588502,14.1371438307,13.2303611813,14.0040665136,2044400,0.0,1.0
PPG,2002-10-07 00:00:00+00:00,42.78,44.22,42.6,43.55,1070300,13.2396456453,13.6852999167,13.1839388614,13.4779468876,2140600,0.0,1.0
PPG,2002-10-08 00:00:00+00:00,44.1,44.56,41.78,43.3,1302700,13.6481620607,13.7905238419,12.9301635124,13.4005763544,2605400,0.0,1.0
PPG,2002-10-09 00:00:00+00:00,41.41,43.6,41.39,43.4,1206900,12.8156551232,13.4934209943,12.8094654806,13.4315245677,2413800,0.0,1.0
PPG,2002-10-10 00:00:00+00:00,45.9,45.9,41.7,41.8,1530700,14.2052298999,14.2052298999,12.9054049418,12.9363531551,3061400,0.0,1.0
PPG,2002-10-11 00:00:00+00:00,48.3,48.95,46.31,46.55,1371000,14.9479870189,15.1491504053,14.3321175744,14.4063932863,2742000,0.0,1.0
PPG,2002-10-14 00:00:00+00:00,47.02,47.76,46.75,47.75,900300,14.5518498888,14.7808666671,14.4682897129,14.7777718458,1800600,0.0,1.0
PPG,2002-10-15 00:00:00+00:00,50.45,50.45,47.03,47.03,1127600,15.6133736046,15.6133736046,14.5549447101,14.5549447101,2255200,0.0,1.0
PPG,2002-10-16 00:00:00+00:00,47.64,50.8,47.54,50.45,1282200,14.7437288112,15.7216923511,14.7127805979,15.6133736046,2564400,0.0,1.0
PPG,2002-10-17 00:00:00+00:00,50.92,51.69,49.0,49.0,1313400,15.7588302071,15.9971314494,15.1646245119,15.1646245119,2626800,0.0,1.0
PPG,2002-10-18 00:00:00+00:00,49.73,50.5,48.9,50.18,1213000,15.3905464689,15.6288477113,15.1336762986,15.5298134287,2426000,0.0,1.0
PPG,2002-10-21 00:00:00+00:00,52.8,52.85,48.77,49.74,1541500,16.3406566169,16.3561307236,15.0934436214,15.3936412903,3083000,0.0,1.0
PPG,2002-10-22 00:00:00+00:00,50.49,52.15,50.32,51.75,1189000,15.6257528899,16.1394932306,15.5731409274,16.0157003774,2378000,0.0,1.0
PPG,2002-10-23 00:00:00+00:00,50.19,51.23,49.0,50.05,585800,15.5329082501,15.8547696683,15.1646245119,15.4895807515,1171600,0.0,1.0
PPG,2002-10-24 00:00:00+00:00,48.61,50.55,48.35,50.15,1029300,15.0439264801,15.6443218179,14.9634611255,15.5205289648,2058600,0.0,1.0
PPG,2002-10-25 00:00:00+00:00,49.01,49.2,47.25,48.0,972400,15.1677193333,15.2265209385,14.6230307794,14.855142379,1944800,0.0,1.0
PPG,2002-10-28 00:00:00+00:00,47.99,49.35,47.61,49.35,761200,14.8520475577,15.2729432584,14.7344443472,15.2729432584,1522400,0.0,1.0
PPG,2002-10-29 00:00:00+00:00,46.4,48.05,45.57,47.85,1275400,14.3599709664,14.8706164857,14.1031007961,14.8087200591,2550800,0.0,1.0
PPG,2002-10-30 00:00:00+00:00,46.7,46.89,45.65,46.4,855300,14.4528156063,14.5116172115,14.1278593667,14.3599709664,1710600,0.0,1.0
PPG,2002-10-31 00:00:00+00:00,47.03,47.42,46.31,46.75,455200,14.5549447101,14.675642742,14.3321175744,14.4682897129,910400,0.0,1.0
PPG,2002-11-01 00:00:00+00:00,48.95,49.18,46.75,46.95,910400,15.1491504053,15.2203312958,14.4682897129,14.5301861395,1820800,0.0,1.0
PPG,2002-11-04 00:00:00+00:00,48.69,50.0,48.5,49.4,1019600,15.0686850507,15.4741066448,15.0098834455,15.2884173651,2039200,0.0,1.0
PPG,2002-11-05 00:00:00+00:00,48.82,49.45,48.35,48.69,696600,15.108917728,15.3038914717,14.9634611255,15.0686850507,1393200,0.0,1.0
PPG,2002-11-06 00:00:00+00:00,50.18,50.21,48.58,49.0,538500,15.5298134287,15.5390978927,15.0346420161,15.1646245119,1077000,0.0,1.0
PPG,2002-11-07 00:00:00+00:00,48.2,49.79,48.08,49.74,418600,15.0501161228,15.546582609,15.012646954,15.5309704553,837200,0.43,1.0
PPG,2002-11-08 00:00:00+00:00,47.28,49.14,46.88,48.3,532800,14.7628524955,15.3436246115,14.6379552663,15.0813404301,1065600,0.0,1.0
PPG,2002-11-11 00:00:00+00:00,46.1,47.41,45.84,47.25,423300,14.3944056693,14.803444095,14.3132224703,14.7534852033,846600,0.0,1.0
PPG,2002-11-12 00:00:00+00:00,47.81,48.17,45.9,46.11,831300,14.9283413243,15.0407488306,14.3319570547,14.3975281,1662600,0.0,1.0
PPG,2002-11-13 00:00:00+00:00,47.3,48.57,46.74,47.7,862000,14.769097357,15.1656460598,14.594241236,14.8939945862,1724000,0.0,1.0
PPG,2002-11-14 00:00:00+00:00,48.81,48.9,47.64,47.85,368500,15.2405843973,15.2686862739,14.8752600018,14.9408310472,737000,0.0,1.0
PPG,2002-11-15 00:00:00+00:00,48.95,49.32,48.3,48.5,451900,15.2842984276,15.3998283646,15.0813404301,15.1437890447,903800,0.0,1.0
PPG,2002-11-18 00:00:00+00:00,47.83,49.29,47.81,49.2,552400,14.9345861857,15.3904610724,14.9283413243,15.3623591958,1104800,0.0,1.0
PPG,2002-11-19 00:00:00+00:00,48.02,48.65,47.1,47.84,674600,14.9939123696,15.1906255056,14.7066487424,14.9377086164,1349200,0.0,1.0
PPG,2002-11-20 00:00:00+00:00,48.4,48.59,47.31,48.19,429700,15.1125647374,15.1718909213,14.7722197877,15.046993692,859400,0.0,1.0
PPG,2002-11-21 00:00:00+00:00,48.02,48.05,44.14,44.26,4037400,14.9939123696,15.0032796618,13.782409246,13.8198784148,8074800,0.0,1.0
PPG,2002-11-22 00:00:00+00:00,46.79,48.65,46.65,48.01,1644600,14.6098533897,15.1906255056,14.5661393595,14.9907899389,3289200,0.0,1.0
PPG,2002-11-25 00:00:00+00:00,47.08,47.69,46.19,46.65,715600,14.7004038809,14.8908721555,14.4225075459,14.5661393595,1431200,0.0,1.0
PPG,2002-11-26 00:00:00+00:00,46.97,47.25,46.34,47.06,1033900,14.6660571429,14.7534852033,14.4693440068,14.6941590194,2067800,0.0,1.0
PPG,2002-11-27 00:00:00+00:00,49.09,49.11,46.95,47.2,781200,15.3280124578,15.3342573193,14.6598122814,14.7378730497,1562400,0.0,1.0
PPG,2002-11-29 00:00:00+00:00,50.08,50.18,49.3,49.4,471300,15.6371331002,15.6683574075,15.3935835032,15.4248078105,942600,0.0,1.0
PPG,2002-12-02 00:00:00+00:00,48.73,50.65,48.23,50.57,802300,15.2156049515,15.8151116518,15.0594834149,15.790132206,1604600,0.0,1.0
PPG,2002-12-03 00:00:00+00:00,48.16,48.9,47.9,48.74,675900,15.0376263998,15.2686862739,14.9564432008,15.2187273822,1351800,0.0,1.0
PPG,2002-12-04 00:00:00+00:00,47.88,48.38,47.0,48.16,496600,14.9501983394,15.1063198759,14.6754244351,15.0376263998,993200,0.0,1.0
PPG,2002-12-05 00:00:00+00:00,47.43,48.0,47.02,48.0,403200,14.8096889565,14.9876675081,14.6816692965,14.9876675081,806400,0.0,1.0
PPG,2002-12-06 00:00:00+00:00,48.06,48.4,46.55,46.6,468500,15.0064020925,15.1125647374,14.5349150522,14.5505272058,937000,0.0,1.0
PPG,2002-12-09 00:00:00+00:00,47.33,48.15,47.21,47.5,650400,14.7784646492,15.0345039691,14.7409954804,14.8315459716,1300800,0.0,1.0
PPG,2002-12-10 00:00:00+00:00,48.05,48.05,47.0,47.5,504700,15.0032796618,15.0032796618,14.6754244351,14.8315459716,1009400,0.0,1.0
PPG,2002-12-11 00:00:00+00:00,48.38,48.85,47.34,47.8,542800,15.1063198759,15.2530741203,14.7815870799,14.9252188935,1085600,0.0,1.0
PPG,2002-12-12 00:00:00+00:00,48.73,48.86,47.79,48.15,861200,15.2156049515,15.256196551,14.9220964628,15.0345039691,1722400,0.0,1.0
PPG,2002-12-13 00:00:00+00:00,48.5,49.0,48.31,48.73,813500,15.1437890447,15.2999105812,15.0844628608,15.2156049515,1627000,0.0,1.0
PPG,2002-12-16 00:00:00+00:00,50.6,50.6,48.5,48.5,996000,15.7994994982,15.7994994982,15.1437890447,15.1437890447,1992000,0.0,1.0
PPG,2002-12-17 00:00:00+00:00,50.45,50.88,50.21,50.47,898400,15.7526630372,15.8869275586,15.6777246997,15.7589078987,1796800,0.0,1.0
PPG,2002-12-18 00:00:00+00:00,49.34,49.99,49.1,49.73,1076500,15.4060732261,15.6090312236,15.3311348885,15.5278480246,2153000,0.0,1.0
PPG,2002-12-19 00:00:00+00:00,48.95,49.9,48.79,49.25,576600,15.2842984276,15.580929347,15.2343395359,15.3779713495,1153200,0.0,1.0
PPG,2002-12-20 00:00:00+00:00,49.9,50.22,49.3,49.3,712600,15.580929347,15.6808471304,15.3935835032,15.3935835032,1425200,0.0,1.0
PPG,2002-12-23 00:00:00+00:00,49.57,50.26,49.33,50.05,589500,15.4778891329,15.6933368533,15.4029507953,15.627765808,1179000,0.0,1.0
PPG,2002-12-24 00:00:00+00:00,49.5,49.9,49.5,49.55,134100,15.4560321178,15.580929347,15.4560321178,15.4716442714,268200,0.0,1.0
PPG,2002-12-26 00:00:00+00:00,49.64,50.5,49.35,49.59,392300,15.499746148,15.7682751909,15.4091956568,15.4841339943,784600,0.0,1.0
PPG,2002-12-27 00:00:00+00:00,49.45,50.26,49.45,49.7,565000,15.4404199641,15.6933368533,15.4404199641,15.5184807324,1130000,0.0,1.0
PPG,2002-12-30 00:00:00+00:00,50.11,50.35,49.36,49.55,602500,15.6465003924,15.7214387299,15.4123180875,15.4716442714,1205000,0.0,1.0
PPG,2002-12-31 00:00:00+00:00,50.15,50.5,49.23,50.3,599900,15.6589901153,15.7682751909,15.371726488,15.7058265762,1199800,0.0,1.0
PPG,2003-01-02 00:00:00+00:00,51.68,51.73,50.1,50.4,696200,16.1367220171,16.1523341707,15.6433779616,15.7370508835,1392400,0.0,1.0
PPG,2003-01-03 00:00:00+00:00,51.62,51.79,51.25,51.72,550800,16.1179874327,16.1710687551,16.0024574957,16.14921174,1101600,0.0,1.0
PPG,2003-01-06 00:00:00+00:00,52.46,52.67,51.7,51.7,765700,16.3802716141,16.4458426595,16.1429668786,16.1429668786,1531400,0.0,1.0
PPG,2003-01-07 00:00:00+00:00,52.1,52.59,51.92,52.5,655500,16.2678641078,16.4208632136,16.2116603546,16.392761337,1311000,0.0,1.0
PPG,2003-01-08 00:00:00+00:00,51.12,52.08,51.05,51.97,774700,15.9618658962,16.2616192463,15.9400088811,16.2272725083,1549400,0.0,1.0
PPG,2003-01-09 00:00:00+00:00,52.19,52.26,51.23,51.35,748400,16.2959659844,16.3178229995,15.9962126342,16.033681803,1496800,0.0,1.0
PPG,2003-01-10 00:00:00+00:00,52.65,53.05,51.9,52.0,703600,16.439597798,16.5644950272,16.2054154932,16.2366398005,1407200,0.0,1.0
PPG,2003-01-13 00:00:00+00:00,52.1,53.25,52.1,53.25,746500,16.2678641078,16.6269436418,16.2678641078,16.6269436418,1493000,0.0,1.0
PPG,2003-01-14 00:00:00+00:00,52.29,52.63,52.05,52.05,722500,16.3271902917,16.4333529365,16.2522519541,16.2522519541,1445000,0.0,1.0
PPG,2003-01-15 00:00:00+00:00,51.85,52.35,51.4,52.35,673400,16.1898033395,16.3459248761,16.0492939566,16.3459248761,1346800,0.0,1.0
PPG,2003-01-16 00:00:00+00:00,52.62,53.25,51.85,51.85,873600,16.4302305058,16.6269436418,16.1898033395,16.1898033395,1747200,0.0,1.0
PPG,2003-01-17 00:00:00+00:00,52.12,52.85,52.0,52.5,564200,16.2741089693,16.5020464126,16.2366398005,16.392761337,1128400,0.0,1.0
PPG,2003-01-21 00:00:00+00:00,50.91,52.44,50.91,52.37,438400,15.8962948508,16.3740267526,15.8962948508,16.3521697375,876800,0.0,1.0
PPG,2003-01-22 00:00:00+00:00,50.21,51.2,50.11,50.85,587100,15.6777246997,15.986845342,15.6465003924,15.8775602664,1174200,0.0,1.0
PPG,2003-01-23 00:00:00+00:00,50.93,51.1,50.13,50.3,602500,15.9025397123,15.9556210347,15.6527452538,15.7058265762,1205000,0.0,1.0
PPG,2003-01-24 00:00:00+00:00,49.55,50.65,49.52,50.5,480000,15.4716442714,15.8151116518,15.4622769792,15.7682751909,960000,0.0,1.0
PPG,2003-01-27 00:00:00+00:00,48.07,49.59,47.93,49.56,635600,15.0095245233,15.4841339943,14.965810493,15.4747667022,1271200,0.0,1.0
PPG,2003-01-28 00:00:00+00:00,48.87,48.94,48.1,48.17,516100,15.2593189817,15.2811759968,15.0188918154,15.0407488306,1032200,0.0,1.0
PPG,2003-01-29 00:00:00+00:00,48.87,48.94,48.1,48.17,812600,15.2593189817,15.2811759968,15.0188918154,15.0407488306,1625200,0.0,1.0
PPG,2003-01-30 00:00:00+00:00,47.39,48.93,47.34,48.93,899500,14.7971992336,15.2780535661,14.7815870799,15.2780535661,1799000,0.0,1.0
PPG,2003-01-31 00:00:00+00:00,48.83,49.31,46.74,46.75,1088900,15.2468292588,15.3967059339,14.594241236,14.5973636668,2177800,0.0,1.0
PPG,2003-02-03 00:00:00+00:00,49.1,50.01,48.7,48.8,654600,15.3311348885,15.615276085,15.2062376593,15.2374619666,1309200,0.0,1.0
PPG,2003-02-04 00:00:00+00:00,48.77,48.87,48.2,48.85,492500,15.2280946744,15.2593189817,15.0501161228,15.2530741203,985000,0.0,1.0
PPG,2003-02-05 00:00:00+00:00,48.8,49.79,48.61,48.78,537700,15.2374619666,15.546582609,15.1781357827,15.2312171051,1075400,0.0,1.0
PPG,2003-02-06 00:00:00+00:00,48.25,48.88,48.04,48.65,412000,15.0657282764,15.2624414125,15.0001572311,15.1906255056,824000,0.0,1.0
PPG,2003-02-07 00:00:00+00:00,47.7,48.65,47.52,48.5,468400,14.8939945862,15.1906255056,14.8377908331,15.1437890447,936800,0.0,1.0
PPG,2003-02-10 00:00:00+00:00,48.08,48.2,47.2,47.7,434300,15.012646954,15.0501161228,14.7378730497,14.8939945862,868600,0.0,1.0
PPG,2003-02-11 00:00:00+00:00,47.42,48.34,47.06,48.08,484900,14.8065665257,15.093830153,14.6941590194,15.012646954,969800,0.0,1.0
PPG,2003-02-12 00:00:00+00:00,47.0,47.86,46.98,47.38,514200,14.6754244351,14.9439534779,14.6691795736,14.7940768028,1028400,0.0,1.0
PPG,2003-02-13 00:00:00+00:00,46.98,47.15,46.46,46.58,445000,14.803444095,14.8570112618,14.6395915848,14.6774037026,890000,0.43,1.0
PPG,2003-02-14 00:00:00+00:00,47.38,47.69,46.37,46.99,516300,14.9294844875,15.0271657916,14.6112324965,14.8065951048,1032600,0.0,1.0
PPG,2003-02-18 00:00:00+00:00,48.48,48.87,47.49,47.5,501300,15.2760955668,15.3989849494,14.9641455954,14.9672966052,1002600,0.0,1.0
PPG,2003-02-19 00:00:00+00:00,47.89,48.55,47.58,48.43,377400,15.0901859879,15.2981526354,14.9925046837,15.2603405177,754800,0.0,1.0
PPG,2003-02-20 00:00:00+00:00,47.09,48.0,47.02,47.89,419200,14.8381052029,15.1248470958,14.8160481343,15.0901859879,838400,0.0,1.0
PPG,2003-02-21 00:00:00+00:00,47.91,48.08,46.82,47.15,530800,15.0964880075,15.1500551743,14.753027938,14.8570112618,1061600,0.0,1.0
PPG,2003-02-24 00:00:00+00:00,46.75,47.89,46.73,47.88,589500,14.7309708694,15.0901859879,14.7246688497,15.0870349781,1179000,0.0,1.0
PPG,2003-02-25 00:00:00+00:00,46.4,46.45,45.0,46.35,1154800,14.6206855259,14.636440575,14.1795441523,14.6049304769,2309600,0.0,1.0
PPG,2003-02-26 00:00:00+00:00,46.61,47.2,46.37,46.41,563200,14.686856732,14.8727663109,14.6112324965,14.6238365358,1126400,0.0,1.0
PPG,2003-02-27 00:00:00+00:00,46.84,47.23,46.35,46.61,557600,14.7593299577,14.8822193403,14.6049304769,14.686856732,1115200,0.0,1.0
PPG,2003-02-28 00:00:00+00:00,46.4,47.45,46.23,46.9,682800,14.6206855259,14.9515415562,14.5671183591,14.7782360165,1365600,0.0,1.0
PPG,2003-03-03 00:00:00+00:00,46.18,47.25,46.15,46.65,559300,14.5513633101,14.8885213599,14.5419102807,14.6994607712,1118600,0.0,1.0
PPG,2003-03-04 00:00:00+00:00,44.65,46.08,44.58,46.0,903600,14.0692588089,14.519853212,14.0472017402,14.4946451335,1807200,0.0,1.0
PPG,2003-03-05 00:00:00+00:00,44.42,44.65,43.32,44.65,996200,13.9967855832,14.0692588089,13.650174504,14.0692588089,1992400,0.0,1.0
PPG,2003-03-06 00:00:00+00:00,43.3,44.36,43.29,44.35,858600,13.6438724843,13.9778795244,13.6407214745,13.9747285146,1717200,0.0,1.0
PPG,2003-03-07 00:00:00+00:00,43.64,44.29,42.8,43.3,785000,13.7510068179,13.9558224557,13.4863219938,13.6438724843,1570000,0.0,1.0
PPG,2003-03-10 00:00:00+00:00,42.87,43.8,42.77,43.65,612600,13.5083790624,13.8014229749,13.4768689643,13.7541578277,1225200,0.0,1.0
PPG,2003-03-11 00:00:00+00:00,42.64,43.29,42.61,42.87,815900,13.4359058368,13.6407214745,13.4264528073,13.5083790624,1631800,0.0,1.0
PPG,2003-03-12 00:00:00+00:00,43.47,43.65,42.61,43.28,1328600,13.6974396511,13.7541578277,13.4264528073,13.6375704647,2657200,0.0,1.0
PPG,2003-03-13 00:00:00+00:00,44.94,44.94,43.84,43.9,1019100,14.1606380934,14.1606380934,13.8140270142,13.832933073,2038200,0.0,1.0
PPG,2003-03-14 00:00:00+00:00,45.09,45.55,44.5,44.94,874100,14.2079032406,14.352849692,14.0219936617,14.1606380934,1748200,0.0,1.0
PPG,2003-03-17 00:00:00+00:00,46.41,46.53,44.48,44.99,851800,14.6238365358,14.6616486535,14.0156916421,14.1763931425,1703600,0.0,1.0
PPG,2003-03-18 00:00:00+00:00,47.4,47.7,46.62,46.65,672400,14.9357865071,15.0303168015,14.6900077418,14.6994607712,1344800,0.0,1.0
PPG,2003-03-19 00:00:00+00:00,47.44,47.7,46.86,47.7,810000,14.9483905464,15.0303168015,14.7656319773,15.0303168015,1620000,0.0,1.0
PPG,2003-03-20 00:00:00+00:00,47.42,47.69,46.53,47.44,548800,14.9420885267,15.0271657916,14.6616486535,14.9483905464,1097600,0.0,1.0
PPG,2003-03-21 00:00:00+00:00,49.99,50.05,47.88,47.88,937000,15.7518980483,15.7708041072,15.0870349781,15.0870349781,1874000,0.0,1.0
PPG,2003-03-24 00:00:00+00:00,47.65,50.0,47.39,50.0,924500,15.0145617524,15.7550490581,14.9326354973,15.7550490581,1849000,0.0,1.0
PPG,2003-03-25 00:00:00+00:00,47.72,48.18,47.31,47.68,590500,15.0366188211,15.1815652724,14.9074274188,15.0240147818,1181000,0.0,1.0
PPG,2003-03-26 00:00:00+00:00,47.24,47.85,46.85,47.73,566400,14.8853703501,15.0775819486,14.7624809675,15.0397698309,1132800,0.0,1.0
PPG,2003-03-27 00:00:00+00:00,46.68,47.05,46.15,46.85,761300,14.7089138007,14.8255011637,14.5419102807,14.7624809675,1522600,0.0,1.0
PPG,2003-03-28 00:00:00+00:00,46.52,46.65,46.08,46.45,758300,14.6584976437,14.6994607712,14.519853212,14.636440575,1516600,0.0,1.0
PPG,2003-03-31 00:00:00+00:00,45.08,46.1,44.66,44.66,1040800,14.2047522308,14.5261552316,14.0724098187,14.0724098187,2081600,0.0,1.0
PPG,2003-04-01 00:00:00+00:00,46.27,46.7,44.85,45.35,986000,14.5797223984,14.7152158203,14.1322790051,14.2898294957,1972000,0.0,1.0
PPG,2003-04-02 00:00:00+00:00,47.54,47.85,46.93,47.0,682600,14.9799006445,15.0775819486,14.787689046,14.8097461146,1365200,0.0,1.0
PPG,2003-04-03 00:00:00+00:00,46.22,47.55,46.21,47.55,1640000,14.5639673493,14.9830516543,14.5608163395,14.9830516543,3280000,0.0,1.0
PPG,2003-04-04 00:00:00+00:00,46.13,46.61,45.67,46.5,1618000,14.535608261,14.686856732,14.3906618097,14.6521956241,3236000,0.0,1.0
PPG,2003-04-07 00:00:00+00:00,46.79,47.5,46.7,47.0,1322200,14.7435749086,14.9672966052,14.7152158203,14.8097461146,2644400,0.0,1.0
PPG,2003-04-08 00:00:00+00:00,45.85,46.8,45.6,46.75,993700,14.4473799863,14.7467259184,14.368604741,14.7309708694,1987400,0.0,1.0
PPG,2003-04-09 00:00:00+00:00,44.99,46.1,44.9,45.95,1085400,14.1763931425,14.5261552316,14.1480340542,14.4788900844,2170800,0.0,1.0
PPG,2003-04-10 00:00:00+00:00,45.9,45.92,44.902,45.03,686000,14.4631350354,14.469437055,14.1486642562,14.1889971818,1372000,0.0,1.0
PPG,2003-04-11 00:00:00+00:00,45.62,46.85,45.62,46.25,698800,14.3749067606,14.7624809675,14.3749067606,14.5734203788,1397600,0.0,1.0
PPG,2003-04-14 00:00:00+00:00,45.88,46.06,45.4,45.62,939300,14.4568330157,14.5135511923,14.3055845448,14.3749067606,1878600,0.0,1.0
PPG,2003-04-15 00:00:00+00:00,46.35,46.35,45.1,45.77,668000,14.6049304769,14.6049304769,14.2110542504,14.4221719078,1336000,0.0,1.0
PPG,2003-04-16 00:00:00+00:00,45.49,46.6,45.41,46.5,552200,14.3339436331,14.6837057222,14.3087355546,14.6521956241,1104400,0.0,1.0
PPG,2003-04-17 00:00:00+00:00,46.08,46.19,45.42,45.5,828100,14.519853212,14.5545143199,14.3118865644,14.3370946429,1656200,0.0,1.0
PPG,2003-04-21 00:00:00+00:00,46.02,46.69,45.78,46.33,722400,14.5009471531,14.7120648105,14.4253229176,14.5986284573,1444800,0.0,1.0
PPG,2003-04-22 00:00:00+00:00,47.35,47.43,45.68,45.95,915100,14.920031458,14.9452395365,14.3938128195,14.4788900844,1830200,0.0,1.0
PPG,2003-04-23 00:00:00+00:00,47.85,48.1,46.9,47.15,826400,15.0775819486,15.1563571939,14.7782360165,14.8570112618,1652800,0.0,1.0
PPG,2003-04-24 00:00:00+00:00,47.47,47.95,46.52,47.85,741300,14.9578435758,15.1090920467,14.6584976437,15.0775819486,1482600,0.0,1.0
PPG,2003-04-25 00:00:00+00:00,46.18,47.47,45.85,47.47,716900,14.5513633101,14.9578435758,14.4473799863,14.9578435758,1433800,0.0,1.0
PPG,2003-04-28 00:00:00+00:00,47.65,47.77,46.36,46.4,508400,15.0145617524,15.0523738701,14.6080814867,14.6206855259,1016800,0.0,1.0
PPG,2003-04-29 00:00:00+00:00,48.05,48.2,47.4,47.85,887600,15.1406021449,15.187867292,14.9357865071,15.0775819486,1775200,0.0,1.0
PPG,2003-04-30 00:00:00+00:00,48.51,48.92,47.45,47.92,1312900,15.2855485962,15.4147399985,14.9515415562,15.0996390173,2625800,0.0,1.0
PPG,2003-05-01 00:00:00+00:00,48.43,48.52,47.49,48.38,1065400,15.2603405177,15.288699606,14.9641455954,15.2445854686,2130800,0.0,1.0
PPG,2003-05-02 00:00:00+00:00,48.93,48.95,48.33,48.43,923900,15.4178910083,15.4241930279,15.2288304196,15.2603405177,1847800,0.0,1.0
PPG,2003-05-05 00:00:00+00:00,48.68,49.04,48.46,48.93,572300,15.339115763,15.4525521162,15.2697935471,15.4178910083,1144600,0.0,1.0
PPG,2003-05-06 00:00:00+00:00,48.77,49.15,48.34,48.8,717900,15.3674748513,15.4872132241,15.2319814294,15.3769278807,1435800,0.0,1.0
PPG,2003-05-07 00:00:00+00:00,48.11,48.77,47.45,48.42,1093400,15.1595082037,15.3674748513,14.9515415562,15.2571895079,2186800,0.0,1.0
PPG,2003-05-08 00:00:00+00:00,46.9,47.68,46.55,47.5,798400,14.9137294384,15.1617616125,14.8024329501,15.1045234184,1596800,0.43,1.0
PPG,2003-05-09 00:00:00+00:00,47.41,47.67,46.9,47.3,708900,15.0759043214,15.1585817128,14.9137294384,15.0409254251,1417800,0.0,1.0
PPG,2003-05-12 00:00:00+00:00,48.16,48.36,46.85,47.36,778000,15.3143967965,15.3779947898,14.8978299401,15.0600048231,1556000,0.0,1.0
PPG,2003-05-13 00:00:00+00:00,48.18,48.57,47.81,48.16,857900,15.3207565958,15.4447726828,15.2031003081,15.3143967965,1715800,0.0,1.0
PPG,2003-05-14 00:00:00+00:00,47.55,48.47,47.22,48.43,918900,15.1204229168,15.4129736861,15.0154862278,15.4002540875,1837800,0.0,1.0
PPG,2003-05-15 00:00:00+00:00,48.05,48.46,47.57,47.6,1008800,15.2794179001,15.4097937865,15.1267827161,15.1363224151,2017600,0.0,1.0
PPG,2003-05-16 00:00:00+00:00,48.1,48.28,47.9,48.02,712200,15.2953173985,15.3525555925,15.2317194051,15.2698782011,1424400,0.0,1.0
PPG,2003-05-19 00:00:00+00:00,47.27,48.12,47.2,48.1,754000,15.0313857261,15.3016771978,15.0091264284,15.2953173985,1508000,0.0,1.0
PPG,2003-05-20 00:00:00+00:00,47.27,48.41,46.7,47.33,984900,15.0313857261,15.3938942881,14.8501314451,15.0504651241,1969800,0.0,1.0
PPG,2003-05-21 00:00:00+00:00,47.53,47.53,46.58,47.02,1014500,15.1140631174,15.1140631174,14.8119726491,14.9518882344,2029000,0.0,1.0
PPG,2003-05-22 00:00:00+00:00,47.88,48.03,47.24,47.52,900300,15.2253596058,15.2730581008,15.0218460271,15.1108832178,1800600,0.0,1.0
PPG,2003-05-23 00:00:00+00:00,47.9,48.29,47.5,48.13,528800,15.2317194051,15.3557354921,15.1045234184,15.3048570975,1057600,0.0,1.0
PPG,2003-05-27 00:00:00+00:00,48.75,48.85,47.36,47.65,598100,15.5020108768,15.5338098735,15.0600048231,15.1522219135,1196200,0.0,1.0
PPG,2003-05-28 00:00:00+00:00,48.68,48.77,48.24,48.77,769300,15.4797515792,15.5083706762,15.3398359938,15.5083706762,1538600,0.0,1.0
PPG,2003-05-29 00:00:00+00:00,48.11,49.04,47.87,48.7,1108900,15.2984972981,15.5942279672,15.2221797061,15.4861113785,2217800,0.0,1.0
PPG,2003-05-30 00:00:00+00:00,48.63,48.9,47.96,48.11,965500,15.4638520808,15.5497093718,15.2507988031,15.2984972981,1931000,0.0,1.0
PPG,2003-06-02 00:00:00+00:00,49.01,49.6,48.61,48.88,883400,15.5846882682,15.7723023485,15.4574922815,15.5433495725,1766800,0.0,1.0
PPG,2003-06-03 00:00:00+00:00,49.28,49.33,48.7,49.18,1026400,15.6705455592,15.6864450575,15.4861113785,15.6387465625,2052800,0.0,1.0
PPG,2003-06-04 00:00:00+00:00,50.58,50.62,49.33,49.36,931700,16.0839325159,16.0966521146,15.6864450575,15.6959847565,1863400,0.0,1.0
PPG,2003-06-05 00:00:00+00:00,50.06,51.0,49.6,50.28,1041400,15.9185777332,16.2174883019,15.7723023485,15.9885355259,2082800,0.0,1.0
PPG,2003-06-06 00:00:00+00:00,49.7,50.77,49.66,50.35,930900,15.8041013452,16.1443506096,15.7913817465,16.0107948236,1861800,0.0,1.0
PPG,2003-06-09 00:00:00+00:00,48.83,49.78,48.76,49.7,601700,15.5274500742,15.8295405425,15.5051907765,15.8041013452,1203400,0.0,1.0
PPG,2003-06-10 00:00:00+00:00,49.19,49.5,48.91,49.08,655700,15.6419264622,15.7405033519,15.5528892715,15.6069475658,1311400,0.0,1.0
PPG,2003-06-11 00:00:00+00:00,50.0,50.0,49.0,49.3,702600,15.8994983352,15.8994983352,15.5815083685,15.6769053585,1405200,0.0,1.0
PPG,2003-06-12 00:00:00+00:00,51.03,51.2,50.24,50.4,1000200,16.2270280009,16.2810862953,15.9758159272,16.0266943219,2000400,0.0,1.0
PPG,2003-06-13 00:00:00+00:00,50.47,51.3,50.2,51.15,671300,16.0489536196,16.3128852919,15.9630963285,16.2651867969,1342600,0.0,1.0
PPG,2003-06-16 00:00:00+00:00,51.35,51.35,50.56,50.6,588000,16.3287847903,16.3287847903,16.0775727166,16.0902923152,1176000,0.0,1.0
PPG,2003-06-17 00:00:00+00:00,51.93,52.0,51.05,51.5,821400,16.5132189709,16.5354782686,16.2333878002,16.3764832853,1642800,0.0,1.0
PPG,2003-06-18 00:00:00+00:00,51.2,51.94,51.04,51.94,802200,16.2810862953,16.5163988706,16.2302079006,16.5163988706,1604400,0.0,1.0
PPG,2003-06-19 00:00:00+00:00,51.25,51.5,50.95,51.21,951100,16.2969857936,16.3764832853,16.2015888036,16.2842661949,1902200,0.0,1.0
PPG,2003-06-20 00:00:00+00:00,51.57,52.08,51.25,52.05,1073100,16.3987425829,16.560917466,16.2969857936,16.551377767,2146200,0.0,1.0
PPG,2003-06-23 00:00:00+00:00,50.88,51.57,50.5,51.57,1019400,16.1793295059,16.3987425829,16.0584933186,16.3987425829,2038800,0.0,1.0
PPG,2003-06-24 00:00:00+00:00,51.0,51.15,50.8,50.86,1108900,16.2174883019,16.2651867969,16.1538903086,16.1729697066,2217800,0.0,1.0
PPG,2003-06-25 00:00:00+00:00,50.88,51.35,50.75,51.0,1099100,16.1793295059,16.3287847903,16.1379908102,16.2174883019,2198200,0.0,1.0
PPG,2003-06-26 00:00:00+00:00,51.69,51.88,50.8,50.82,795300,16.4369013789,16.4973194726,16.1538903086,16.1602501079,1590600,0.0,1.0
PPG,2003-06-27 00:00:00+00:00,50.99,51.6,50.81,51.6,554700,16.2143084022,16.4082822819,16.1570702082,16.4082822819,1109400,0.0,1.0
PPG,2003-06-30 00:00:00+00:00,50.74,51.3,50.62,50.98,859700,16.1348109106,16.3128852919,16.0966521146,16.2111285026,1719400,0.0,1.0
PPG,2003-07-01 00:00:00+00:00,49.69,50.74,49.2,50.74,1436400,15.8009214455,16.1348109106,15.6451063618,16.1348109106,2872800,0.0,1.0
PPG,2003-07-02 00:00:00+00:00,50.0,50.05,49.6,49.69,1002900,15.8994983352,15.9153978335,15.7723023485,15.8009214455,2005800,0.0,1.0
PPG,2003-07-03 00:00:00+00:00,49.15,50.0,49.15,50.0,526900,15.6292068635,15.8994983352,15.6292068635,15.8994983352,1053800,0.0,1.0
PPG,2003-07-07 00:00:00+00:00,50.25,50.5,49.4,49.4,623700,15.9789958269,16.0584933186,15.7087043552,15.7087043552,1247400,0.0,1.0
PPG,2003-07-08 00:00:00+00:00,50.23,50.4,49.8,50.15,538900,15.9726360275,16.0266943219,15.8359003419,15.9471968302,1077800,0.0,1.0
PPG,2003-07-09 00:00:00+00:00,49.89,50.3,49.67,50.15,439000,15.8645194389,15.9948953252,15.7945616462,15.9471968302,878000,0.0,1.0
PPG,2003-07-10 00:00:00+00:00,49.4,49.89,49.0,49.89,699700,15.7087043552,15.8645194389,15.5815083685,15.8645194389,1399400,0.0,1.0
PPG,2003-07-11 00:00:00+00:00,49.83,49.98,49.54,49.63,683800,15.8454400409,15.8931385359,15.7532229505,15.7818420475,1367600,0.0,1.0
PPG,2003-07-14 00:00:00+00:00,50.01,50.67,50.01,50.2,643400,15.9026782349,16.1125516129,15.9026782349,15.9630963285,1286800,0.0,1.0
PPG,2003-07-15 00:00:00+00:00,50.2,50.62,50.1,50.26,671900,15.9630963285,16.0966521146,15.9312973319,15.9821757266,1343800,0.0,1.0
PPG,2003-07-16 00:00:00+00:00,50.17,50.54,49.82,50.29,475900,15.9535566295,16.0712129172,15.8422601412,15.9917154256,951800,0.0,1.0
PPG,2003-07-17 00:00:00+00:00,51.24,51.25,50.25,50.3,981600,16.2938058939,16.2969857936,15.9789958269,15.9948953252,1963200,0.0,1.0
PPG,2003-07-18 00:00:00+00:00,52.41,52.55,51.24,51.24,1164400,16.665854155,16.7103727503,16.2938058939,16.2938058939,2328800,0.0,1.0
PPG,2003-07-21 00:00:00+00:00,53.0,53.05,52.36,52.41,931800,16.8534682353,16.8693677337,16.6499546566,16.665854155,1863600,0.0,1.0
PPG,2003-07-22 00:00:00+00:00,53.94,53.94,52.77,52.97,979100,17.152378804,17.152378804,16.780330543,16.8439285363,1958200,0.0,1.0
PPG,2003-07-23 00:00:00+00:00,53.58,54.14,52.91,54.0,734400,17.037902416,17.2159767974,16.8248491383,17.171458202,1468800,0.0,1.0
PPG,2003-07-24 00:00:00+00:00,54.0,54.9,53.55,53.6,1170300,17.171458202,17.4576491721,17.028362717,17.0442622153,2340600,0.0,1.0
PPG,2003-07-25 00:00:00+00:00,55.49,55.5,54.19,54.25,1191900,17.6452632524,17.6484431521,17.2318762957,17.2509556937,2383800,0.0,1.0
PPG,2003-07-28 00:00:00+00:00,55.28,55.5,54.8,55.45,1138700,17.5784853594,17.6484431521,17.4258501754,17.6325436537,2277400,0.0,1.0
PPG,2003-07-29 00:00:00+00:00,55.63,55.64,54.45,55.53,717200,17.6897818478,17.6929617474,17.314553687,17.6579828511,1434400,0.0,1.0
PPG,2003-07-30 00:00:00+00:00,55.9,55.9,55.36,55.73,633400,17.7756391388,17.7756391388,17.6039245567,17.7215808444,1266800,0.0,1.0
PPG,2003-07-31 00:00:00+00:00,56.47,57.45,55.97,56.0,1033800,17.9568934198,18.2685235872,17.7978984364,17.8074381354,2067600,0.0,1.0
PPG,2003-08-01 00:00:00+00:00,55.58,56.3,55.25,56.3,706500,17.6738823494,17.9028351254,17.5689456604,17.9028351254,1413000,0.0,1.0
PPG,2003-08-04 00:00:00+00:00,55.11,55.58,54.66,55.58,1103600,17.5244270651,17.6738823494,17.38133158,17.6738823494,2207200,0.0,1.0
PPG,2003-08-05 00:00:00+00:00,54.52,55.12,54.511,55.12,611900,17.3368129847,17.5276069647,17.333951075,17.5276069647,1223800,0.0,1.0
PPG,2003-08-06 00:00:00+00:00,54.23,54.69,53.95,54.35,1086900,17.2445958944,17.390871279,17.1555587037,17.2827546904,2173800,0.0,1.0
PPG,2003-08-07 00:00:00+00:00,52.95,53.3,52.19,52.19,1337000,16.9743044227,17.0865047352,16.7306694583,16.7306694583,2674000,0.43,1.0
PPG,2003-08-08 00:00:00+00:00,53.74,53.98,53.19,53.2,667100,17.2275565566,17.3044939138,17.0512417798,17.054447503,1334200,0.0,1.0
PPG,2003-08-11 00:00:00+00:00,53.75,54.18,53.4,53.64,919900,17.2307622799,17.3686083781,17.1185619673,17.1954993245,1839800,0.0,1.0
PPG,2003-08-12 00:00:00+00:00,54.37,54.38,53.45,53.77,842800,17.4295171192,17.4327228424,17.1345905834,17.2371737263,1685600,0.0,1.0
PPG,2003-08-13 00:00:00+00:00,54.15,54.4,53.89,54.38,483500,17.3589912085,17.4391342888,17.2756424049,17.4327228424,967000,0.0,1.0
PPG,2003-08-14 00:00:00+00:00,54.86,55.23,53.95,54.15,541200,17.5865975567,17.7052093157,17.2948767442,17.3589912085,1082400,0.0,1.0
PPG,2003-08-15 00:00:00+00:00,54.89,55.21,54.51,55.2,264500,17.5962147263,17.6987978692,17.4743972442,17.695592146,529000,0.0,1.0
PPG,2003-08-18 00:00:00+00:00,55.76,55.78,54.78,54.89,663500,17.875112646,17.8815240925,17.560951771,17.5962147263,1327000,0.0,1.0
PPG,2003-08-19 00:00:00+00:00,56.24,56.33,55.7,55.76,915700,18.0289873604,18.0578388693,17.8558783068,17.875112646,1831400,0.0,1.0
PPG,2003-08-20 00:00:00+00:00,55.91,56.21,55.83,56.14,488200,17.9231984943,18.0193701907,17.8975527085,17.9969301282,976400,0.0,1.0
PPG,2003-08-21 00:00:00+00:00,56.2,56.59,55.8,55.92,621300,18.0161644675,18.1411876729,17.8879355389,17.9264042175,1242600,0.0,1.0
PPG,2003-08-22 00:00:00+00:00,55.37,56.5,55.33,56.3,492000,17.7500894407,18.1123361639,17.7372665478,18.0482216996,984000,0.0,1.0
PPG,2003-08-25 00:00:00+00:00,55.11,55.35,54.58,55.35,397100,17.6667406371,17.7436779942,17.4968373067,17.7436779942,794200,0.0,1.0
PPG,2003-08-26 00:00:00+00:00,54.82,55.07,53.93,55.0,715700,17.5737746638,17.6539177442,17.2884652977,17.6314776817,1431400,0.0,1.0
PPG,2003-08-27 00:00:00+00:00,54.55,54.78,54.45,54.75,439700,17.487220137,17.560951771,17.4551629049,17.5513346013,879400,0.0,1.0
PPG,2003-08-28 00:00:00+00:00,55.07,55.2,53.9,54.55,470200,17.6539177442,17.695592146,17.2788481281,17.487220137,940400,0.0,1.0
PPG,2003-08-29 00:00:00+00:00,54.91,55.07,54.49,54.95,696200,17.6026261728,17.6539177442,17.4679857978,17.6154490656,1392400,0.0,1.0
PPG,2003-09-02 00:00:00+00:00,55.45,55.45,54.4,54.89,894600,17.7757352264,17.7757352264,17.4391342888,17.5962147263,1789200,0.0,1.0
PPG,2003-09-03 00:00:00+00:00,55.88,55.91,55.1,55.45,836500,17.9135813246,17.9231984943,17.6635349139,17.7757352264,1673000,0.0,1.0
PPG,2003-09-04 00:00:00+00:00,55.2,55.9,54.82,55.88,623100,17.695592146,17.9199927711,17.5737746638,17.9135813246,1246200,0.0,1.0
PPG,2003-09-05 00:00:00+00:00,54.78,55.09,54.45,54.9,413900,17.560951771,17.6603291906,17.4551629049,17.5994204496,827800,0.0,1.0
PPG,2003-09-08 00:00:00+00:00,55.44,55.64,54.68,54.78,393500,17.7725295032,17.8366439675,17.5288945388,17.560951771,787000,0.0,1.0
PPG,2003-09-09 00:00:00+00:00,54.48,55.08,54.24,55.0,750800,17.4647800745,17.6571234674,17.3878427174,17.6314776817,1501600,0.0,1.0
PPG,2003-09-10 00:00:00+00:00,53.33,54.36,53.22,54.25,649600,17.0961219048,17.426311396,17.0608589495,17.3910484406,1299200,0.0,1.0
PPG,2003-09-11 00:00:00+00:00,53.39,53.95,52.99,53.4,685200,17.1153562441,17.2948767442,16.9871273155,17.1185619673,1370400,0.0,1.0
PPG,2003-09-12 00:00:00+00:00,54.43,54.59,52.95,53.39,613200,17.4487514585,17.5000430299,16.9743044227,17.1153562441,1226400,0.0,1.0
PPG,2003-09-15 00:00:00+00:00,53.63,54.65,53.01,54.55,754100,17.1922936013,17.5192773692,16.993538762,17.487220137,1508200,0.0,1.0
PPG,2003-09-16 00:00:00+00:00,54.57,54.59,53.4,53.5,606600,17.4936315835,17.5000430299,17.1185619673,17.1506191995,1213200,0.0,1.0
PPG,2003-09-17 00:00:00+00:00,54.15,54.57,53.37,54.57,1073000,17.3589912085,17.4936315835,17.1089447977,17.4936315835,2146000,0.0,1.0
PPG,2003-09-18 00:00:00+00:00,54.93,54.93,54.16,54.16,572200,17.6090376192,17.6090376192,17.3621969317,17.3621969317,1144400,0.0,1.0
PPG,2003-09-19 00:00:00+00:00,54.86,55.11,54.65,54.93,650200,17.5865975567,17.6667406371,17.5192773692,17.6090376192,1300400,0.0,1.0
PPG,2003-09-22 00:00:00+00:00,53.88,54.61,53.75,54.61,753700,17.2724366816,17.5064544763,17.2307622799,17.5064544763,1507400,0.0,1.0
PPG,2003-09-23 00:00:00+00:00,54.55,54.55,53.99,54.25,813800,17.487220137,17.487220137,17.307699637,17.3910484406,1627600,0.0,1.0
PPG,2003-09-24 00:00:00+00:00,52.94,53.9,52.75,53.7,1206000,16.9710986995,17.2788481281,16.9101899584,17.2147336638,2412000,0.0,1.0
PPG,2003-09-25 00:00:00+00:00,52.48,53.1,52.27,52.97,814100,16.8236354316,17.0223902709,16.7563152441,16.9807158691,1628200,0.0,1.0
PPG,2003-09-26 00:00:00+00:00,52.23,52.6,52.0,52.48,581100,16.7434923512,16.8621041101,16.6697607173,16.8236354316,1162200,0.0,1.0
PPG,2003-09-29 00:00:00+00:00,53.11,53.14,52.21,52.55,612800,17.0255959941,17.0352131637,16.7370809048,16.8460754941,1225600,0.0,1.0
PPG,2003-09-30 00:00:00+00:00,52.22,53.12,51.58,53.12,764800,16.740286628,17.0288017173,16.5351203422,17.0288017173,1529600,0.0,1.0
PPG,2003-10-01 00:00:00+00:00,52.96,52.99,52.01,52.22,969800,16.9775101459,16.9871273155,16.6729664405,16.740286628,1939600,0.0,1.0
PPG,2003-10-02 00:00:00+00:00,53.33,53.5,52.8,53.18,343300,17.0961219048,17.1506191995,16.9262185744,17.0480360566,686600,0.0,1.0
PPG,2003-10-03 00:00:00+00:00,54.07,54.99,53.33,53.33,535500,17.3333454227,17.6282719585,17.0961219048,17.0961219048,1071000,0.0,1.0
PPG,2003-10-06 00:00:00+00:00,54.56,54.66,53.95,54.07,378000,17.4904258603,17.5224830924,17.2948767442,17.3333454227,756000,0.0,1.0
PPG,2003-10-07 00:00:00+00:00,54.97,55.001,54.31,54.56,516300,17.6218605121,17.631798254,17.4102827799,17.4904258603,1032600,0.0,1.0
PPG,2003-10-08 00:00:00+00:00,54.84,55.15,54.52,54.97,395200,17.5801861103,17.6795635299,17.4776029674,17.6218605121,790400,0.0,1.0
PPG,2003-10-09 00:00:00+00:00,54.78,55.48,54.45,55.35,535700,17.560951771,17.785352396,17.4551629049,17.7436779942,1071400,0.0,1.0
PPG,2003-10-10 00:00:00+00:00,54.27,55.06,54.2,54.65,440700,17.397459887,17.650712021,17.3750198245,17.5192773692,881400,0.0,1.0
PPG,2003-10-13 00:00:00+00:00,55.28,55.34,54.5,54.5,307100,17.7212379317,17.740472271,17.471191521,17.471191521,614200,0.0,1.0
PPG,2003-10-14 00:00:00+00:00,55.04,55.57,54.69,55.25,479000,17.6443005746,17.814203905,17.5321002621,17.7116207621,958000,0.0,1.0
PPG,2003-10-15 00:00:00+00:00,55.31,55.69,54.97,55.4,755600,17.7308551014,17.8526725835,17.6218605121,17.7597066103,1511200,0.0,1.0
PPG,2003-10-16 00:00:00+00:00,55.34,55.74,55.06,55.1,679500,17.740472271,17.8687011996,17.650712021,17.6635349139,1359000,0.0,1.0
PPG,2003-10-17 00:00:00+00:00,55.68,55.8,55.32,55.39,1145200,17.8494668603,17.8879355389,17.7340608246,17.7565008871,2290400,0.0,1.0
PPG,2003-10-20 00:00:00+00:00,55.67,55.99,55.38,55.68,759200,17.8462611371,17.94884428,17.7532951639,17.8494668603,1518400,0.0,1.0
PPG,2003-10-21 00:00:00+00:00,55.75,55.95,55.69,55.85,629300,17.8719069228,17.9360213871,17.8526725835,17.903964155,1258600,0.0,1.0
PPG,2003-10-22 00:00:00+00:00,55.0,55.75,54.19,55.75,809000,17.6314776817,17.8719069228,17.3718141013,17.8719069228,1618000,0.0,1.0
PPG,2003-10-23 00:00:00+00:00,55.71,55.8,54.85,54.98,540900,17.85908403,17.8879355389,17.5833918335,17.6250662353,1081800,0.0,1.0
PPG,2003-10-24 00:00:00+00:00,55.93,55.94,55.3,55.71,650100,17.9296099407,17.9328156639,17.7276493782,17.85908403,1300200,0.0,1.0
PPG,2003-10-27 00:00:00+00:00,56.07,56.38,55.71,55.93,494100,17.9744900657,18.0738674854,17.85908403,17.9296099407,988200,0.0,1.0
PPG,2003-10-28 00:00:00+00:00,56.86,56.86,55.96,56.07,572300,18.2277421997,18.2277421997,17.9392271103,17.9744900657,1144600,0.0,1.0
PPG,2003-10-29 00:00:00+00:00,57.06,57.11,56.23,56.86,522700,18.291856664,18.30788528,18.0257816371,18.2277421997,1045400,0.0,1.0
PPG,2003-10-30 00:00:00+00:00,58.18,58.18,57.06,57.06,872100,18.650897664,18.650897664,18.291856664,18.291856664,1744200,0.0,1.0
PPG,2003-10-31 00:00:00+00:00,57.65,58.55,57.58,58.18,753300,18.4809943336,18.769509423,18.4585542711,18.650897664,1506600,0.0,1.0
PPG,2003-11-03 00:00:00+00:00,58.23,58.358,57.65,57.65,771500,18.6669262801,18.7079595373,18.4809943336,18.4809943336,1543000,0.0,1.0
PPG,2003-11-04 00:00:00+00:00,58.13,58.33,57.85,58.23,611900,18.634869048,18.6989835123,18.5451087979,18.6669262801,1223800,0.0,1.0
PPG,2003-11-05 00:00:00+00:00,58.03,58.23,57.5,58.13,463100,18.6028118158,18.6669262801,18.4329084854,18.634869048,926200,0.0,1.0
PPG,2003-11-06 00:00:00+00:00,57.87,57.93,57.15,57.61,659500,18.6925720658,18.7119526486,18.4600050728,18.6085895406,1319000,0.44,1.0
PPG,2003-11-07 00:00:00+00:00,58.28,58.49,57.86,57.87,731200,18.825006048,18.8928380876,18.6893419687,18.6925720658,1462400,0.0,1.0
PPG,2003-11-10 00:00:00+00:00,57.55,58.3,57.45,58.28,394500,18.5892089578,18.8314662422,18.5569079866,18.825006048,789000,0.0,1.0
PPG,2003-11-11 00:00:00+00:00,58.0,58.5,57.55,57.55,526400,18.7345633285,18.8960681847,18.5892089578,18.5892089578,1052800,0.0,1.0
PPG,2003-11-12 00:00:00+00:00,58.31,58.35,57.68,58.0,566800,18.8346963394,18.8476167279,18.6312002204,18.7345633285,1133600,0.0,1.0
PPG,2003-11-13 00:00:00+00:00,58.2,58.37,58.0,58.25,541700,18.799165271,18.8540769221,18.7345633285,18.8153157566,1083400,0.0,1.0
PPG,2003-11-14 00:00:00+00:00,58.1,58.74,57.85,57.85,536000,18.7668642997,18.9735905158,18.6861118716,18.6861118716,1072000,0.0,1.0
PPG,2003-11-17 00:00:00+00:00,57.41,58.1,57.3,58.1,635800,18.5439875981,18.7668642997,18.5084565297,18.7668642997,1271600,0.0,1.0
PPG,2003-11-18 00:00:00+00:00,56.83,57.59,56.83,57.5,457400,18.3566419648,18.6021293463,18.3566419648,18.5730584722,914800,0.0,1.0
PPG,2003-11-19 00:00:00+00:00,57.26,57.33,56.4,56.68,496600,18.4955361412,18.518146821,18.2177477884,18.3081905079,993200,0.0,1.0
PPG,2003-11-20 00:00:00+00:00,56.68,57.38,56.27,57.16,329100,18.3081905079,18.5342973067,18.1757565257,18.4632351699,658200,0.0,1.0
PPG,2003-11-21 00:00:00+00:00,56.8,57.26,56.52,56.63,493200,18.3469516734,18.4955361412,18.2565089539,18.2920400223,986400,0.0,1.0
PPG,2003-11-24 00:00:00+00:00,58.16,58.23,57.1,57.1,602700,18.7862448825,18.8088555624,18.4438545872,18.4438545872,1205400,0.0,1.0
PPG,2003-11-25 00:00:00+00:00,58.11,58.66,57.91,58.12,660400,18.7700943968,18.9477497388,18.7054924543,18.773324494,1320800,0.0,1.0
PPG,2003-11-26 00:00:00+00:00,58.7,58.75,58.05,58.11,455900,18.9606701273,18.9768206129,18.7507138141,18.7700943968,911800,0.0,1.0
PPG,2003-11-28 00:00:00+00:00,58.47,58.85,58.46,58.7,174500,18.8863778934,19.0091215841,18.8831477962,18.9606701273,349000,0.0,1.0
PPG,2003-12-01 00:00:00+00:00,61.12,61.36,59.21,59.23,1225200,19.7423536316,19.8198759627,19.1254050807,19.1318652749,2450400,0.0,1.0
PPG,2003-12-02 00:00:00+00:00,60.35,61.0,60.2,61.0,690400,19.493636153,19.7035924661,19.4451846961,19.7035924661,1380800,0.0,1.0
PPG,2003-12-03 00:00:00+00:00,60.4,60.83,59.56,60.35,1112400,19.5097866386,19.648680815,19.2384584801,19.493636153,2224800,0.0,1.0
PPG,2003-12-04 00:00:00+00:00,60.96,61.0,60.29,60.35,545500,19.6906720776,19.7035924661,19.4742555702,19.493636153,1091000,0.0,1.0
PPG,2003-12-05 00:00:00+00:00,60.28,61.18,60.13,60.87,551500,19.4710254731,19.7617342144,19.4225740162,19.6616012035,1103000,0.0,1.0
PPG,2003-12-08 00:00:00+00:00,61.27,61.45,60.28,60.28,675600,19.7908050885,19.8489468368,19.4710254731,19.4710254731,1351200,0.0,1.0
PPG,2003-12-09 00:00:00+00:00,62.48,62.54,61.26,61.47,982600,20.1816468407,20.2010274235,19.7875749914,19.855407031,1965200,0.0,1.0
PPG,2003-12-10 00:00:00+00:00,61.24,62.6,61.05,62.48,705200,19.7811147972,20.2204080062,19.7197429518,20.1816468407,1410400,0.0,1.0
PPG,2003-12-11 00:00:00+00:00,61.62,61.68,60.73,61.0,539700,19.9038584879,19.9232390707,19.6163798438,19.7035924661,1079400,0.0,1.0
PPG,2003-12-12 00:00:00+00:00,62.74,62.8,61.47,61.87,578700,20.265629366,20.2850099488,19.855407031,19.9846109161,1157400,0.0,1.0
PPG,2003-12-15 00:00:00+00:00,62.72,63.54,62.52,63.1,680600,20.2591691717,20.524037136,20.1945672292,20.3819128625,1361200,0.0,1.0
PPG,2003-12-16 00:00:00+00:00,62.73,63.04,62.48,62.88,510600,20.2623992689,20.3625322798,20.1816468407,20.3108507258,1021200,0.0,1.0
PPG,2003-12-17 00:00:00+00:00,63.23,63.23,62.34,62.82,550100,20.4239041252,20.4239041252,20.136425481,20.291470143,1100200,0.0,1.0
PPG,2003-12-18 00:00:00+00:00,63.89,64.0,63.0,63.2,632600,20.6370905354,20.6726216038,20.3496118913,20.4142138338,1265200,0.0,1.0
PPG,2003-12-19 00:00:00+00:00,63.19,63.88,63.02,63.82,550600,20.4109837366,20.6338604383,20.3560720855,20.6144798556,1101200,0.0,1.0
PPG,2003-12-22 00:00:00+00:00,63.75,63.9,63.27,63.27,443600,20.5918691757,20.6403206326,20.4368245137,20.4368245137,887200,0.0,1.0
PPG,2003-12-23 00:00:00+00:00,63.45,63.86,63.19,63.42,452900,20.4949662619,20.6274002441,20.4109837366,20.4852759705,905800,0.0,1.0
PPG,2003-12-24 00:00:00+00:00,63.31,63.65,63.21,63.3,122000,20.4497449022,20.5595682044,20.4174439309,20.446514805,244000,0.0,1.0
PPG,2003-12-26 00:00:00+00:00,63.91,63.91,63.35,63.35,162900,20.6435507297,20.6435507297,20.4626652907,20.4626652907,325800,0.0,1.0
PPG,2003-12-29 00:00:00+00:00,64.42,64.42,63.5,63.97,349400,20.8082856831,20.8082856831,20.5111167475,20.6629313124,698800,0.0,1.0
PPG,2003-12-30 00:00:00+00:00,63.56,64.42,63.01,64.42,614800,20.5304973303,20.8082856831,20.3528419884,20.8082856831,1229600,0.0,1.0
PPG,2003-12-31 00:00:00+00:00,64.02,64.08,63.54,63.9,412500,20.6790817981,20.6984623808,20.524037136,20.6403206326,825000,0.0,1.0
PPG,2004-01-02 00:00:00+00:00,63.64,64.48,63.51,64.02,368300,20.5563381073,20.8276662659,20.5143468447,20.6790817981,736600,0.0,1.0
PPG,2004-01-05 00:00:00+00:00,64.6,64.6,63.59,63.85,481800,20.8664274314,20.8664274314,20.5401876217,20.6241701469,963600,0.0,1.0
PPG,2004-01-06 00:00:00+00:00,63.95,64.3,63.28,64.1,425800,20.6564711182,20.7695245176,20.4400546108,20.7049225751,851600,0.0,1.0
PPG,2004-01-07 00:00:00+00:00,63.64,63.95,62.7,63.95,466200,20.5563381073,20.6564711182,20.2527089775,20.6564711182,932400,0.0,1.0
PPG,2004-01-08 00:00:00+00:00,64.15,64.21,63.35,63.62,314000,20.7210730607,20.7404536435,20.4626652907,20.549877913,628000,0.0,1.0
PPG,2004-01-09 00:00:00+00:00,62.77,63.95,62.7,63.95,436100,20.2753196574,20.6564711182,20.2527089775,20.6564711182,872200,0.0,1.0
PPG,2004-01-12 00:00:00+00:00,63.5,63.52,62.5,62.74,429500,20.5111167475,20.5175769418,20.188107035,20.265629366,859000,0.0,1.0
PPG,2004-01-13 00:00:00+00:00,63.4,63.75,62.9,63.5,543500,20.4788157763,20.5918691757,20.31731092,20.5111167475,1087000,0.0,1.0
PPG,2004-01-14 00:00:00+00:00,63.53,64.19,63.3,63.32,439400,20.5208070389,20.7339934492,20.446514805,20.4529749993,878800,0.0,1.0
PPG,2004-01-15 00:00:00+00:00,63.34,64.36,63.26,63.75,523300,20.4594351935,20.7889051003,20.4335944165,20.5918691757,1046600,0.0,1.0
PPG,2004-01-16 00:00:00+00:00,61.44,63.68,61.06,63.4,1263700,19.8457167397,20.5692584958,19.7229730489,20.4788157763,2527400,0.0,1.0
PPG,2004-01-20 00:00:00+00:00,60.66,61.79,60.56,61.44,902700,19.5937691639,19.9587701391,19.5614681926,19.8457167397,1805400,0.0,1.0
PPG,2004-01-21 00:00:00+00:00,60.43,60.77,59.85,60.66,890700,19.51947693,19.6293002323,19.3321312967,19.5937691639,1781400,0.0,1.0
PPG,2004-01-22 00:00:00+00:00,59.3,60.28,59.14,60.25,718800,19.1544759548,19.4710254731,19.1027944008,19.4613351817,1437600,0.0,1.0
PPG,2004-01-23 00:00:00+00:00,58.74,59.8,58.73,59.65,556100,18.9735905158,19.3159808111,18.9703604186,19.2675293542,1112200,0.0,1.0
PPG,2004-01-26 00:00:00+00:00,59.12,59.2,58.15,58.2,587000,19.0963342065,19.1221749835,18.7830147853,18.799165271,1174000,0.0,1.0
PPG,2004-01-27 00:00:00+00:00,59.0,59.35,58.92,59.12,926000,19.057573041,19.1706264404,19.031732264,19.0963342065,1852000,0.0,1.0
PPG,2004-01-28 00:00:00+00:00,58.6,59.63,58.6,59.15,750600,18.928369156,19.2610691599,18.928369156,19.1060244979,1501200,0.0,1.0
PPG,2004-01-29 00:00:00+00:00,58.04,59.0,57.79,58.65,708100,18.747483717,19.057573041,18.6667312888,18.9445196416,1416200,0.0,1.0
PPG,2004-01-30 00:00:00+00:00,58.23,58.55,57.86,58.1,808200,18.8088555624,18.9122186704,18.6893419687,18.7668642997,1616400,0.0,1.0
PPG,2004-02-02 00:00:00+00:00,58.04,58.73,58.0,58.27,677200,18.747483717,18.9703604186,18.7345633285,18.8217759509,1354400,0.0,1.0
PPG,2004-02-03 00:00:00+00:00,57.15,58.3,57.05,58.07,561700,18.4600050728,18.8314662422,18.4277041015,18.7571740083,1123400,0.0,1.0
PPG,2004-02-04 00:00:00+00:00,56.89,57.56,56.67,57.16,645300,18.3760225475,18.5924390549,18.3049604108,18.4632351699,1290600,0.0,1.0
PPG,2004-02-05 00:00:00+00:00,57.74,58.15,57.0,57.0,688600,18.6505808032,18.7830147853,18.4115536159,18.4115536159,1377200,0.0,1.0
PPG,2004-02-06 00:00:00+00:00,58.7,58.75,57.75,57.99,654100,18.9606701273,18.9768206129,18.6538109003,18.7313332313,1308200,0.0,1.0
PPG,2004-02-09 00:00:00+00:00,59.2,59.54,58.67,58.7,573600,19.1221749835,19.2319982858,18.9509798359,18.9606701273,1147200,0.0,1.0
PPG,2004-02-10 00:00:00+00:00,59.65,59.94,59.04,59.2,503300,19.2675293542,19.3612021708,19.0704934295,19.1221749835,1006600,0.0,1.0
PPG,2004-02-11 00:00:00+00:00,60.69,60.73,59.41,59.5,850600,19.6034594552,19.6163798438,19.1900070232,19.2190778973,1701200,0.0,1.0
PPG,2004-02-12 00:00:00+00:00,60.12,60.7,60.0,60.15,597100,19.5614681926,19.7501849516,19.5224233459,19.5712294043,1194200,0.44,1.0
PPG,2004-02-13 00:00:00+00:00,59.0,60.39,58.93,60.2,491000,19.1970496235,19.6493190977,19.1742734629,19.5874980904,982000,0.0,1.0
PPG,2004-02-17 00:00:00+00:00,59.42,59.58,59.1,59.15,377400,19.3337065869,19.3857663825,19.2295869957,19.2458556819,754800,0.0,1.0
PPG,2004-02-18 00:00:00+00:00,58.8,59.29,58.5,59.23,362100,19.131974879,19.291408003,19.0343627623,19.2718855797,724200,0.0,1.0
PPG,2004-02-19 00:00:00+00:00,59.34,60.48,59.0,59.0,475000,19.3076766891,19.6786027327,19.1970496235,19.1970496235,950000,0.0,1.0
PPG,2004-02-20 00:00:00+00:00,58.89,59.78,58.36,59.55,419700,19.161258514,19.450841127,18.9888104411,19.3760051708,839400,0.0,1.0
PPG,2004-02-23 00:00:00+00:00,58.92,59.14,58.5,58.89,541600,19.1710197257,19.2426019446,19.0343627623,19.161258514,1083200,0.0,1.0
PPG,2004-02-24 00:00:00+00:00,58.88,59.63,58.49,58.92,621100,19.1580047768,19.4020350686,19.0311090251,19.1710197257,1242200,0.0,1.0
PPG,2004-02-25 00:00:00+00:00,59.51,59.93,58.8,58.88,727700,19.3629902219,19.4996471854,19.131974879,19.1580047768,1455400,0.0,1.0
PPG,2004-02-26 00:00:00+00:00,58.8,59.51,58.76,59.51,500400,19.131974879,19.3629902219,19.1189599301,19.3629902219,1000800,0.0,1.0
PPG,2004-02-27 00:00:00+00:00,58.69,59.8,58.45,59.18,688100,19.0961837695,19.4573486014,19.0180940762,19.2556168935,1376200,0.0,1.0
PPG,2004-03-01 00:00:00+00:00,59.4,59.52,58.8,58.87,527300,19.3271991125,19.3662439592,19.131974879,19.1547510396,1054600,0.0,1.0
PPG,2004-03-02 00:00:00+00:00,58.69,59.43,58.669,59.3,411600,19.0961837695,19.3369603241,19.0893509214,19.2946617402,823200,0.0,1.0
PPG,2004-03-03 00:00:00+00:00,58.54,58.69,58.1,58.55,365400,19.0473777112,19.0961837695,18.9042132733,19.0506314484,730800,0.0,1.0
PPG,2004-03-04 00:00:00+00:00,58.65,58.85,58.13,58.42,391200,19.0831688206,19.1482435651,18.913974485,19.0083328645,782400,0.0,1.0
PPG,2004-03-05 00:00:00+00:00,58.53,58.75,57.81,58.5,841700,19.0441239739,19.1157061929,18.8098548938,19.0343627623,1683400,0.0,1.0
PPG,2004-03-08 00:00:00+00:00,58.4,59.05,58.28,58.73,393300,19.00182539,19.2133183096,18.9627805433,19.1091987184,786600,0.0,1.0
PPG,2004-03-09 00:00:00+00:00,57.9,58.85,57.48,58.54,781800,18.8391385288,19.1482435651,18.7024815654,19.0473777112,1563600,0.0,1.0
PPG,2004-03-10 00:00:00+00:00,56.33,58.1,56.22,57.9,591200,18.3283017846,18.9042132733,18.2925106751,18.8391385288,1182400,0.0,1.0
PPG,2004-03-11 00:00:00+00:00,56.4,57.32,55.62,55.8,865700,18.3510779452,18.6504217698,18.0972864417,18.1558537117,1731400,0.0,1.0
PPG,2004-03-12 00:00:00+00:00,57.69,58.05,56.46,56.65,744200,18.7708100471,18.8879445872,18.3706003685,18.4324213758,1488400,0.0,1.0
PPG,2004-03-15 00:00:00+00:00,56.56,57.64,56.04,57.64,673800,18.4031377408,18.754541361,18.2339434051,18.754541361,1347600,0.0,1.0
PPG,2004-03-16 00:00:00+00:00,56.82,57.59,56.42,57.2,621500,18.4877349086,18.7382726749,18.3575854196,18.6113769231,1243000,0.0,1.0
PPG,2004-03-17 00:00:00+00:00,57.27,57.54,57.11,57.25,505200,18.6341530837,18.7220039887,18.5820932881,18.6276456092,1010400,0.0,1.0
PPG,2004-03-18 00:00:00+00:00,56.54,57.07,55.97,57.02,640500,18.3966302663,18.5690783392,18.2111672445,18.5528096531,1281000,0.0,1.0
PPG,2004-03-19 00:00:00+00:00,56.17,57.01,56.15,56.75,514800,18.276241989,18.5495559159,18.2697345146,18.464958748,1029600,0.0,1.0
PPG,2004-03-22 00:00:00+00:00,55.45,55.75,54.81,55.75,626000,18.0419729089,18.1395850256,17.8337337265,18.1395850256,1252000,0.0,1.0
PPG,2004-03-23 00:00:00+00:00,55.59,56.5,55.38,55.8,475900,18.08752523,18.3836153174,18.0191967483,18.1558537117,951800,0.0,1.0
PPG,2004-03-24 00:00:00+00:00,55.18,55.75,55.04,55.22,586500,17.9541220038,18.1395850256,17.9085696827,17.9671369527,1173000,0.0,1.0
PPG,2004-03-25 00:00:00+00:00,56.51,57.06,55.36,55.48,548000,18.3868690546,18.565824602,18.0126892738,18.0517341205,1096000,0.0,1.0
PPG,2004-03-26 00:00:00+00:00,56.18,56.54,55.5,55.5,561400,18.2794957262,18.3966302663,18.058241595,18.058241595,1122800,0.0,1.0
PPG,2004-03-29 00:00:00+00:00,57.68,58.15,56.7,56.7,552700,18.7675563099,18.9204819594,18.4486900619,18.4486900619,1105400,0.0,1.0
PPG,2004-03-30 00:00:00+00:00,57.92,58.04,57.31,57.55,514500,18.8456460033,18.88469085,18.6471680326,18.725257726,1029000,0.0,1.0
PPG,2004-03-31 00:00:00+00:00,58.3,58.76,57.66,58.06,889400,18.9692880178,19.1189599301,18.7610488354,18.8911983244,1778800,0.0,1.0
PPG,2004-04-01 00:00:00+00:00,59.17,59.62,58.5,58.65,620700,19.2523631563,19.3987813314,19.0343627623,19.0831688206,1241400,0.0,1.0
PPG,2004-04-02 00:00:00+00:00,60.07,60.44,59.44,60.15,542800,19.5451995065,19.6655877838,19.3402140614,19.5712294043,1085600,0.0,1.0
PPG,2004-04-05 00:00:00+00:00,59.98,59.98,59.37,59.45,569900,19.5159158715,19.5159158715,19.3174379008,19.3434677986,1139800,0.0,1.0
PPG,2004-04-06 00:00:00+00:00,59.92,59.98,59.48,59.85,436000,19.4963934481,19.5159158715,19.3532290103,19.4736172876,872000,0.0,1.0
PPG,2004-04-07 00:00:00+00:00,59.33,59.92,59.1,59.92,468300,19.3044229519,19.4963934481,19.2295869957,19.4963934481,936600,0.0,1.0
PPG,2004-04-08 00:00:00+00:00,59.73,60.49,59.42,60.35,545300,19.4345724409,19.6818564699,19.3337065869,19.6363041488,1090600,0.0,1.0
PPG,2004-04-12 00:00:00+00:00,59.98,60.36,59.8,59.8,284400,19.5159158715,19.639557886,19.4573486014,19.4573486014,568800,0.0,1.0
PPG,2004-04-13 00:00:00+00:00,59.3,60.5,59.3,60.48,437300,19.2946617402,19.6851102071,19.2946617402,19.6786027327,874600,0.0,1.0
PPG,2004-04-14 00:00:00+00:00,59.42,59.83,58.66,59.15,589800,19.3337065869,19.4671098131,19.0864225579,19.2458556819,1179600,0.0,1.0
PPG,2004-04-15 00:00:00+00:00,60.71,62.25,60.5,60.85,1376500,19.7534386889,20.2545142214,19.6851102071,19.79899101,2753000,0.0,1.0
PPG,2004-04-16 00:00:00+00:00,61.26,61.94,60.35,60.8,865800,19.9323942362,20.1536483674,19.6363041488,19.7827223239,1731600,0.0,1.0
PPG,2004-04-19 00:00:00+00:00,61.92,62.12,61.25,61.48,864000,20.147140893,20.2122156375,19.929140499,20.0039764551,1728000,0.0,1.0
PPG,2004-04-20 00:00:00+00:00,60.99,62.47,60.96,62.15,640800,19.8445433311,20.3260964403,19.8347821195,20.2219768492,1281600,0.0,1.0
PPG,2004-04-21 00:00:00+00:00,61.34,61.39,60.48,61.24,579600,19.958424134,19.9746928201,19.6786027327,19.9258867617,1159200,0.0,1.0
PPG,2004-04-22 00:00:00+00:00,62.52,62.88,61.0,61.0,573100,20.3423651265,20.4594996665,19.8477970684,19.8477970684,1146200,0.0,1.0
PPG,2004-04-23 00:00:00+00:00,62.07,62.4,61.05,62.4,766600,20.1959469514,20.3033202798,19.8640657545,20.3033202798,1533200,0.0,1.0
PPG,2004-04-26 00:00:00+00:00,61.92,62.54,61.76,62.07,413200,20.147140893,20.3488726009,20.0950810974,20.1959469514,826400,0.0,1.0
PPG,2004-04-27 00:00:00+00:00,62.18,62.74,61.83,62.25,571500,20.2317380608,20.4139473454,20.117857258,20.2545142214,1143000,0.0,1.0
PPG,2004-04-28 00:00:00+00:00,60.34,62.0,60.25,62.0,780200,19.6330504116,20.1731707908,19.6037667765,20.1731707908,1560400,0.0,1.0
PPG,2004-04-29 00:00:00+00:00,59.62,60.95,59.05,60.54,1235300,19.3987813314,19.8315283822,19.2133183096,19.698125156,2470600,0.0,1.0
PPG,2004-04-30 00:00:00+00:00,59.31,60.21,59.27,59.9,623400,19.2979154774,19.5907518276,19.2849005285,19.4898859737,1246800,0.0,1.0
PPG,2004-05-03 00:00:00+00:00,59.17,59.77,58.71,59.7,830200,19.2523631563,19.4475873898,19.102691244,19.4248112292,1660400,0.0,1.0
PPG,2004-05-04 00:00:00+00:00,59.11,59.67,58.67,59.16,977000,19.232840733,19.4150500175,19.0896762951,19.2491094191,1954000,0.0,1.0
PPG,2004-05-05 00:00:00+00:00,59.36,59.53,58.71,59.25,577100,19.3141841636,19.3694976964,19.102691244,19.2783930541,1154200,0.0,1.0
PPG,2004-05-06 00:00:00+00:00,59.16,59.28,58.68,58.91,669000,19.3955275942,19.4348694351,19.2381602303,19.3135654255,1338000,0.45,1.0
PPG,2004-05-07 00:00:00+00:00,57.61,59.2,57.55,59.15,695400,18.8873621484,19.4086415412,18.8676912279,19.3922491074,1390800,0.0,1.0
PPG,2004-05-10 00:00:00+00:00,56.8,57.48,56.2,57.2,726300,18.6218047219,18.8447418207,18.4250955171,18.7529441918,1452600,0.0,1.0
PPG,2004-05-11 00:00:00+00:00,57.41,57.54,56.78,56.78,430800,18.8217924135,18.8644127412,18.6152477484,18.6152477484,861600,0.0,1.0
PPG,2004-05-12 00:00:00+00:00,57.35,57.47,56.13,57.1,577000,18.802121493,18.841463334,18.4021461099,18.7201593243,1154000,0.0,1.0
PPG,2004-05-13 00:00:00+00:00,58.08,58.5,57.18,57.35,897700,19.0414510255,19.1791474689,18.7463872183,18.802121493,1795400,0.0,1.0
PPG,2004-05-14 00:00:00+00:00,58.11,58.47,57.35,57.9,605400,19.0512864858,19.1693120086,18.802121493,18.9824382641,1210800,0.0,1.0
PPG,2004-05-17 00:00:00+00:00,56.98,58.11,56.77,58.11,703200,18.6808174834,19.0512864858,18.6119692617,19.0512864858,1406400,0.0,1.0
PPG,2004-05-18 00:00:00+00:00,57.07,57.5,56.81,57.36,551200,18.7103238641,18.8512987942,18.6250832087,18.8053999797,1102400,0.0,1.0
PPG,2004-05-19 00:00:00+00:00,56.89,58.4,56.73,57.75,746200,18.6513111026,19.1463626014,18.5988553147,18.9332609629,1492400,0.0,1.0
PPG,2004-05-20 00:00:00+00:00,56.9,57.5,56.69,57.1,436400,18.6545895894,18.8512987942,18.5857413677,18.7201593243,872800,0.0,1.0
PPG,2004-05-21 00:00:00+00:00,58.27,58.82,57.58,57.7,795200,19.1037422737,19.2840590448,18.8775266882,18.9168685291,1590400,0.0,1.0
PPG,2004-05-24 00:00:00+00:00,58.1,59.16,57.72,58.52,415400,19.048007999,19.3955275942,18.9234255026,19.1857044424,830800,0.0,1.0
PPG,2004-05-25 00:00:00+00:00,59.26,59.31,57.4,58.1,509400,19.4283124616,19.4447048954,18.8185139267,19.048007999,1018800,0.0,1.0
PPG,2004-05-26 00:00:00+00:00,59.43,59.71,58.87,59.26,328900,19.4840467363,19.5758443653,19.3004514785,19.4283124616,657800,0.0,1.0
PPG,2004-05-27 00:00:00+00:00,59.85,60.62,59.72,59.95,516400,19.6217431797,19.8741866592,19.579122852,19.6545280472,1032800,0.0,1.0
PPG,2004-05-28 00:00:00+00:00,59.8,60.08,59.2,60.05,485000,19.605350746,19.6971483749,19.4086415412,19.6873129146,970000,0.0,1.0
PPG,2004-06-01 00:00:00+00:00,59.77,60.01,59.46,59.6,360700,19.5955152857,19.6741989677,19.4938821966,19.539781011,721400,0.0,1.0
PPG,2004-06-02 00:00:00+00:00,60.24,60.41,59.54,60.25,305300,19.7496041628,19.8053384375,19.5201100906,19.7528826496,610600,0.0,1.0
PPG,2004-06-03 00:00:00+00:00,59.3,60.25,59.3,60.25,378500,19.4414264086,19.7528826496,19.4414264086,19.7528826496,757000,0.0,1.0
PPG,2004-06-04 00:00:00+00:00,60.18,60.56,59.84,59.9,456100,19.7299332424,19.8545157387,19.618464693,19.6381356134,912200,0.0,1.0
PPG,2004-06-07 00:00:00+00:00,61.1,61.2,60.5,60.65,377300,20.0315540231,20.0643388905,19.8348448182,19.8840221195,754600,0.0,1.0
PPG,2004-06-08 00:00:00+00:00,61.08,61.1,60.62,61.08,404400,20.0249970496,20.0315540231,19.8741866592,20.0249970496,808800,0.0,1.0
PPG,2004-06-09 00:00:00+00:00,60.81,61.32,60.72,61.07,405900,19.9364779074,20.1036807315,19.9069715267,20.0217185628,811800,0.0,1.0
PPG,2004-06-10 00:00:00+00:00,60.98,61.28,60.78,61.25,237600,19.9922121821,20.0905667845,19.9266424472,20.0807313243,475200,0.0,1.0
PPG,2004-06-14 00:00:00+00:00,59.91,60.99,59.85,60.99,437600,19.6414141002,19.9954906688,19.6217431797,19.9954906688,875200,0.0,1.0
PPG,2004-06-15 00:00:00+00:00,60.02,60.8,59.8,60.46,559100,19.6774774544,19.9331994207,19.605350746,19.8217308713,1118200,0.0,1.0
PPG,2004-06-16 00:00:00+00:00,60.28,60.4,59.53,60.1,584400,19.7627181098,19.8020599508,19.5168316038,19.7037053484,1168800,0.0,1.0
PPG,2004-06-17 00:00:00+00:00,60.26,60.37,59.91,60.29,209300,19.7561611363,19.7922244905,19.6414141002,19.7659965966,418600,0.0,1.0
PPG,2004-06-18 00:00:00+00:00,61.51,61.98,60.25,60.27,585900,20.1659719797,20.3200608568,19.7528826496,19.7594396231,1171800,0.0,1.0
PPG,2004-06-21 00:00:00+00:00,61.3,61.95,61.21,61.95,397000,20.097123758,20.3102253965,20.0676173773,20.3102253965,794000,0.0,1.0
PPG,2004-06-22 00:00:00+00:00,61.53,61.71,60.74,61.2,379400,20.1725289532,20.2315417146,19.9135285002,20.0643388905,758800,0.0,1.0
PPG,2004-06-23 00:00:00+00:00,62.18,62.45,60.36,61.6,383200,20.3856305917,20.4741497339,19.7889460038,20.1954783604,766400,0.0,1.0
PPG,2004-06-24 00:00:00+00:00,61.62,62.26,61.62,62.03,411700,20.2020353339,20.4118584857,20.2020353339,20.3364532905,823400,0.0,1.0
PPG,2004-06-25 00:00:00+00:00,61.8,62.1,61.29,61.63,732600,20.2610480953,20.3594026977,20.0938452712,20.2053138206,1465200,0.0,1.0
PPG,2004-06-28 00:00:00+00:00,61.45,62.06,61.25,62.0,433300,20.1463010592,20.3462887508,20.0807313243,20.3266178303,866600,0.0,1.0
PPG,2004-06-29 00:00:00+00:00,62.85,62.89,61.47,61.55,576600,20.6052892038,20.6184031507,20.1528580327,20.1790859267,1153200,0.0,1.0
PPG,2004-06-30 00:00:00+00:00,62.49,62.82,62.17,62.64,449000,20.4872636809,20.5954537435,20.382352105,20.5364409821,898000,0.0,1.0
PPG,2004-07-01 00:00:00+00:00,61.25,62.75,60.62,62.5,659600,20.0807313243,20.5725043363,19.8741866592,20.4905421676,1319200,0.0,1.0
PPG,2004-07-02 00:00:00+00:00,60.55,61.08,60.11,61.0,331900,19.851237252,20.0249970496,19.7069838351,19.9987691556,663800,0.0,1.0
PPG,2004-07-06 00:00:00+00:00,60.84,60.98,60.21,60.42,661800,19.9463133676,19.9922121821,19.7397687026,19.8086169243,1323600,0.0,1.0
PPG,2004-07-07 00:00:00+00:00,60.58,60.93,60.37,60.5,371400,19.8610727122,19.9758197484,19.7922244905,19.8348448182,742800,0.0,1.0
PPG,2004-07-08 00:00:00+00:00,60.43,61.41,59.95,60.33,401900,19.811895411,20.1331871122,19.6545280472,19.7791105436,803800,0.0,1.0
PPG,2004-07-09 00:00:00+00:00,61.15,61.61,60.53,60.54,523700,20.0479464568,20.1987568471,19.8446802785,19.8479587652,1047400,0.0,1.0
PPG,2004-07-12 00:00:00+00:00,61.5,61.64,60.75,61.29,317000,20.1626934929,20.2085923074,19.9168069869,20.0938452712,634000,0.0,1.0
PPG,2004-07-13 00:00:00+00:00,61.42,61.72,61.1,61.27,244600,20.136465599,20.2348202014,20.0315540231,20.0872882978,489200,0.0,1.0
PPG,2004-07-14 00:00:00+00:00,61.66,62.25,60.87,61.0,340200,20.2151492809,20.4085799989,19.9561488279,19.9987691556,680400,0.0,1.0
PPG,2004-07-15 00:00:00+00:00,60.81,62.0,60.81,61.61,396200,19.9364779074,20.3266178303,19.9364779074,20.1987568471,792400,0.0,1.0
PPG,2004-07-16 00:00:00+00:00,59.73,61.3,59.73,61.3,907500,19.5824013387,20.097123758,19.5824013387,20.097123758,1815000,0.0,1.0
PPG,2004-07-19 00:00:00+00:00,59.24,59.83,58.98,59.73,961400,19.4217554882,19.6151862062,19.3365148327,19.5824013387,1922800,0.0,1.0
PPG,2004-07-20 00:00:00+00:00,59.01,59.22,58.5,59.1,755400,19.346350293,19.4151985147,19.1791474689,19.3758566737,1510800,0.0,1.0
PPG,2004-07-21 00:00:00+00:00,58.09,59.46,58.09,59.25,504500,19.0447295123,19.4938821966,19.0447295123,19.4250339749,1009000,0.0,1.0
PPG,2004-07-22 00:00:00+00:00,58.09,58.34,57.14,58.0,950100,19.0447295123,19.1266916809,18.7332732713,19.0152231315,1900200,0.0,1.0
PPG,2004-07-23 00:00:00+00:00,57.88,58.43,57.59,58.09,453900,18.9758812906,19.1561980617,18.8808051749,19.0447295123,907800,0.0,1.0
PPG,2004-07-26 00:00:00+00:00,57.95,58.11,57.65,57.8,812600,18.9988306978,19.0512864858,18.9004760954,18.9496533966,1625200,0.0,1.0
PPG,2004-07-27 00:00:00+00:00,58.62,58.85,57.79,58.09,434700,19.2184893098,19.293894505,18.9463749099,19.0447295123,869400,0.0,1.0
PPG,2004-07-28 00:00:00+00:00,58.79,58.98,57.95,58.25,663900,19.2742235845,19.3365148327,18.9988306978,19.0971853002,1327800,0.0,1.0
PPG,2004-07-29 00:00:00+00:00,59.44,59.73,58.91,58.91,476000,19.4873252231,19.5824013387,19.3135654255,19.3135654255,952000,0.0,1.0
PPG,2004-07-30 00:00:00+00:00,58.95,59.55,58.8,59.55,408900,19.3266793725,19.5233885773,19.2775020713,19.5233885773,817800,0.0,1.0
PPG,2004-08-02 00:00:00+00:00,59.48,59.61,58.42,58.79,387600,19.5004391701,19.5430594978,19.1529195749,19.2742235845,775200,0.0,1.0
PPG,2004-08-03 00:00:00+00:00,59.16,59.3,58.6,59.18,379300,19.3955275942,19.4414264086,19.2119323364,19.4020845677,758600,0.0,1.0
PPG,2004-08-04 00:00:00+00:00,59.78,60.1,58.45,58.85,456400,19.5987937725,19.7037053484,19.1627550352,19.293894505,912800,0.0,1.0
PPG,2004-08-05 00:00:00+00:00,58.03,59.75,57.95,59.74,374600,19.0250585918,19.5889583122,18.9988306978,19.5856798255,749200,0.0,1.0
PPG,2004-08-06 00:00:00+00:00,56.63,57.17,56.42,56.95,714800,18.7136023508,18.8920474377,18.6442070393,18.8193475875,1429600,0.45,1.0
PPG,2004-08-09 00:00:00+00:00,56.96,57.31,56.47,56.63,408400,18.8226521261,18.9383109787,18.6607297325,18.7136023508,816800,0.0,1.0
PPG,2004-08-10 00:00:00+00:00,58.17,58.17,57.13,57.2,487000,19.2225013023,19.2225013023,18.8788292831,18.9019610536,974000,0.0,1.0
PPG,2004-08-11 00:00:00+00:00,58.28,58.41,57.29,57.92,534300,19.2588512274,19.3018102298,18.9317019015,19.1398878361,1068600,0.0,1.0
PPG,2004-08-12 00:00:00+00:00,57.05,58.19,56.9,58.18,556400,18.852392974,19.2291103796,18.8028248943,19.2258058409,1112800,0.0,1.0
PPG,2004-08-13 00:00:00+00:00,56.66,57.27,56.2,57.05,570000,18.7235159668,18.9250928242,18.5715071891,18.852392974,1140000,0.0,1.0
PPG,2004-08-16 00:00:00+00:00,58.76,58.76,56.85,56.85,632300,19.4174690824,19.4174690824,18.786302201,18.786302201,1264600,0.0,1.0
PPG,2004-08-17 00:00:00+00:00,59.1,59.42,58.76,58.79,456200,19.5298233963,19.635568633,19.4174690824,19.4273826983,912400,0.0,1.0
PPG,2004-08-18 00:00:00+00:00,59.72,59.76,58.75,59.0,326500,19.7347047924,19.747922947,19.4141645437,19.4967780099,653000,0.0,1.0
PPG,2004-08-19 00:00:00+00:00,59.52,59.7,59.12,59.6,321200,19.6686140195,19.7280957151,19.5364324736,19.6950503286,642400,0.0,1.0
PPG,2004-08-20 00:00:00+00:00,59.8,59.94,59.5,59.6,475400,19.7611411015,19.8074046426,19.6620049422,19.6950503286,950800,0.0,1.0
PPG,2004-08-23 00:00:00+00:00,58.9,59.8,58.9,59.75,548200,19.4637326234,19.7611411015,19.4637326234,19.7446184083,1096400,0.0,1.0
PPG,2004-08-24 00:00:00+00:00,59.64,59.77,59.18,59.2,339600,19.7082684832,19.7512274856,19.5562597055,19.5628687828,679200,0.0,1.0
PPG,2004-08-25 00:00:00+00:00,60.17,60.45,59.06,59.71,366800,19.8834090314,19.9759361135,19.5166052418,19.7314002537,733600,0.0,1.0
PPG,2004-08-26 00:00:00+00:00,60.29,60.48,59.91,59.92,287500,19.9230634952,19.9858497294,19.7974910266,19.8007955653,575000,0.0,1.0
PPG,2004-08-27 00:00:00+00:00,59.9,60.29,59.7,60.28,479000,19.794186488,19.9230634952,19.7280957151,19.9197589565,958000,0.0,1.0
PPG,2004-08-30 00:00:00+00:00,59.62,60.21,59.55,59.75,282300,19.7016594059,19.896627186,19.6785276354,19.7446184083,564600,0.0,1.0
PPG,2004-08-31 00:00:00+00:00,59.77,60.12,59.42,59.75,482800,19.7512274856,19.8668863382,19.635568633,19.7446184083,965600,0.0,1.0
PPG,2004-09-01 00:00:00+00:00,59.45,60.15,59.35,59.65,602700,19.6454822489,19.8767999541,19.6124368625,19.7115730219,1205400,0.0,1.0
PPG,2004-09-02 00:00:00+00:00,60.83,60.84,59.65,59.65,357900,20.101508582,20.1048131207,19.7115730219,19.7115730219,715800,0.0,1.0
PPG,2004-09-03 00:00:00+00:00,60.69,61.06,60.58,60.58,464700,20.055245041,20.1775129709,20.0188951159,20.0188951159,929400,0.0,1.0
PPG,2004-09-07 00:00:00+00:00,60.82,61.2,60.55,61.1,519900,20.0982040434,20.2237765119,20.0089815,20.1907311255,1039800,0.0,1.0
PPG,2004-09-08 00:00:00+00:00,60.18,60.8,60.13,60.65,284700,19.8867135701,20.0915949661,19.8701908768,20.0420268864,569400,0.0,1.0
PPG,2004-09-09 00:00:00+00:00,60.02,60.73,59.88,60.4,432400,19.8338409517,20.0684631956,19.7875774107,19.9594134203,864800,0.0,1.0
PPG,2004-09-10 00:00:00+00:00,59.95,60.01,59.18,59.85,437400,19.8107091812,19.8305364131,19.5562597055,19.7776637948,874800,0.0,1.0
PPG,2004-09-13 00:00:00+00:00,60.18,60.37,59.94,60.0,435300,19.8867135701,19.9494998043,19.8074046426,19.8272318745,870600,0.0,1.0
PPG,2004-09-14 00:00:00+00:00,59.61,60.0,59.06,59.92,537700,19.6983548673,19.8272318745,19.5166052418,19.8007955653,1075400,0.0,1.0
PPG,2004-09-15 00:00:00+00:00,59.46,59.83,59.29,59.3,560600,19.6487867876,19.7710547175,19.5926096306,19.5959141693,1121200,0.0,1.0
PPG,2004-09-16 00:00:00+00:00,59.8,60.17,59.46,59.46,603900,19.7611411015,19.8834090314,19.6487867876,19.6487867876,1207800,0.0,1.0
PPG,2004-09-17 00:00:00+00:00,59.45,60.19,59.45,59.81,463600,19.6454822489,19.8900181087,19.6454822489,19.7644456402,927200,0.0,1.0
PPG,2004-09-20 00:00:00+00:00,59.37,60.0,59.26,59.4,573300,19.6190459398,19.8272318745,19.5826960147,19.6289595557,1146600,0.0,1.0
PPG,2004-09-21 00:00:00+00:00,59.53,60.07,59.13,59.62,433800,19.6719185581,19.850363645,19.5397370123,19.7016594059,867600,0.0,1.0
PPG,2004-09-22 00:00:00+00:00,59.01,59.44,58.95,59.44,537300,19.5000825485,19.6421777103,19.4802553166,19.6421777103,1074600,0.0,1.0
PPG,2004-09-23 00:00:00+00:00,58.67,59.16,58.37,59.12,530000,19.3877282346,19.5496506282,19.2885920752,19.5364324736,1060000,0.0,1.0
PPG,2004-09-24 00:00:00+00:00,59.66,59.8,58.77,59.0,402000,19.7148775605,19.7611411015,19.420773621,19.4967780099,804000,0.0,1.0
PPG,2004-09-27 00:00:00+00:00,59.48,59.88,59.16,59.66,414100,19.6553958649,19.7875774107,19.5496506282,19.7148775605,828200,0.0,1.0
PPG,2004-09-28 00:00:00+00:00,60.41,60.54,59.46,59.48,766500,19.9627179589,20.0056769613,19.6487867876,19.6553958649,1533000,0.0,1.0
PPG,2004-09-29 00:00:00+00:00,61.27,61.27,60.01,60.16,487800,20.2469082825,20.2469082825,19.8305364131,19.8801044928,975600,0.0,1.0
PPG,2004-09-30 00:00:00+00:00,61.28,61.88,60.87,60.87,1033900,20.2502128211,20.4484851399,20.1147267366,20.1147267366,2067800,0.0,1.0
PPG,2004-10-01 00:00:00+00:00,62.06,62.06,61.07,61.4,597900,20.5079668355,20.5079668355,20.1808175095,20.2898672849,1195800,0.0,1.0
PPG,2004-10-04 00:00:00+00:00,62.21,62.56,61.98,62.15,614300,20.5575349152,20.6731937678,20.4815305263,20.5377076833,1228600,0.0,1.0
PPG,2004-10-05 00:00:00+00:00,61.8,62.3,61.57,62.15,409800,20.4220488307,20.587275763,20.3460444418,20.5377076833,819600,0.0,1.0
PPG,2004-10-06 00:00:00+00:00,62.22,62.32,61.85,62.0,572700,20.5608394538,20.5938848403,20.4385715239,20.4881396036,1145400,0.0,1.0
PPG,2004-10-07 00:00:00+00:00,61.39,62.16,61.36,62.0,375500,20.2865627462,20.5410122219,20.2766491303,20.4881396036,751000,0.0,1.0
PPG,2004-10-08 00:00:00+00:00,60.96,61.39,60.76,61.39,384200,20.1444675844,20.2865627462,20.0783768115,20.2865627462,768400,0.0,1.0
PPG,2004-10-11 00:00:00+00:00,61.05,61.45,60.76,61.0,245600,20.1742084323,20.3063899781,20.0783768115,20.157685739,491200,0.0,1.0
PPG,2004-10-12 00:00:00+00:00,60.66,60.95,60.1,60.95,498300,20.0453314251,20.1411630458,19.8602772609,20.1411630458,996600,0.0,1.0
PPG,2004-10-13 00:00:00+00:00,58.92,60.91,58.89,60.91,597300,19.4703417007,20.1279448912,19.4604280848,20.1279448912,1194600,0.0,1.0
PPG,2004-10-14 00:00:00+00:00,59.92,60.25,59.58,59.58,906600,19.8007955653,19.9098453406,19.6884412513,19.6884412513,1813200,0.0,1.0
PPG,2004-10-15 00:00:00+00:00,60.54,60.9,59.68,59.85,609300,20.0056769613,20.1246403526,19.7214866378,19.7776637948,1218600,0.0,1.0
PPG,2004-10-18 00:00:00+00:00,60.54,60.99,60.09,60.61,273700,20.0056769613,20.1543812004,19.8569727223,20.0288087318,547400,0.0,1.0
PPG,2004-10-19 00:00:00+00:00,59.5,61.08,59.4,60.8,402800,19.6620049422,20.1841220482,19.6289595557,20.0915949661,805600,0.0,1.0
PPG,2004-10-20 00:00:00+00:00,60.02,60.2,59.45,59.51,659000,19.8338409517,19.8933226474,19.6454822489,19.6653094808,1318000,0.0,1.0
PPG,2004-10-21 00:00:00+00:00,60.17,60.75,59.2,59.77,742500,19.8834090314,20.0750722729,19.5628687828,19.7512274856,1485000,0.0,1.0
PPG,2004-10-22 00:00:00+00:00,60.13,61.4,60.13,60.9,612400,19.8701908768,20.2898672849,19.8701908768,20.1246403526,1224800,0.0,1.0
PPG,2004-10-25 00:00:00+00:00,60.94,60.94,59.63,59.88,651600,20.1378585072,20.1378585072,19.7049639446,19.7875774107,1303200,0.0,1.0
PPG,2004-10-26 00:00:00+00:00,61.92,61.92,60.85,61.05,1019200,20.4617032944,20.4617032944,20.1081176593,20.1742084323,2038400,0.0,1.0
PPG,2004-10-27 00:00:00+00:00,62.88,62.88,61.45,61.98,961800,20.7789390044,20.7789390044,20.3063899781,20.4815305263,1923600,0.0,1.0
PPG,2004-10-28 00:00:00+00:00,62.44,62.55,61.69,62.55,911200,20.633539304,20.6698892291,20.3856989056,20.6698892291,1822400,0.0,1.0
PPG,2004-10-29 00:00:00+00:00,63.75,63.81,62.44,62.45,683300,21.0664338666,21.0862610985,20.633539304,20.6368438427,1366600,0.0,1.0
PPG,2004-11-01 00:00:00+00:00,63.65,63.76,62.77,63.15,831400,21.0333884801,21.0697384053,20.7425890793,20.8681615479,1662800,0.0,1.0
PPG,2004-11-02 00:00:00+00:00,63.65,64.3,63.29,63.65,616100,21.0333884801,21.2481834921,20.9144250889,21.0333884801,1232200,0.0,1.0
PPG,2004-11-03 00:00:00+00:00,64.63,65.0,63.65,64.2,1365800,21.3572332674,21.4795011973,21.0333884801,21.2151381057,2731600,0.0,1.0
PPG,2004-11-04 00:00:00+00:00,66.09,66.14,64.39,64.6,1144300,21.8396959097,21.8562186029,21.2779243399,21.3473196515,2288600,0.0,1.0
PPG,2004-11-05 00:00:00+00:00,65.82,66.59,65.27,66.08,1001900,21.7504733663,22.004922842,21.5687237408,21.8363913711,2003800,0.0,1.0
PPG,2004-11-08 00:00:00+00:00,65.61,65.74,64.98,64.98,600500,21.8297822938,21.8730359395,21.620168472,21.620168472,1201000,0.45,1.0
PPG,2004-11-09 00:00:00+00:00,66.3,66.65,65.57,65.62,693000,22.0593593366,22.1758114598,21.8164734797,21.8331094973,1386000,0.0,1.0
PPG,2004-11-10 00:00:00+00:00,66.0,66.47,65.9,66.36,742900,21.959543231,22.1159217965,21.9262711958,22.0793225578,1485800,0.0,1.0
PPG,2004-11-11 00:00:00+00:00,66.75,66.93,65.68,66.01,547500,22.209083495,22.2689731584,21.8530727184,21.9628704346,1095000,0.0,1.0
PPG,2004-11-12 00:00:00+00:00,66.99,67.0,66.41,66.76,739400,22.2889363795,22.292263583,22.0959585754,22.2124106986,1478800,0.0,1.0
PPG,2004-11-15 00:00:00+00:00,66.87,67.12,66.5,66.98,486100,22.2490099373,22.3321900253,22.125903407,22.285609176,972200,0.0,1.0
PPG,2004-11-16 00:00:00+00:00,66.46,67.2,66.35,66.55,552200,22.112594593,22.3588076534,22.0759953542,22.1425394246,1104400,0.0,1.0
PPG,2004-11-17 00:00:00+00:00,66.86,67.96,66.5,66.5,688200,22.2456827338,22.6116751209,22.125903407,22.125903407,1376400,0.0,1.0
PPG,2004-11-18 00:00:00+00:00,67.32,67.6,67.04,67.35,499600,22.3987340957,22.4918957942,22.3055723971,22.4087157062,999200,0.0,1.0
PPG,2004-11-19 00:00:00+00:00,67.0,67.55,66.3,67.55,435700,22.292263583,22.4752597766,22.0593593366,22.4752597766,871400,0.0,1.0
PPG,2004-11-22 00:00:00+00:00,67.4,67.49,66.61,67.1,389900,22.4253517238,22.4552965555,22.1625026458,22.3255356182,779800,0.0,1.0
PPG,2004-11-23 00:00:00+00:00,67.08,67.44,66.85,67.39,629500,22.3188812112,22.4386605379,22.2423555302,22.4220245203,1259000,0.0,1.0
PPG,2004-11-24 00:00:00+00:00,67.4,67.61,66.95,67.16,424000,22.4253517238,22.4952229977,22.2756275654,22.3454988394,848000,0.0,1.0
PPG,2004-11-26 00:00:00+00:00,67.93,68.2,67.32,67.35,213300,22.6016935104,22.6915280054,22.3987340957,22.4087157062,426600,0.0,1.0
PPG,2004-11-29 00:00:00+00:00,68.0,68.13,67.17,67.93,604100,22.624983935,22.6682375808,22.3488260429,22.6016935104,1208200,0.0,1.0
PPG,2004-11-30 00:00:00+00:00,67.47,68.1,67.47,67.85,418300,22.4486421485,22.6582559702,22.4486421485,22.5750758822,836600,0.0,1.0
PPG,2004-12-01 00:00:00+00:00,68.55,68.6,67.52,67.56,463900,22.8079801286,22.8246161462,22.4652781661,22.4785869801,927800,0.0,1.0
PPG,2004-12-02 00:00:00+00:00,68.0,68.55,67.72,68.55,785900,22.624983935,22.8079801286,22.5318222365,22.8079801286,1571800,0.0,1.0
PPG,2004-12-03 00:00:00+00:00,67.61,67.99,67.15,67.7,763900,22.4952229977,22.6216567315,22.3421716358,22.5251678294,1527800,0.0,1.0
PPG,2004-12-06 00:00:00+00:00,67.78,67.85,67.35,67.45,901200,22.5517854576,22.5750758822,22.4087157062,22.4419877414,1802400,0.0,1.0
PPG,2004-12-07 00:00:00+00:00,65.92,67.85,65.62,67.78,1200100,21.9329256029,22.5750758822,21.8331094973,22.5517854576,2400200,0.0,1.0
PPG,2004-12-08 00:00:00+00:00,66.02,66.23,65.36,66.12,634400,21.9661976381,22.036068912,21.7466022058,21.9994696733,1268800,0.0,1.0
PPG,2004-12-09 00:00:00+00:00,65.79,65.95,64.74,65.85,1091900,21.8896719571,21.9429072134,21.5403155875,21.9096351782,2183800,0.0,1.0
PPG,2004-12-10 00:00:00+00:00,65.09,67.54,65.0,66.92,991600,21.6567677107,22.4719325731,21.6268228791,22.2656459549,1983200,0.0,1.0
PPG,2004-12-13 00:00:00+00:00,66.35,66.35,65.24,65.7,718100,22.0759953542,22.0759953542,21.7066757635,21.8597271255,1436200,0.0,1.0
PPG,2004-12-14 00:00:00+00:00,67.16,67.32,66.34,66.35,573400,22.3454988394,22.3987340957,22.0726681507,22.0759953542,1146800,0.0,1.0
PPG,2004-12-15 00:00:00+00:00,67.52,67.67,67.0,67.0,481400,22.4652781661,22.5151862189,22.292263583,22.292263583,962800,0.0,1.0
PPG,2004-12-16 00:00:00+00:00,67.15,67.78,66.89,67.75,599300,22.3421716358,22.5517854576,22.2556643443,22.541803847,1198600,0.0,1.0
PPG,2004-12-17 00:00:00+00:00,66.4,67.14,66.34,67.0,1134800,22.0926313718,22.3388444323,22.0726681507,22.292263583,2269600,0.0,1.0
PPG,2004-12-20 00:00:00+00:00,66.9,67.44,66.61,66.65,352900,22.2589915478,22.4386605379,22.1625026458,22.1758114598,705800,0.0,1.0
PPG,2004-12-21 00:00:00+00:00,68.0,68.0,67.04,67.35,680800,22.624983935,22.624983935,22.3055723971,22.4087157062,1361600,0.0,1.0
PPG,2004-12-22 00:00:00+00:00,67.97,68.33,67.71,67.9,713900,22.6150023245,22.7347816512,22.5284950329,22.5917118998,1427800,0.0,1.0
PPG,2004-12-23 00:00:00+00:00,67.99,68.06,67.64,67.84,587100,22.6216567315,22.6449471561,22.5052046083,22.5717486787,1174200,0.0,1.0
PPG,2004-12-27 00:00:00+00:00,67.72,68.37,67.68,68.24,420300,22.5318222365,22.7480904653,22.5185134224,22.7048368195,840600,0.0,1.0
PPG,2004-12-28 00:00:00+00:00,68.17,68.17,67.51,67.68,309000,22.6815463949,22.6815463949,22.4619509625,22.5185134224,618000,0.0,1.0
PPG,2004-12-29 00:00:00+00:00,68.02,68.35,67.85,68.17,325300,22.6316383421,22.7414360582,22.5750758822,22.6815463949,650600,0.0,1.0
PPG,2004-12-30 00:00:00+00:00,68.11,68.26,67.85,68.25,265900,22.6615831737,22.7114912265,22.5750758822,22.708164023,531800,0.0,1.0
PPG,2004-12-31 00:00:00+00:00,68.16,68.79,68.02,68.47,349400,22.6782191913,22.8878330131,22.6316383421,22.7813625005,698800,0.0,1.0
PPG,2005-01-03 00:00:00+00:00,67.25,68.35,67.05,68.29,514900,22.375443671,22.7414360582,22.3088996006,22.7214728371,1029800,0.0,1.0
PPG,2005-01-04 00:00:00+00:00,65.73,67.18,65.47,67.18,640300,21.869708736,22.3521532464,21.7832014445,22.3521532464,1280600,0.0,1.0
PPG,2005-01-05 00:00:00+00:00,64.8,66.37,64.8,65.69,698300,21.5602788087,22.0826497613,21.5602788087,21.8563999219,1396600,0.0,1.0
PPG,2005-01-06 00:00:00+00:00,65.72,65.97,64.58,64.8,698800,21.8663815325,21.9495616205,21.4870803312,21.5602788087,1397600,0.0,1.0
PPG,2005-01-07 00:00:00+00:00,66.04,66.57,65.69,65.72,859100,21.9728520451,22.1491938317,21.8563999219,21.8663815325,1718200,0.0,1.0
PPG,2005-01-10 00:00:00+00:00,65.86,66.55,65.45,66.02,558300,21.9129623818,22.1425394246,21.7765470375,21.9661976381,1116600,0.0,1.0
PPG,2005-01-11 00:00:00+00:00,65.3,65.86,64.68,65.86,705300,21.7266389847,21.9129623818,21.5203523664,21.9129623818,1410600,0.0,1.0
PPG,2005-01-12 00:00:00+00:00,66.08,66.08,64.66,65.15,610000,21.9861608592,21.9861608592,21.5136979594,21.6767309319,1220000,0.0,1.0
PPG,2005-01-13 00:00:00+00:00,65.89,66.5,65.62,66.09,1006600,21.9229439923,22.125903407,21.8331094973,21.9894880627,2013200,0.0,1.0
PPG,2005-01-14 00:00:00+00:00,66.12,66.21,65.56,65.88,456600,21.9994696733,22.029414505,21.8131462762,21.9196167888,913200,0.0,1.0
PPG,2005-01-18 00:00:00+00:00,66.21,66.37,65.29,66.05,503800,22.029414505,22.0826497613,21.7233117811,21.9761792486,1007600,0.0,1.0
PPG,2005-01-19 00:00:00+00:00,66.51,66.85,66.2,66.45,528700,22.1292306106,22.2423555302,22.0260873014,22.1092673894,1057400,0.0,1.0
PPG,2005-01-20 00:00:00+00:00,66.44,66.84,65.99,66.51,975900,22.1059401859,22.2390283267,21.9562160275,22.1292306106,1951800,0.0,1.0
PPG,2005-01-21 00:00:00+00:00,66.88,67.21,66.68,66.9,923600,22.2523371408,22.3621348569,22.1857930704,22.2589915478,1847200,0.0,1.0
PPG,2005-01-24 00:00:00+00:00,66.55,67.38,66.55,67.13,644300,22.1425394246,22.4186973168,22.1425394246,22.3355172288,1288600,0.0,1.0
PPG,2005-01-25 00:00:00+00:00,67.49,68.03,66.95,67.04,982500,22.4552965555,22.6349655456,22.2756275654,22.3055723971,1965000,0.0,1.0
PPG,2005-01-26 00:00:00+00:00,67.85,68.01,67.6,67.95,574700,22.5750758822,22.6283111385,22.4918957942,22.6083479174,1149400,0.0,1.0
PPG,2005-01-27 00:00:00+00:00,67.92,68.13,67.56,67.9,735000,22.5983663069,22.6682375808,22.4785869801,22.5917118998,1470000,0.0,1.0
PPG,2005-01-28 00:00:00+00:00,67.87,68.16,67.15,68.02,539300,22.5817302893,22.6782191913,22.3421716358,22.6316383421,1078600,0.0,1.0
PPG,2005-01-31 00:00:00+00:00,68.78,68.78,68.16,68.25,832000,22.8845058096,22.8845058096,22.6782191913,22.708164023,1664000,0.0,1.0
PPG,2005-02-01 00:00:00+00:00,69.15,69.25,68.63,68.77,867800,23.0076123398,23.040884375,22.8345977568,22.881178606,1735600,0.0,1.0
PPG,2005-02-02 00:00:00+00:00,69.63,69.63,68.83,69.25,1060100,23.1673181088,23.1673181088,22.9011418272,23.040884375,2120200,0.0,1.0
PPG,2005-02-03 00:00:00+00:00,69.45,69.63,68.99,69.63,799300,23.1074284454,23.1673181088,22.9543770835,23.1673181088,1598600,0.0,1.0
PPG,2005-02-04 00:00:00+00:00,70.35,70.35,69.44,69.45,808600,23.4068767622,23.4068767622,23.1041012419,23.1074284454,1617200,0.0,1.0
PPG,2005-02-07 00:00:00+00:00,70.8,70.96,70.26,70.35,701500,23.5566009206,23.6098361769,23.3769319305,23.4068767622,1403000,0.0,1.0
PPG,2005-02-08 00:00:00+00:00,71.09,71.15,70.35,70.6,1057000,23.6530898227,23.6730530438,23.4068767622,23.4900568502,2114000,0.0,1.0
PPG,2005-02-09 00:00:00+00:00,70.4,70.95,70.02,70.95,697100,23.4235127798,23.6065089734,23.297079046,23.6065089734,1394200,0.0,1.0
PPG,2005-02-10 00:00:00+00:00,70.95,71.25,70.4,70.4,572900,23.6065089734,23.706325079,23.4235127798,23.4235127798,1145800,0.0,1.0
PPG,2005-02-11 00:00:00+00:00,71.35,71.98,70.55,70.85,681200,23.7395971142,23.9492109359,23.4734208326,23.5732369382,1362400,0.0,1.0
PPG,2005-02-14 00:00:00+00:00,71.36,71.49,70.94,71.3,457800,23.7429243177,23.7861779634,23.6031817699,23.7229610966,915600,0.0,1.0
PPG,2005-02-15 00:00:00+00:00,72.09,72.13,71.28,71.51,600900,23.9858101746,23.9991189887,23.7163066895,23.7928323705,1201800,0.0,1.0
PPG,2005-02-16 00:00:00+00:00,71.88,72.1312,71.13,71.45,819200,23.9159389007,23.9995182531,23.6663986367,23.7728691494,1638400,0.0,1.0
PPG,2005-02-17 00:00:00+00:00,71.32,72.0,71.32,71.8,532300,23.879339662,24.1070170452,23.879339662,24.040053109,1064600,0.45,1.0
PPG,2005-02-18 00:00:00+00:00,71.48,71.81,71.23,71.5,528000,23.932910811,24.0434013058,23.8492058907,23.9396072046,1056000,0.0,1.0
PPG,2005-02-22 00:00:00+00:00,70.22,71.37,70.22,70.85,715900,23.5110380127,23.8960806461,23.5110380127,23.7219744118,1431800,0.0,1.0
PPG,2005-02-23 00:00:00+00:00,71.63,71.63,70.5,70.75,509900,23.9831337632,23.9831337632,23.6047875234,23.6884924437,1019800,0.0,1.0
PPG,2005-02-24 00:00:00+00:00,71.91,72.0,71.15,71.5,712300,24.0768832739,24.1070170452,23.8224203162,23.9396072046,1424600,0.0,1.0
PPG,2005-02-25 00:00:00+00:00,72.95,73.08,71.76,71.94,945100,24.4250957423,24.4686223009,24.0266603217,24.0869278643,1890200,0.0,1.0
PPG,2005-02-28 00:00:00+00:00,71.95,72.95,71.56,72.95,1105700,24.0902760611,24.4250957423,23.9596963855,24.4250957423,2211400,0.0,1.0
PPG,2005-03-01 00:00:00+00:00,72.45,72.94,72.26,72.4,677400,24.2576859017,24.4217475455,24.1940701623,24.2409449177,1354800,0.0,1.0
PPG,2005-03-02 00:00:00+00:00,71.98,72.54,71.65,72.39,640000,24.1003206516,24.287819673,23.9898301568,24.2375967209,1280000,0.0,1.0
PPG,2005-03-03 00:00:00+00:00,72.34,72.69,71.84,72.1,610600,24.2208557368,24.3380426252,24.0534458962,24.1404990133,1221200,0.0,1.0
PPG,2005-03-04 00:00:00+00:00,73.45,73.86,72.96,73.0,759700,24.5925055829,24.7297816522,24.4284439391,24.4418367264,1519400,0.0,1.0
PPG,2005-03-07 00:00:00+00:00,73.48,73.7,73.09,73.37,905400,24.6025501734,24.6762105032,24.4719704977,24.5657200084,1810800,0.0,1.0
PPG,2005-03-08 00:00:00+00:00,73.8,74.07,73.46,73.48,950800,24.7096924713,24.8000937853,24.5958537797,24.6025501734,1901600,0.0,1.0
PPG,2005-03-09 00:00:00+00:00,73.65,74.73,73.65,73.94,1036800,24.6594695192,25.0210747748,24.6594695192,24.7565672267,2073600,0.0,1.0
PPG,2005-03-10 00:00:00+00:00,73.21,73.89,72.0686,73.65,737500,24.5121488594,24.7398262426,24.1299856753,24.6594695192,1475000,0.0,1.0
PPG,2005-03-11 00:00:00+00:00,72.95,74.01,72.85,73.48,620400,24.4250957423,24.7800046044,24.3916137742,24.6025501734,1240800,0.0,1.0
PPG,2005-03-14 00:00:00+00:00,73.32,73.83,72.8,73.27,750300,24.5489790244,24.7197370618,24.3748727902,24.5322380403,1500600,0.0,1.0
PPG,2005-03-15 00:00:00+00:00,73.01,73.76,73.01,73.57,651500,24.4451849232,24.6962996841,24.4451849232,24.6326839447,1303000,0.0,1.0
PPG,2005-03-16 00:00:00+00:00,71.83,73.02,71.19,73.01,1482200,24.0500976994,24.44853312,23.8358131034,24.4451849232,2964400,0.0,1.0
PPG,2005-03-17 00:00:00+00:00,72.19,72.58,71.32,71.84,859800,24.1706327846,24.3012124603,23.879339662,24.0534458962,1719600,0.0,1.0
PPG,2005-03-18 00:00:00+00:00,71.72,72.54,71.52,72.2,1466100,24.0132675345,24.287819673,23.9463035982,24.1739809814,2932200,0.0,1.0
PPG,2005-03-21 00:00:00+00:00,71.43,71.86,70.66,71.8,916100,23.9161698269,24.0601422898,23.6583586724,24.040053109,1832200,0.0,1.0
PPG,2005-03-22 00:00:00+00:00,71.45,72.6,71.23,71.5,717000,23.9228662206,24.3079088539,23.8492058907,23.9396072046,1434000,0.0,1.0
PPG,2005-03-23 00:00:00+00:00,70.51,71.34,70.43,71.25,1001100,23.6081357202,23.8860360556,23.5813501458,23.8559022843,2002200,0.0,1.0
PPG,2005-03-24 00:00:00+00:00,70.8,71.16,70.3,70.51,877300,23.7052334278,23.825768513,23.5378235872,23.6081357202,1754600,0.0,1.0
PPG,2005-03-28 00:00:00+00:00,70.62,71.25,70.48,70.72,577800,23.6449658852,23.8559022843,23.5980911298,23.6784478533,1155600,0.0,1.0
PPG,2005-03-29 00:00:00+00:00,69.46,71.37,69.46,70.63,932300,23.256575055,23.8960806461,23.256575055,23.648314082,1864600,0.0,1.0
PPG,2005-03-30 00:00:00+00:00,71.0,71.13,69.89,70.0,868400,23.772197364,23.8157239226,23.4005475179,23.4373776828,1736800,0.0,1.0
PPG,2005-03-31 00:00:00+00:00,71.52,71.74,71.1,71.21,647300,23.9463035982,24.0199639281,23.8056793321,23.8425094971,1294600,0.0,1.0
PPG,2005-04-01 00:00:00+00:00,70.41,72.1,70.36,71.78,1243500,23.5746537521,24.1404990133,23.5579127681,24.0333567153,2487000,0.0,1.0
PPG,2005-04-04 00:00:00+00:00,70.89,71.05,70.26,70.52,990300,23.7353671991,23.7889383481,23.5244307999,23.6114839171,1980600,0.0,1.0
PPG,2005-04-05 00:00:00+00:00,70.97,71.12,70.57,70.82,932800,23.7621527736,23.8123757258,23.6282249011,23.7119298214,1865600,0.0,1.0
PPG,2005-04-06 00:00:00+00:00,71.47,71.69,71.18,71.3,587100,23.9295626142,24.003222944,23.8324649066,23.8726432684,1174200,0.0,1.0
PPG,2005-04-07 00:00:00+00:00,71.67,71.84,71.1,71.47,451200,23.9965265504,24.0534458962,23.8056793321,23.9295626142,902400,0.0,1.0
PPG,2005-04-08 00:00:00+00:00,70.09,71.78,70.08,71.7,981400,23.4675114541,24.0333567153,23.4641632573,24.0065711409,1962800,0.0,1.0
PPG,2005-04-11 00:00:00+00:00,69.17,70.2,68.35,70.19,1540900,23.1594773475,23.5043416191,22.8849252089,23.5009934223,3081800,0.0,1.0
PPG,2005-04-12 00:00:00+00:00,69.9,69.97,68.2,69.01,1132100,23.4038957147,23.4273330924,22.8347022567,23.1059061985,2264200,0.0,1.0
PPG,2005-04-13 00:00:00+00:00,68.29,69.95,67.98,69.95,799800,22.864836028,23.4206366988,22.7610419269,23.4206366988,1599600,0.0,1.0
PPG,2005-04-14 00:00:00+00:00,66.59,68.44,65.98,68.41,1315400,22.29564257,22.9150589802,22.0914025645,22.9050143898,2630800,0.0,1.0
PPG,2005-04-15 00:00:00+00:00,64.97,66.48,64.78,66.08,1330000,21.7532346865,22.2588124051,21.6896189471,22.1248845326,2660000,0.0,1.0
PPG,2005-04-18 00:00:00+00:00,65.42,65.78,64.3,64.95,1498200,21.903903543,22.0244386282,21.5289055001,21.7465382929,2996400,0.0,1.0
PPG,2005-04-19 00:00:00+00:00,66.65,66.82,65.73,65.8,932500,22.3157317509,22.3726510967,22.0076976442,22.0311350219,1865000,0.0,1.0
PPG,2005-04-20 00:00:00+00:00,65.75,67.08,65.68,66.73,1469200,22.0143940378,22.4597042138,21.9909566601,22.3425173254,2938400,0.0,1.0
PPG,2005-04-21 00:00:00+00:00,67.46,67.57,65.95,66.75,912600,22.5869356926,22.6237658576,22.081357974,22.349213719,1825200,0.0,1.0
PPG,2005-04-22 00:00:00+00:00,67.6,69.0,66.87,69.0,1061600,22.633810448,23.1025580017,22.3893920807,23.1025580017,2123200,0.0,1.0
PPG,2005-04-25 00:00:00+00:00,68.45,69.1,67.7,67.8,830400,22.918407177,23.1360399698,22.6672924161,22.7007743842,1660800,0.0,1.0
PPG,2005-04-26 00:00:00+00:00,66.46,68.15,66.46,68.0,1188300,22.2521160115,22.8179612727,22.2521160115,22.7677383205,2376600,0.0,1.0
PPG,2005-04-27 00:00:00+00:00,66.26,66.71,65.62,66.47,1266000,22.1851520752,22.3358209317,21.9708674793,22.2554642083,2532000,0.0,1.0
PPG,2005-04-28 00:00:00+00:00,66.13,67.09,66.09,66.51,1241500,22.1416255167,22.4630524106,22.1282327294,22.2688569955,2483000,0.0,1.0
PPG,2005-04-29 00:00:00+00:00,67.55,67.94,66.5,66.88,910400,22.6170694639,22.7476491396,22.2655087987,22.3927402775,1820800,0.0,1.0
PPG,2005-05-02 00:00:00+00:00,68.0,68.46,67.53,67.57,953800,22.7677383205,22.9217553738,22.6103730703,22.6237658576,1907600,0.0,1.0
PPG,2005-05-03 00:00:00+00:00,68.14,68.71,67.72,67.95,577700,22.8146130758,23.0054602941,22.6739888097,22.7509973364,1155400,0.0,1.0
PPG,2005-05-04 00:00:00+00:00,68.99,69.03,68.12,68.14,1177400,23.0992098048,23.1126025921,22.8079166822,22.8146130758,2354800,0.0,1.0
PPG,2005-05-05 00:00:00+00:00,68.92,69.6,68.31,68.99,933200,23.0757724272,23.3034498104,22.8715324216,23.0992098048,1866400,0.0,1.0
PPG,2005-05-06 00:00:00+00:00,68.89,69.23,68.35,68.7,990900,23.2230930869,23.3377084396,23.0410569384,23.1590433309,1981800,0.47,1.0
PPG,2005-05-09 00:00:00+00:00,68.59,68.65,67.846,67.89,811600,23.1219618933,23.142188132,22.8711565332,22.8859891083,1623200,0.0,1.0
PPG,2005-05-10 00:00:00+00:00,67.36,68.36,67.06,68.36,944200,22.7073239996,23.0444279782,22.606192806,23.0444279782,1888400,0.0,1.0
PPG,2005-05-11 00:00:00+00:00,67.09,67.51,66.2,67.4,970100,22.6163059254,22.7578895964,22.3162833844,22.7208081587,1940200,0.0,1.0
PPG,2005-05-12 00:00:00+00:00,65.27,67.86,65.08,67.86,1089100,22.0027766843,22.8758759889,21.9387269284,22.8758759889,2178200,0.0,1.0
PPG,2005-05-13 00:00:00+00:00,64.5,65.5,63.68,65.05,1329100,21.7432066208,22.0803105994,21.4667813583,21.928613809,2658200,0.0,1.0
PPG,2005-05-16 00:00:00+00:00,64.84,65.0,64.16,64.48,1010700,21.8578219735,21.9117586101,21.628591268,21.7364645412,2021400,0.0,1.0
PPG,2005-05-17 00:00:00+00:00,65.95,65.99,64.29,64.79,823500,22.2320073898,22.2454915489,21.6724147852,21.8409667746,1647000,0.0,1.0
PPG,2005-05-18 00:00:00+00:00,67.25,67.61,66.1,66.17,659500,22.670242562,22.7915999943,22.2825729865,22.306170265,1319000,0.0,1.0
PPG,2005-05-19 00:00:00+00:00,66.57,67.25,66.16,67.25,541700,22.4410118565,22.670242562,22.3027992253,22.670242562,1083400,0.0,1.0
PPG,2005-05-20 00:00:00+00:00,66.1,66.62,65.64,66.62,459100,22.2825729865,22.4578670554,22.1275051564,22.4578670554,918200,0.0,1.0
PPG,2005-05-23 00:00:00+00:00,67.06,67.5,66.19,66.24,479200,22.606192806,22.7545185566,22.3129123446,22.3297675436,958400,0.0,1.0
PPG,2005-05-24 00:00:00+00:00,66.81,67.01,66.18,66.7,682000,22.5219168114,22.5893376071,22.3095413048,22.4848353737,1364000,0.0,1.0
PPG,2005-05-25 00:00:00+00:00,65.99,66.61,65.54,66.61,622300,22.2454915489,22.4544960156,22.0937947585,22.4544960156,1244600,0.0,1.0
PPG,2005-05-26 00:00:00+00:00,66.1,66.39,65.92,66.24,388400,22.2825729865,22.3803331403,22.2218942704,22.3297675436,776800,0.0,1.0
PPG,2005-05-27 00:00:00+00:00,65.95,66.28,65.74,66.15,461200,22.2320073898,22.3432517027,22.1612155542,22.2994281855,922400,0.0,1.0
PPG,2005-05-31 00:00:00+00:00,65.39,65.8,65.03,65.7,490800,22.0432291617,22.181441793,21.9218717294,22.1477313951,981600,0.0,1.0
PPG,2005-06-01 00:00:00+00:00,66.51,66.82,65.19,65.19,486700,22.4207856178,22.5252878511,21.975808366,21.975808366,973400,0.0,1.0
PPG,2005-06-02 00:00:00+00:00,66.18,66.39,65.53,66.2,537300,22.3095413048,22.3803331403,22.0904237187,22.3162833844,1074600,0.0,1.0
PPG,2005-06-03 00:00:00+00:00,65.42,66.53,65.3,65.98,673800,22.0533422811,22.4275276973,22.0128898037,22.2421205091,1347600,0.0,1.0
PPG,2005-06-06 00:00:00+00:00,65.37,65.58,65.23,65.43,545900,22.0364870822,22.1072789177,21.9892925251,22.0567133209,1091800,0.0,1.0
PPG,2005-06-07 00:00:00+00:00,65.32,66.34,65.25,65.75,752900,22.0196318832,22.3634779414,21.9960346047,22.164586594,1505800,0.0,1.0
PPG,2005-06-08 00:00:00+00:00,65.2,65.77,65.05,65.57,559700,21.9791794058,22.1713286736,21.928613809,22.1039078779,1119400,0.0,1.0
PPG,2005-06-09 00:00:00+00:00,64.85,65.2,63.76,65.2,732100,21.8611930133,21.9791794058,21.4937496766,21.9791794058,1464200,0.0,1.0
PPG,2005-06-10 00:00:00+00:00,65.14,65.44,64.79,65.06,539400,21.9589531671,22.0600843607,21.8409667746,21.9319848488,1078800,0.0,1.0
PPG,2005-06-13 00:00:00+00:00,65.3,65.87,64.92,65.14,592100,22.0128898037,22.2050390715,21.8847902918,21.9589531671,1184200,0.0,1.0
PPG,2005-06-14 00:00:00+00:00,65.38,65.52,65.07,65.1,623000,22.0398581219,22.0870526789,21.9353558886,21.9454690079,1246000,0.0,1.0
PPG,2005-06-15 00:00:00+00:00,65.74,65.9,65.24,65.9,475100,22.1612155542,22.2151521908,21.9926635649,22.2151521908,950200,0.0,1.0
PPG,2005-06-16 00:00:00+00:00,66.97,67.58,65.9,65.9,751100,22.5758534479,22.7814868749,22.2151521908,22.2151521908,1502200,0.0,1.0
PPG,2005-06-17 00:00:00+00:00,66.6,67.7,66.6,67.7,784800,22.4511249759,22.8219393523,22.4511249759,22.8219393523,1569600,0.0,1.0
PPG,2005-06-20 00:00:00+00:00,65.81,66.36,65.66,66.3,439600,22.1848128327,22.370220021,22.134247236,22.3499937823,879200,0.0,1.0
PPG,2005-06-21 00:00:00+00:00,65.39,65.9,65.11,65.85,399700,22.0432291617,22.2151521908,21.9488400477,22.1982969919,799400,0.0,1.0
PPG,2005-06-22 00:00:00+00:00,65.27,66.03,65.16,65.85,444600,22.0027766843,22.258975708,21.9656952466,22.1982969919,889200,0.0,1.0
PPG,2005-06-23 00:00:00+00:00,64.07,65.49,63.72,65.32,548200,21.59825191,22.0769395596,21.4802655174,22.0196318832,1096400,0.0,1.0
PPG,2005-06-24 00:00:00+00:00,62.98,64.01,62.77,63.96,745300,21.2308085733,21.5780256712,21.1600167378,21.5611704723,1490600,0.0,1.0
PPG,2005-06-27 00:00:00+00:00,63.15,63.85,62.62,63.21,1029900,21.2881162496,21.5240890347,21.109451141,21.3083424883,2059800,0.0,1.0
PPG,2005-06-28 00:00:00+00:00,64.13,64.64,63.45,63.56,639700,21.6184781487,21.7904011778,21.3892474432,21.4263288809,1279400,0.0,1.0
PPG,2005-06-29 00:00:00+00:00,63.81,64.34,63.8,64.13,595500,21.5106048755,21.6892699842,21.5072338357,21.6184781487,1191000,0.0,1.0
PPG,2005-06-30 00:00:00+00:00,62.76,63.98,62.69,63.63,701100,21.156645698,21.5679125519,21.1330484195,21.4499261594,1402200,0.0,1.0
PPG,2005-07-01 00:00:00+00:00,63.01,63.39,62.73,63.25,573500,21.2409216926,21.3690212045,21.1465325786,21.3218266475,1147000,0.0,1.0
PPG,2005-07-05 00:00:00+00:00,62.93,63.08,62.4,62.9,578400,21.2139533743,21.2645189711,21.0352882657,21.203840255,1156800,0.0,1.0
PPG,2005-07-06 00:00:00+00:00,62.28,63.08,62.28,62.8,529000,20.9948357882,21.2645189711,20.9948357882,21.1701298571,1058000,0.0,1.0
PPG,2005-07-07 00:00:00+00:00,62.0,62.06,61.03,61.31,975400,20.9004466742,20.9206729129,20.573455815,20.667844929,1950800,0.0,1.0
PPG,2005-07-08 00:00:00+00:00,63.07,63.4,62.35,62.46,627100,21.2611479313,21.3723922443,21.0184330667,21.0555145044,1254200,0.0,1.0
PPG,2005-07-11 00:00:00+00:00,64.49,64.49,63.48,63.56,1013300,21.739835581,21.739835581,21.3993605626,21.4263288809,2026600,0.0,1.0
PPG,2005-07-12 00:00:00+00:00,64.24,64.62,63.37,64.24,690300,21.6555595863,21.7836590982,21.3622791249,21.6555595863,1380600,0.0,1.0
PPG,2005-07-13 00:00:00+00:00,63.7,64.52,63.39,64.33,591400,21.4735234379,21.7499487003,21.3690212045,21.6858989444,1182800,0.0,1.0
PPG,2005-07-14 00:00:00+00:00,64.18,64.82,63.93,64.0,533400,21.6353333476,21.8510798939,21.5510573529,21.5746546314,1066800,0.0,1.0
PPG,2005-07-15 00:00:00+00:00,64.17,64.73,63.97,64.3,431700,21.6319623078,21.8207405358,21.5645415121,21.675785825,863400,0.0,1.0
PPG,2005-07-18 00:00:00+00:00,63.83,64.52,63.72,64.03,376400,21.5173469551,21.7499487003,21.4802655174,21.5847677508,752800,0.0,1.0
PPG,2005-07-19 00:00:00+00:00,64.68,64.9,64.13,64.33,648200,21.8038853369,21.8780482122,21.6184781487,21.6858989444,1296400,0.0,1.0
PPG,2005-07-20 00:00:00+00:00,65.76,65.81,64.33,64.68,579800,22.1679576338,22.1848128327,21.6858989444,21.8038853369,1159600,0.0,1.0
PPG,2005-07-21 00:00:00+00:00,64.42,65.79,64.39,65.74,477900,21.7162383025,22.1780707532,21.7061251831,22.1612155542,955800,0.0,1.0
PPG,2005-07-22 00:00:00+00:00,65.58,65.7,64.25,64.5,878000,22.1072789177,22.1477313951,21.6589306261,21.7432066208,1756000,0.0,1.0
PPG,2005-07-25 00:00:00+00:00,64.85,65.83,64.85,65.68,681300,21.8611930133,22.1915549123,21.8611930133,22.1409893155,1362600,0.0,1.0
PPG,2005-07-26 00:00:00+00:00,64.29,64.86,63.26,64.85,1081300,21.6724147852,21.8645640531,21.3251976873,21.8611930133,2162600,0.0,1.0
PPG,2005-07-27 00:00:00+00:00,65.45,65.48,64.68,64.75,646400,22.0634554004,22.0735685198,21.8038853369,21.8274826154,1292800,0.0,1.0
PPG,2005-07-28 00:00:00+00:00,66.2,66.41,65.31,65.88,638700,22.3162833844,22.3870752199,22.0162608434,22.2084101112,1277400,0.0,1.0
PPG,2005-07-29 00:00:00+00:00,65.03,66.19,65.03,65.85,573100,21.9218717294,22.3129123446,21.9218717294,22.1982969919,1146200,0.0,1.0
PPG,2005-08-01 00:00:00+00:00,65.08,65.54,65.0,65.35,437200,21.9387269284,22.0937947585,21.9117586101,22.0297450026,874400,0.0,1.0
PPG,2005-08-02 00:00:00+00:00,65.89,66.12,65.3,65.33,524000,22.211781151,22.2893150661,22.0128898037,22.023002923,1048000,0.0,1.0
PPG,2005-08-03 00:00:00+00:00,66.4,66.52,65.5,65.65,432100,22.3837041801,22.4241566576,22.0803105994,22.1308761962,864200,0.0,1.0
PPG,2005-08-04 00:00:00+00:00,65.09,66.45,65.02,66.4,512300,21.9420979681,22.4005593791,21.9185006896,22.3837041801,1024600,0.0,1.0
PPG,2005-08-05 00:00:00+00:00,64.65,65.17,64.46,65.09,627500,21.7937722176,21.9690662864,21.7297224616,21.9420979681,1255000,0.0,1.0
PPG,2005-08-08 00:00:00+00:00,64.42,64.93,64.23,64.48,373300,21.8746771724,22.0478545297,21.8101601177,21.8950509792,746600,0.47,1.0
PPG,2005-08-09 00:00:00+00:00,64.7,64.87,64.46,64.65,416400,21.9697549372,22.027480723,21.8882597102,21.9527767649,832800,0.0,1.0
PPG,2005-08-10 00:00:00+00:00,64.57,65.14,64.31,64.86,714700,21.9256116893,22.1191628533,21.8373251934,22.0240850885,1429400,0.0,1.0
PPG,2005-08-11 00:00:00+00:00,65.61,65.66,64.65,64.71,644100,22.2787576728,22.2957358451,21.9527767649,21.9731505717,1288200,0.0,1.0
PPG,2005-08-12 00:00:00+00:00,64.58,65.5,64.24,65.4,577900,21.9290073237,22.2414056938,21.8135557522,22.2074493492,1155800,0.0,1.0
PPG,2005-08-15 00:00:00+00:00,64.8,64.98,64.13,64.59,306900,22.0037112818,22.064832702,21.7762037732,21.9324029582,613800,0.0,1.0
PPG,2005-08-16 00:00:00+00:00,63.49,64.78,63.48,64.65,586100,21.5588831679,21.9969200129,21.5554875335,21.9527767649,1172200,0.0,1.0
PPG,2005-08-17 00:00:00+00:00,63.49,63.8,63.01,63.49,447900,21.5588831679,21.6641478361,21.395892714,21.5588831679,895800,0.0,1.0
PPG,2005-08-18 00:00:00+00:00,63.13,63.4,62.67,63.19,618500,21.4366403275,21.5283224578,21.2804411424,21.4570141342,1237000,0.0,1.0
PPG,2005-08-19 00:00:00+00:00,64.11,64.5,63.33,63.77,928600,21.7694125042,21.9018422481,21.5045530166,21.6539609327,1857200,0.0,1.0
PPG,2005-08-22 00:00:00+00:00,64.02,64.64,63.6,64.11,532100,21.7388517941,21.9493811305,21.5962351469,21.7694125042,1064200,0.0,1.0
PPG,2005-08-23 00:00:00+00:00,63.65,64.02,62.85,63.93,1181900,21.6132133192,21.7388517941,21.3415625627,21.708291084,2363800,0.0,1.0
PPG,2005-08-24 00:00:00+00:00,63.19,63.77,63.04,63.6,1149100,21.4570141342,21.6539609327,21.4060796173,21.5962351469,2298200,0.0,1.0
PPG,2005-08-25 00:00:00+00:00,62.76,63.25,62.55,63.16,642700,21.3110018525,21.4773879409,21.2396935289,21.4468272308,1285400,0.0,1.0
PPG,2005-08-26 00:00:00+00:00,62.43,62.77,62.23,62.77,780400,21.1989459155,21.314397487,21.1310332263,21.314397487,1560800,0.0,1.0
PPG,2005-08-29 00:00:00+00:00,62.93,62.97,61.85,62.27,674000,21.3687276383,21.3823101761,21.001999117,21.1446157641,1348000,0.0,1.0
PPG,2005-08-30 00:00:00+00:00,62.57,62.75,62.0,62.7,729400,21.2464847979,21.3076062181,21.0529336338,21.2906280458,1458800,0.0,1.0
PPG,2005-08-31 00:00:00+00:00,62.98,62.98,62.04,62.57,1109900,21.3857058106,21.3857058106,21.0665161716,21.2464847979,2219800,0.0,1.0
PPG,2005-09-01 00:00:00+00:00,62.89,63.3,62.72,62.91,648800,21.3551451005,21.4943661132,21.2974193147,21.3619363694,1297600,0.0,1.0
PPG,2005-09-02 00:00:00+00:00,62.91,63.13,62.3,63.0,543800,21.3619363694,21.4366403275,21.1548026675,21.3924970795,1087600,0.0,1.0
PPG,2005-09-06 00:00:00+00:00,62.87,63.36,62.62,63.05,805900,21.3483538316,21.51473992,21.2634629701,21.4094752518,1611800,0.0,1.0
PPG,2005-09-07 00:00:00+00:00,63.05,63.38,62.88,62.9,867900,21.4094752518,21.5215311889,21.351749466,21.3585407349,1735800,0.0,1.0
PPG,2005-09-08 00:00:00+00:00,62.9,63.25,62.57,63.05,938300,21.3585407349,21.4773879409,21.2464847979,21.4094752518,1876600,0.0,1.0
PPG,2005-09-09 00:00:00+00:00,62.75,62.92,62.32,62.92,694000,21.3076062181,21.3653320039,21.1615939364,21.3653320039,1388000,0.0,1.0
PPG,2005-09-12 00:00:00+00:00,63.0,63.18,62.65,62.74,732000,21.3924970795,21.4536184997,21.2736498735,21.3042105836,1464000,0.0,1.0
PPG,2005-09-13 00:00:00+00:00,62.11,63.05,62.11,62.98,615500,21.0902856128,21.4094752518,21.0902856128,21.3857058106,1231000,0.0,1.0
PPG,2005-09-14 00:00:00+00:00,61.9,62.3,61.7,62.16,877800,21.0189772892,21.1548026675,20.9510646001,21.1072637851,1755600,0.0,1.0
PPG,2005-09-15 00:00:00+00:00,61.49,62.04,61.29,61.91,634700,20.8797562765,21.0665161716,20.8118435874,21.0223729237,1269400,0.0,1.0
PPG,2005-09-16 00:00:00+00:00,62.15,62.18,61.06,61.68,1177800,21.1038681507,21.114055054,20.7337439948,20.9442733312,2355600,0.0,1.0
PPG,2005-09-19 00:00:00+00:00,61.79,62.0,61.3,61.9,941000,20.9816253102,21.0529336338,20.8152392218,21.0189772892,1882000,0.0,1.0
PPG,2005-09-20 00:00:00+00:00,60.36,62.35,60.11,61.99,1334800,20.4960495828,21.1717808398,20.4111587214,21.0495379994,2669600,0.0,1.0
PPG,2005-09-21 00:00:00+00:00,59.13,59.92,58.7,59.91,1509000,20.0783865446,20.3466416667,19.932374263,20.3432460323,3018000,0.0,1.0
PPG,2005-09-22 00:00:00+00:00,59.2,59.36,58.22,58.97,1011400,20.1021559858,20.1564861371,19.769383809,20.0240563933,2022800,0.0,1.0
PPG,2005-09-23 00:00:00+00:00,59.56,59.89,58.75,59.36,1268000,20.2243988263,20.3364547634,19.9493524353,20.1564861371,2536000,0.0,1.0
PPG,2005-09-26 00:00:00+00:00,58.95,60.11,58.69,59.87,1116700,20.0172651244,20.4111587214,19.9289786285,20.3296634945,2233400,0.0,1.0
PPG,2005-09-27 00:00:00+00:00,58.5,59.1,58.15,58.9,1155900,19.8644615738,20.0681996413,19.7456143678,20.0002869521,2311800,0.0,1.0
PPG,2005-09-28 00:00:00+00:00,57.94,58.54,57.83,58.28,1047500,19.6743060442,19.8780441117,19.6369540652,19.7897576158,2095000,0.0,1.0
PPG,2005-09-29 00:00:00+00:00,58.49,58.52,57.41,58.0,1087100,19.8610659394,19.8712528427,19.494337418,19.694679851,2174200,0.0,1.0
PPG,2005-09-30 00:00:00+00:00,59.19,59.3,58.12,58.3,1067500,20.0987603514,20.1361123304,19.7354274645,19.7965488847,2135000,0.0,1.0
PPG,2005-10-03 00:00:00+00:00,58.17,59.29,58.13,59.29,936000,19.7524056368,20.1327166959,19.7388230989,20.1327166959,1872000,0.0,1.0
PPG,2005-10-04 00:00:00+00:00,57.39,58.44,57.32,58.19,571500,19.4875461491,19.8440877671,19.4637767079,19.7591969057,1143000,0.0,1.0
PPG,2005-10-05 00:00:00+00:00,56.52,57.39,56.47,57.39,1237700,19.1921259513,19.4875461491,19.1751477791,19.4875461491,2475400,0.0,1.0
PPG,2005-10-06 00:00:00+00:00,56.13,57.18,55.85,56.76,960900,19.0596962075,19.4162378255,18.9646184427,19.2736211783,1921800,0.0,1.0
PPG,2005-10-07 00:00:00+00:00,57.3,57.52,56.55,56.55,1096500,19.456985439,19.531689397,19.2023128547,19.2023128547,2193000,0.0,1.0
PPG,2005-10-10 00:00:00+00:00,56.46,57.3,56.29,57.29,783000,19.1717521446,19.456985439,19.1140263588,19.4535898045,1566000,0.0,1.0
PPG,2005-10-11 00:00:00+00:00,55.95,56.67,55.83,56.5,906600,18.9985747873,19.2430604682,18.9578271738,19.1853346824,1813200,0.0,1.0
PPG,2005-10-12 00:00:00+00:00,55.96,56.43,55.64,55.85,673600,19.0019704217,19.1615652412,18.8933101191,18.9646184427,1347200,0.0,1.0
PPG,2005-10-13 00:00:00+00:00,56.2,56.51,55.71,55.82,884700,19.0834656487,19.1887303169,18.9170795603,18.9544315393,1769400,0.0,1.0
PPG,2005-10-14 00:00:00+00:00,56.86,56.98,56.21,56.45,739800,19.3075775229,19.3483251364,19.0868612832,19.1683565101,1479600,0.0,1.0
PPG,2005-10-17 00:00:00+00:00,57.01,57.1,56.63,56.86,518200,19.3585120397,19.3890727498,19.2294779304,19.3075775229,1036400,0.0,1.0
PPG,2005-10-18 00:00:00+00:00,56.59,57.21,56.59,57.01,504900,19.2158953925,19.4264247289,19.2158953925,19.3585120397,1009800,0.0,1.0
PPG,2005-10-19 00:00:00+00:00,57.05,57.1,56.13,56.55,663200,19.3720945776,19.3890727498,19.0596962075,19.2023128547,1326400,0.0,1.0
PPG,2005-10-20 00:00:00+00:00,57.76,58.81,56.85,57.05,1326500,19.613184624,19.969726242,19.3041818884,19.3720945776,2653000,0.0,1.0
PPG,2005-10-21 00:00:00+00:00,58.27,60.09,58.26,58.64,1720100,19.7863619813,20.4043674525,19.7829663469,19.9120004562,3440200,0.0,1.0
PPG,2005-10-24 00:00:00+00:00,59.14,59.37,58.67,58.69,1062300,20.0817821791,20.1598817716,19.9221873596,19.9289786285,2124600,0.0,1.0
PPG,2005-10-25 00:00:00+00:00,57.99,59.35,57.88,59.0,1186000,19.6912842165,20.1530905027,19.6539322375,20.0342432967,2372000,0.0,1.0
PPG,2005-10-26 00:00:00+00:00,58.3,58.86,57.82,57.82,942200,19.7965488847,19.9867044143,19.6335584308,19.6335584308,1884400,0.0,1.0
PPG,2005-10-27 00:00:00+00:00,57.92,58.5,57.89,58.15,597700,19.6675147753,19.8644615738,19.657327872,19.7456143678,1195400,0.0,1.0
PPG,2005-10-28 00:00:00+00:00,59.4,59.4,58.06,58.23,643300,20.170068675,20.170068675,19.7150536577,19.7727794435,1286600,0.0,1.0
PPG,2005-10-31 00:00:00+00:00,59.97,60.28,59.52,59.53,955500,20.363619839,20.4688845072,20.2108162885,20.2142119229,1911000,0.0,1.0
PPG,2005-11-01 00:00:00+00:00,59.92,60.18,59.46,59.9,734700,20.3466416667,20.4349281626,20.1904424817,20.3398503978,1469400,0.0,1.0
PPG,2005-11-02 00:00:00+00:00,60.56,60.79,59.68,59.88,1590100,20.563962272,20.6420618645,20.2651464398,20.3330591289,3180200,0.0,1.0
PPG,2005-11-03 00:00:00+00:00,59.96,61.16,59.95,60.81,954800,20.3602242046,20.7677003394,20.3568285701,20.6488531334,1909600,0.0,1.0
PPG,2005-11-04 00:00:00+00:00,59.8,60.31,59.38,60.17,764300,20.3058940533,20.4790714106,20.1632774061,20.4315325282,1528600,0.0,1.0
PPG,2005-11-07 00:00:00+00:00,60.02,60.33,59.6,59.7,1210200,20.3805980113,20.4858626795,20.2379813641,20.2719377087,2420400,0.0,1.0
PPG,2005-11-08 00:00:00+00:00,59.13,59.93,58.96,59.56,777300,20.2379813641,20.5117913606,20.1797967399,20.3851542372,1554600,0.47,1.0
PPG,2005-11-09 00:00:00+00:00,59.09,59.77,58.89,59.15,536800,20.2242908643,20.4570293613,20.1558383652,20.244826614,1073600,0.0,1.0
PPG,2005-11-10 00:00:00+00:00,60.24,60.69,58.69,59.15,789600,20.6178927342,20.7719108572,20.0873858661,20.244826614,1579200,0.0,1.0
PPG,2005-11-11 00:00:00+00:00,60.2,60.62,60.0,60.24,467800,20.6042022344,20.7479524825,20.5357497353,20.6178927342,935600,0.0,1.0
PPG,2005-11-14 00:00:00+00:00,60.45,60.65,59.81,59.9,749300,20.6897678583,20.7582203574,20.4707198611,20.5015234857,1498600,0.0,1.0
PPG,2005-11-15 00:00:00+00:00,60.59,60.93,60.45,60.53,616900,20.7376846077,20.8540538562,20.6897678583,20.7171488579,1233800,0.0,1.0
PPG,2005-11-16 00:00:00+00:00,60.01,60.94,59.81,60.73,575000,20.5391723602,20.8574764811,20.4707198611,20.7856013571,1150000,0.0,1.0
PPG,2005-11-17 00:00:00+00:00,60.42,60.42,59.75,59.9,552700,20.6794999834,20.6794999834,20.4501841114,20.5015234857,1105400,0.0,1.0
PPG,2005-11-18 00:00:00+00:00,60.91,61.06,60.38,61.05,578200,20.8472086063,20.8985479806,20.6658094836,20.8951253556,1156400,0.0,1.0
PPG,2005-11-21 00:00:00+00:00,61.72,61.8,60.89,60.91,738600,21.1244412277,21.1518222273,20.8403633563,20.8472086063,1477200,0.0,1.0
PPG,2005-11-22 00:00:00+00:00,62.1,62.19,61.51,61.76,902700,21.254500976,21.2853046006,21.0525661036,21.1381317275,1805400,0.0,1.0
PPG,2005-11-23 00:00:00+00:00,61.75,62.15,61.56,61.82,471200,21.1347091026,21.2716141008,21.0696792284,21.1586674772,942400,0.0,1.0
PPG,2005-11-25 00:00:00+00:00,61.2,61.92,61.094,61.57,326900,20.94646473,21.1928937268,20.9101849054,21.0731018533,653800,0.0,1.0
PPG,2005-11-28 00:00:00+00:00,60.74,61.21,60.65,61.18,829500,20.789023982,20.9498873549,20.7582203574,20.9396194801,1659000,0.0,1.0
PPG,2005-11-29 00:00:00+00:00,61.4,61.75,60.96,61.24,1188700,21.0149172291,21.1347091026,20.864321731,20.9601552298,2377400,0.0,1.0
PPG,2005-11-30 00:00:00+00:00,60.73,61.79,60.72,61.55,869300,20.7856013571,21.1483996024,20.7821787321,21.0662566034,1738600,0.0,1.0
PPG,2005-12-01 00:00:00+00:00,61.4,61.67,60.9,61.0,740600,21.0149172291,21.1073281029,20.8437859813,20.8780122309,1481200,0.0,1.0
PPG,2005-12-02 00:00:00+00:00,60.83,61.27,60.8,61.27,457400,20.8198276066,20.9704231047,20.8095597317,20.9704231047,914800,0.0,1.0
PPG,2005-12-05 00:00:00+00:00,60.15,60.77,59.98,60.58,666100,20.5870891096,20.7992918569,20.5289044854,20.7342619827,1332200,0.0,1.0
PPG,2005-12-06 00:00:00+00:00,60.27,60.83,60.24,60.52,499700,20.6281606091,20.8198276066,20.6178927342,20.713726233,999400,0.0,1.0
PPG,2005-12-07 00:00:00+00:00,59.75,60.49,59.53,60.49,534600,20.4501841114,20.7034583581,20.3748863623,20.7034583581,1069200,0.0,1.0
PPG,2005-12-08 00:00:00+00:00,59.36,59.96,59.2,59.82,545600,20.3167017381,20.5220592355,20.2619397388,20.4741424861,1091200,0.0,1.0
PPG,2005-12-09 00:00:00+00:00,58.33,59.53,58.29,59.5,1147500,19.9641713676,20.3748863623,19.9504808678,20.3646184875,2295000,0.0,1.0
PPG,2005-12-12 00:00:00+00:00,57.85,58.4,57.25,58.33,1688600,19.7998853698,19.9881297423,19.5945278724,19.9641713676,3377200,0.0,1.0
PPG,2005-12-13 00:00:00+00:00,57.79,58.14,57.45,57.85,1367500,19.77934962,19.8991414935,19.6629803715,19.7998853698,2735000,0.0,1.0
PPG,2005-12-14 00:00:00+00:00,56.87,57.48,56.28,57.12,1633700,19.4644681241,19.6732482464,19.2625332517,19.550033748,3267400,0.0,1.0
PPG,2005-12-15 00:00:00+00:00,56.62,56.87,56.11,56.71,1037400,19.3789025002,19.4644681241,19.2043486274,19.4097061248,2074800,0.0,1.0
PPG,2005-12-16 00:00:00+00:00,56.67,57.0,56.47,56.98,1447400,19.396015625,19.5089622485,19.3275631258,19.5021169986,2894800,0.0,1.0
PPG,2005-12-19 00:00:00+00:00,57.15,57.64,56.7,56.97,1424400,19.5603016228,19.7280102457,19.4062834998,19.4986943736,2848800,0.0,1.0
PPG,2005-12-20 00:00:00+00:00,56.85,57.65,56.77,57.21,797600,19.4576228742,19.7314328706,19.4302418745,19.5808373726,1595200,0.0,1.0
PPG,2005-12-21 00:00:00+00:00,57.08,57.54,56.94,57.22,902700,19.5363432482,19.6937839961,19.4884264988,19.5842599975,1805400,0.0,1.0
PPG,2005-12-22 00:00:00+00:00,57.74,58.09,57.08,57.09,841300,19.7622364952,19.8820283687,19.5363432482,19.5397658731,1682600,0.0,1.0
PPG,2005-12-23 00:00:00+00:00,57.98,58.17,57.71,58.1,502500,19.8443794942,19.9094093683,19.7519686204,19.8854509937,1005000,0.0,1.0
PPG,2005-12-27 00:00:00+00:00,57.76,58.56,57.68,58.18,575400,19.7690817452,20.0428917416,19.7417007455,19.9128319933,1150800,0.0,1.0
PPG,2005-12-28 00:00:00+00:00,57.78,58.04,57.47,57.76,422400,19.7759269951,19.8649152439,19.6698256214,19.7690817452,844800,0.0,1.0
PPG,2005-12-29 00:00:00+00:00,57.88,58.15,57.74,57.86,552200,19.8101532446,19.9025641184,19.7622364952,19.8033079947,1104400,0.0,1.0
PPG,2005-12-30 00:00:00+00:00,57.9,58.0,57.55,57.88,765000,19.8169984945,19.8512247441,19.6972066211,19.8101532446,1530000,0.0,1.0
PPG,2006-01-03 00:00:00+00:00,58.0,58.25,56.87,58.22,1034700,19.8512247441,19.936790368,19.4644681241,19.9265224931,2069400,0.0,1.0
PPG,2006-01-04 00:00:00+00:00,58.81,58.86,57.89,58.0,1255300,20.1284573655,20.1455704903,19.8135758696,19.8512247441,2510600,0.0,1.0
PPG,2006-01-05 00:00:00+00:00,58.99,59.26,58.72,58.85,1252200,20.1900646147,20.2824754885,20.0976537409,20.1421478653,2504400,0.0,1.0
PPG,2006-01-06 00:00:00+00:00,59.7,59.7,59.11,59.37,1295200,20.4330709866,20.4330709866,20.2311361142,20.3201243631,2590400,0.0,1.0
PPG,2006-01-09 00:00:00+00:00,60.25,60.25,59.61,59.75,1847700,20.6213153592,20.6213153592,20.402267362,20.4501841114,3695400,0.0,1.0
PPG,2006-01-10 00:00:00+00:00,59.68,60.0,59.5,60.0,1070700,20.4262257367,20.5357497353,20.3646184875,20.5357497353,2141400,0.0,1.0
PPG,2006-01-11 00:00:00+00:00,59.41,59.55,58.902,59.45,855100,20.3338148629,20.3817316123,20.1599455151,20.3475053627,1710200,0.0,1.0
PPG,2006-01-12 00:00:00+00:00,58.47,59.48,58.13,59.48,1204200,20.012088117,20.3577732376,19.8957188685,20.3577732376,2408400,0.0,1.0
PPG,2006-01-13 00:00:00+00:00,58.47,59.33,58.43,59.23,994900,20.012088117,20.3064338632,19.9983976172,20.2722076137,1989800,0.0,1.0
PPG,2006-01-17 00:00:00+00:00,58.1,58.45,58.05,58.05,938100,19.8854509937,20.0052428671,19.8683378689,19.8683378689,1876200,0.0,1.0
PPG,2006-01-18 00:00:00+00:00,58.19,58.4,57.41,58.11,803500,19.9162546183,19.9881297423,19.6492898717,19.8888736186,1607000,0.0,1.0
PPG,2006-01-19 00:00:00+00:00,58.07,58.95,58.07,58.62,897600,19.8751831188,20.1763741149,19.8751831188,20.0634274914,1795200,0.0,1.0
PPG,2006-01-20 00:00:00+00:00,57.02,58.22,56.8,58.22,1269800,19.5158074984,19.9265224931,19.4405097494,19.9265224931,2539600,0.0,1.0
PPG,2006-01-23 00:00:00+00:00,58.22,58.64,56.99,56.99,1354200,19.9265224931,20.0702727413,19.5055396236,19.5055396236,2708400,0.0,1.0
PPG,2006-01-24 00:00:00+00:00,58.74,59.0,58.5,58.63,956400,20.1044989908,20.1934872397,20.0223559919,20.0668501163,1912800,0.0,1.0
PPG,2006-01-25 00:00:00+00:00,59.03,59.47,58.714,58.99,733600,20.2037551146,20.3543506126,20.0956001659,20.1900646147,1467200,0.0,1.0
PPG,2006-01-26 00:00:00+00:00,59.36,59.65,59.0,59.28,1141200,20.3167017381,20.4159578618,20.1934872397,20.2893207385,2282400,0.0,1.0
PPG,2006-01-27 00:00:00+00:00,59.48,59.82,59.18,59.65,978600,20.3577732376,20.4741424861,20.2550944889,20.4159578618,1957200,0.0,1.0
PPG,2006-01-30 00:00:00+00:00,59.26,59.43,58.45,59.38,879300,20.2824754885,20.3406601128,20.0052428671,20.323546988,1758600,0.0,1.0
PPG,2006-01-31 00:00:00+00:00,59.5,59.58,59.04,59.4,1280400,20.3646184875,20.3919994871,20.2071777395,20.3303922379,2560800,0.0,1.0
PPG,2006-02-01 00:00:00+00:00,59.05,59.25,58.75,59.05,979700,20.2106003645,20.2790528636,20.1079216158,20.2106003645,1959400,0.0,1.0
PPG,2006-02-02 00:00:00+00:00,58.0,59.17,57.52,59.15,1836400,19.8512247441,20.2516718639,19.6869387462,20.244826614,3672800,0.0,1.0
PPG,2006-02-03 00:00:00+00:00,57.48,58.14,57.4,57.99,716700,19.6732482464,19.8991414935,19.6458672467,19.8478021191,1433400,0.0,1.0
PPG,2006-02-06 00:00:00+00:00,57.37,57.6,56.95,57.33,705900,19.6355993719,19.7143197459,19.4918491237,19.6219088721,1411800,0.0,1.0
PPG,2006-02-07 00:00:00+00:00,56.92,57.65,56.82,57.43,698000,19.4815812489,19.7314328706,19.4473549993,19.6561351216,1396000,0.0,1.0
PPG,2006-02-08 00:00:00+00:00,57.3,57.39,56.53,56.77,930600,19.6116409972,19.6424446218,19.3480988756,19.4302418745,1861200,0.0,1.0
PPG,2006-02-09 00:00:00+00:00,57.76,58.54,57.35,57.35,1202700,19.7690817452,20.0360464917,19.628754122,19.628754122,2405400,0.0,1.0
PPG,2006-02-10 00:00:00+00:00,57.89,58.21,57.08,57.52,658100,19.8135758696,19.9230998682,19.5363432482,19.6869387462,1316200,0.0,1.0
PPG,2006-02-13 00:00:00+00:00,58.24,58.334,57.33,57.75,1027200,19.933367743,19.9655404176,19.6219088721,19.7656591202,2054400,0.0,1.0
PPG,2006-02-14 00:00:00+00:00,59.68,60.39,58.13,58.24,1494500,20.4262257367,20.6692321086,19.8957188685,19.933367743,2989000,0.0,1.0
PPG,2006-02-15 00:00:00+00:00,59.63,59.89,59.07,59.38,1001000,20.5699759848,20.6596656336,20.3767982798,20.4837359379,2002000,0.47,1.0
PPG,2006-02-16 00:00:00+00:00,60.18,60.19,59.1,59.39,1025800,20.759704088,20.7631536899,20.3871470854,20.4871855398,2051600,0.0,1.0
PPG,2006-02-17 00:00:00+00:00,60.07,60.33,60.01,60.3,739800,20.7217584674,20.8114481161,20.7010608561,20.8010993105,1479600,0.0,1.0
PPG,2006-02-21 00:00:00+00:00,59.68,60.26,59.38,60.24,666600,20.5872239942,20.787300903,20.4837359379,20.7804016993,1333200,0.0,1.0
PPG,2006-02-22 00:00:00+00:00,59.7,60.49,59.28,60.0,1348900,20.594123198,20.8666417461,20.4492399192,20.6976112542,2697800,0.0,1.0
PPG,2006-02-23 00:00:00+00:00,59.41,59.88,59.21,59.88,1032000,20.4940847436,20.6562160317,20.4250927061,20.6562160317,2064000,0.0,1.0
PPG,2006-02-24 00:00:00+00:00,59.43,59.8,59.27,59.53,781000,20.5009839473,20.6286192167,20.4457903173,20.5354799661,1562000,0.0,1.0
PPG,2006-02-27 00:00:00+00:00,60.25,60.33,59.5,59.5,1100300,20.7838513011,20.8114481161,20.5251311604,20.5251311604,2200600,0.0,1.0
PPG,2006-02-28 00:00:00+00:00,60.63,61.19,60.0,60.25,2347000,20.9149361724,21.1081138774,20.6976112542,20.7838513011,4694000,0.0,1.0
PPG,2006-03-01 00:00:00+00:00,62.03,62.41,60.98,61.13,1543600,21.397880435,21.5289653063,21.0356722381,21.0874162662,3087200,0.0,1.0
PPG,2006-03-02 00:00:00+00:00,62.2,62.25,61.35,61.6,1131100,21.4565236669,21.4737716763,21.1633075075,21.2495475543,2262200,0.0,1.0
PPG,2006-03-03 00:00:00+00:00,62.26,62.48,61.51,61.75,1484300,21.4772212781,21.5531125194,21.2185011375,21.3012915825,2968600,0.0,1.0
PPG,2006-03-06 00:00:00+00:00,62.24,62.45,61.92,62.43,949600,21.4703220744,21.5427637138,21.3599348144,21.53586451,1899200,0.0,1.0
PPG,2006-03-07 00:00:00+00:00,61.78,62.29,61.71,61.97,1172600,21.3116403881,21.4875700838,21.287493175,21.3771828237,2345200,0.0,1.0
PPG,2006-03-08 00:00:00+00:00,61.38,61.78,60.68,61.78,1219700,21.1736563131,21.3116403881,20.9321841818,21.3116403881,2439400,0.0,1.0
PPG,2006-03-09 00:00:00+00:00,60.9,61.47,60.74,61.37,648000,21.008075423,21.20470273,20.952881793,21.1702067112,1296000,0.0,1.0
PPG,2006-03-10 00:00:00+00:00,61.32,61.5,60.9,61.15,742300,21.1529587018,21.2150515356,21.008075423,21.0943154699,1484600,0.0,1.0
PPG,2006-03-13 00:00:00+00:00,61.51,61.99,61.39,61.66,600700,21.2185011375,21.3840820275,21.177105915,21.2702451656,1201400,0.0,1.0
PPG,2006-03-14 00:00:00+00:00,62.24,62.28,61.6,61.6,571000,21.4703220744,21.4841204819,21.2495475543,21.2495475543,1142000,0.0,1.0
PPG,2006-03-15 00:00:00+00:00,63.4,63.46,62.56,62.56,1047000,21.870475892,21.8911735032,21.5807093344,21.5807093344,2094000,0.0,1.0
PPG,2006-03-16 00:00:00+00:00,63.95,64.32,63.4,63.4,1176300,22.0602039951,22.1878392645,21.870475892,21.870475892,2352600,0.0,1.0
PPG,2006-03-17 00:00:00+00:00,63.32,64.0,63.19,63.95,1006900,21.842879077,22.0774520045,21.7980342526,22.0602039951,2013800,0.0,1.0
PPG,2006-03-20 00:00:00+00:00,63.28,63.7,62.94,63.27,540500,21.8290806695,21.9739639482,21.7117942057,21.8256310676,1081000,0.0,1.0
PPG,2006-03-21 00:00:00+00:00,63.15,63.5,62.83,63.18,1117100,21.7842358451,21.9049719107,21.6738485851,21.7945846507,2234200,0.0,1.0
PPG,2006-03-22 00:00:00+00:00,63.14,63.39,63.01,63.16,875700,21.7807862432,21.8670262901,21.7359414188,21.787685447,1751400,0.0,1.0
PPG,2006-03-23 00:00:00+00:00,62.93,63.34,62.77,63.15,489600,21.7083446038,21.8497782807,21.6531509738,21.7842358451,979200,0.0,1.0
PPG,2006-03-24 00:00:00+00:00,63.14,63.32,62.26,62.87,836900,21.7807862432,21.842879077,21.4772212781,21.6876469926,1673800,0.0,1.0
PPG,2006-03-27 00:00:00+00:00,62.48,62.91,62.33,62.85,649100,21.5531125194,21.7014454001,21.5013684913,21.6807477888,1298200,0.0,1.0
PPG,2006-03-28 00:00:00+00:00,62.69,62.93,62.2,62.48,950000,21.6255541588,21.7083446038,21.4565236669,21.5531125194,1900000,0.0,1.0
PPG,2006-03-29 00:00:00+00:00,63.29,63.43,62.52,62.69,584100,21.8325302713,21.8808246976,21.5669109269,21.6255541588,1168200,0.0,1.0
PPG,2006-03-30 00:00:00+00:00,63.17,63.53,62.74,63.04,633400,21.7911350488,21.9153207164,21.6428021682,21.7462902244,1266800,0.0,1.0
PPG,2006-03-31 00:00:00+00:00,63.35,63.53,62.8356,63.07,722400,21.8532278826,21.9153207164,21.6757803621,21.7566390301,1444800,0.0,1.0
PPG,2006-04-03 00:00:00+00:00,63.82,64.25,63.36,63.36,1185700,22.0153591708,22.1636920514,21.8566774845,21.8566774845,2371400,0.0,1.0
PPG,2006-04-04 00:00:00+00:00,64.47,64.54,63.31,63.65,1111000,22.2395832927,22.2637305058,21.8394294751,21.9567159389,2222000,0.0,1.0
PPG,2006-04-05 00:00:00+00:00,64.62,64.74,63.854,64.32,850700,22.2913273208,22.3327225433,22.0270878171,22.1878392645,1701400,0.0,1.0
PPG,2006-04-06 00:00:00+00:00,64.36,64.64,63.94,64.6,557000,22.201637672,22.2982265246,22.0567543933,22.2844281171,1114000,0.0,1.0
PPG,2006-04-07 00:00:00+00:00,63.18,64.67,63.11,64.4,605700,21.7945846507,22.3085753302,21.7704374376,22.2154360795,1211400,0.0,1.0
PPG,2006-04-10 00:00:00+00:00,62.99,63.52,62.95,63.33,456900,21.7290422151,21.9118711145,21.7152438076,21.8463286788,913800,0.0,1.0
PPG,2006-04-11 00:00:00+00:00,62.62,63.62,62.58,63.31,505300,21.6014069457,21.9463671332,21.5876085382,21.8394294751,1010600,0.0,1.0
PPG,2006-04-12 00:00:00+00:00,63.29,63.5,62.66,62.82,549100,21.8325302713,21.9049719107,21.6152053532,21.6703989832,1098200,0.0,1.0
PPG,2006-04-13 00:00:00+00:00,63.38,63.82,62.96,63.3,402000,21.8635766882,22.0153591708,21.7186934094,21.8359798732,804000,0.0,1.0
PPG,2006-04-17 00:00:00+00:00,63.48,63.7,63.13,63.28,490700,21.898072707,21.9739639482,21.7773366413,21.8290806695,981400,0.0,1.0
PPG,2006-04-18 00:00:00+00:00,63.1,63.66,63.1,63.48,1453900,21.7669878357,21.9601655407,21.7669878357,21.898072707,2907800,0.0,1.0
PPG,2006-04-19 00:00:00+00:00,63.17,63.55,62.72,62.77,1341400,21.7911350488,21.9222199201,21.6359029644,21.6531509738,2682800,0.0,1.0
PPG,2006-04-20 00:00:00+00:00,65.86,65.88,64.2,65.0,2620200,22.7190779534,22.7259771571,22.146444042,22.4224121921,5240400,0.0,1.0
PPG,2006-04-21 00:00:00+00:00,66.6,67.18,66.28,66.38,1883600,22.9743484922,23.174425401,22.8639612322,22.8984572509,3767200,0.0,1.0
PPG,2006-04-24 00:00:00+00:00,66.69,66.83,65.57,66.22,1214900,23.0053949091,23.0536893353,22.619039499,22.8432636209,2429800,0.0,1.0
PPG,2006-04-25 00:00:00+00:00,67.09,67.25,66.38,66.69,1496400,23.1433789841,23.1985726141,22.8984572509,23.0053949091,2992800,0.0,1.0
PPG,2006-04-26 00:00:00+00:00,67.37,67.69,67.13,67.23,1614000,23.2399678366,23.3503550967,23.1571773916,23.1916734104,3228000,0.0,1.0
PPG,2006-04-27 00:00:00+00:00,67.3,68.05,66.67,66.91,1025300,23.2158206235,23.4745407642,22.9984957053,23.0812861503,2050600,0.0,1.0
PPG,2006-04-28 00:00:00+00:00,67.12,67.54,66.84,67.29,1175500,23.1537277897,23.2986110685,23.0571389372,23.2123710216,2351000,0.0,1.0
PPG,2006-05-01 00:00:00+00:00,67.19,67.95,67.19,67.55,1066100,23.1778750029,23.4400447454,23.1778750029,23.3020606704,2132200,0.0,1.0
PPG,2006-05-02 00:00:00+00:00,67.89,68.08,66.98,67.19,1008000,23.4193471342,23.4848895698,23.1054333635,23.1778750029,2016000,0.0,1.0
PPG,2006-05-03 00:00:00+00:00,68.35,68.5,67.75,67.89,945100,23.5780288204,23.6297728486,23.3710527079,23.4193471342,1890200,0.0,1.0
PPG,2006-05-04 00:00:00+00:00,68.07,68.88,67.98,68.35,956100,23.4814399679,23.7608577199,23.450393551,23.5780288204,1912200,0.0,1.0
PPG,2006-05-05 00:00:00+00:00,68.28,68.31,67.97,68.17,1075700,23.5538816073,23.5642304129,23.4469439492,23.5159359867,2151400,0.0,1.0
PPG,2006-05-08 00:00:00+00:00,68.2,68.4,68.05,68.05,813400,23.6918656823,23.7613432943,23.6397574734,23.6397574734,1626800,0.48,1.0
PPG,2006-05-09 00:00:00+00:00,68.31,68.36,67.8,68.0,529300,23.7300783689,23.7474477719,23.5529104584,23.6223880704,1058600,0.0,1.0
PPG,2006-05-10 00:00:00+00:00,68.47,68.61,67.93,68.35,888200,23.7856604585,23.8342947869,23.5980709062,23.7439738913,1776400,0.0,1.0
PPG,2006-05-11 00:00:00+00:00,68.36,68.76,68.15,68.62,693800,23.7474477719,23.8864029959,23.6744962794,23.8377686675,1387600,0.0,1.0
PPG,2006-05-12 00:00:00+00:00,67.3,68.36,67.13,68.35,897100,23.3792164285,23.7474477719,23.3201604583,23.7439738913,1794200,0.0,1.0
PPG,2006-05-15 00:00:00+00:00,66.67,67.29,65.96,67.29,816000,23.1603619508,23.3757425479,22.9137164283,23.3757425479,1632000,0.0,1.0
PPG,2006-05-16 00:00:00+00:00,67.07,67.27,66.19,67.07,697800,23.2993171747,23.3687947867,22.993615682,23.2993171747,1395600,0.0,1.0
PPG,2006-05-17 00:00:00+00:00,65.8,66.87,65.5,66.57,999300,22.8581343387,23.2298395627,22.7539179207,23.1256231448,1998600,0.0,1.0
PPG,2006-05-18 00:00:00+00:00,65.22,66.38,64.53,65.99,694800,22.656649264,23.0596194134,22.4169515027,22.9241380701,1389600,0.0,1.0
PPG,2006-05-19 00:00:00+00:00,65.45,65.93,64.93,65.93,907600,22.7365485177,22.9032947865,22.5559067266,22.9032947865,1815200,0.0,1.0
PPG,2006-05-22 00:00:00+00:00,64.32,65.36,62.88,65.35,1242800,22.3440000101,22.7052835923,21.8437612039,22.7018097117,2485600,0.0,1.0
PPG,2006-05-23 00:00:00+00:00,64.37,65.24,64.26,64.65,950500,22.3613694131,22.6635970252,22.3231567265,22.4586380698,1901000,0.0,1.0
PPG,2006-05-24 00:00:00+00:00,64.39,64.75,63.34,64.37,1147000,22.3683171743,22.4933768758,22.0035597114,22.3613694131,2294000,0.0,1.0
PPG,2006-05-25 00:00:00+00:00,64.6,65.2,64.37,64.39,668700,22.4412686669,22.6497015028,22.3613694131,22.3683171743,1337400,0.0,1.0
PPG,2006-05-26 00:00:00+00:00,64.95,65.1,64.47,64.98,491300,22.5628544878,22.6149626968,22.3961082191,22.5732761296,982600,0.0,1.0
PPG,2006-05-30 00:00:00+00:00,63.95,64.59,63.54,64.5,712600,22.2154664279,22.4377947863,22.0730373234,22.4065298609,1425200,0.0,1.0
PPG,2006-05-31 00:00:00+00:00,64.34,64.94,63.75,64.18,639700,22.3509477713,22.5593806072,22.145988816,22.2953656817,1279400,0.0,1.0
PPG,2006-06-01 00:00:00+00:00,64.96,64.96,63.63,64.03,593400,22.5663283684,22.5663283684,22.1043022488,22.2432574727,1186800,0.0,1.0
PPG,2006-06-02 00:00:00+00:00,65.21,65.38,64.56,65.21,563200,22.6531753834,22.7122313535,22.4273731445,22.6531753834,1126400,0.0,1.0
PPG,2006-06-05 00:00:00+00:00,64.16,64.97,63.86,64.96,807000,22.2884179205,22.569802249,22.1842015026,22.5663283684,1614000,0.0,1.0
PPG,2006-06-06 00:00:00+00:00,64.51,65.5,63.89,64.5,1359200,22.4100037415,22.7539179207,22.1946231444,22.4065298609,2718400,0.0,1.0
PPG,2006-06-07 00:00:00+00:00,64.02,64.76,61.54,64.51,1032900,22.2397835921,22.4968507564,21.3782612037,22.4100037415,2065800,0.0,1.0
PPG,2006-06-08 00:00:00+00:00,64.15,64.3,61.56,63.38,1654000,22.2849440399,22.3370522489,21.3852089649,22.0174552338,3308000,0.0,1.0
PPG,2006-06-09 00:00:00+00:00,63.94,64.13,63.21,63.9,691700,22.2119925473,22.2779962787,21.9583992637,22.198097025,1383400,0.0,1.0
PPG,2006-06-12 00:00:00+00:00,63.42,64.5,63.29,63.99,799100,22.0313507562,22.4065298609,21.9861903084,22.2293619503,1598200,0.0,1.0
PPG,2006-06-13 00:00:00+00:00,62.73,63.68,62.38,62.95,1039300,21.7916529949,22.1216716518,21.670067174,21.8680783681,2078600,0.0,1.0
PPG,2006-06-14 00:00:00+00:00,63.4,63.42,62.4325,62.5,821100,22.024402995,22.0313507562,21.6883050471,21.7117537412,1642200,0.0,1.0
PPG,2006-06-15 00:00:00+00:00,65.15,65.31,63.54,63.6,932300,22.6323320998,22.6879141894,22.0730373234,22.093880607,1864600,0.0,1.0
PPG,2006-06-16 00:00:00+00:00,64.74,65.14,64.29,64.82,817200,22.4899029952,22.6288582192,22.3335783683,22.51769404,1634400,0.0,1.0
PPG,2006-06-19 00:00:00+00:00,63.1,64.89,62.8,64.81,1258200,21.9201865771,22.5420112042,21.8159701591,22.5142201594,2516400,0.0,1.0
PPG,2006-06-20 00:00:00+00:00,63.02,63.54,62.83,63.1,776900,21.8923955323,22.0730373234,21.8263918009,21.9201865771,1553800,0.0,1.0
PPG,2006-06-21 00:00:00+00:00,63.48,63.94,62.93,63.12,938200,22.0521940398,22.2119925473,21.8611306069,21.9271343383,1876400,0.0,1.0
PPG,2006-06-22 00:00:00+00:00,63.97,64.04,63.12,63.48,618500,22.2224141891,22.2467313533,21.9271343383,22.0521940398,1237000,0.0,1.0
PPG,2006-06-23 00:00:00+00:00,64.22,65.02,63.62,63.72,679700,22.3092612041,22.587171652,22.1008283682,22.1355671742,1359400,0.0,1.0
PPG,2006-06-26 00:00:00+00:00,65.15,65.21,64.42,64.45,476100,22.6323320998,22.6531753834,22.3787388161,22.3891604579,952200,0.0,1.0
PPG,2006-06-27 00:00:00+00:00,63.59,65.22,63.43,65.05,756800,22.0904067264,22.656649264,22.0348246368,22.5975932938,1513600,0.0,1.0
PPG,2006-06-28 00:00:00+00:00,63.67,63.77,63.08,63.59,468200,22.1181977712,22.1529365772,21.9132388159,22.0904067264,936400,0.0,1.0
PPG,2006-06-29 00:00:00+00:00,65.31,65.34,64.09,64.3,771000,22.6879141894,22.6983358312,22.2641007563,22.3370522489,1542000,0.0,1.0
PPG,2006-06-30 00:00:00+00:00,66.0,66.15,65.25,65.6,886700,22.9276119507,22.9797201596,22.6670709058,22.7886567267,1773400,0.0,1.0
PPG,2006-07-03 00:00:00+00:00,66.32,66.49,66.06,66.35,264600,23.0387761298,23.0978321,22.9484552342,23.0491977716,529200,0.0,1.0
PPG,2006-07-05 00:00:00+00:00,65.85,66.34,65.57,66.33,549800,22.8755037417,23.045723891,22.7782350849,23.0422500104,1099600,0.0,1.0
PPG,2006-07-06 00:00:00+00:00,65.38,66.02,64.91,65.71,652800,22.7122313535,22.9345597119,22.5489589654,22.8268694133,1305600,0.0,1.0
PPG,2006-07-07 00:00:00+00:00,65.05,65.71,64.83,65.13,673500,22.5975932938,22.8268694133,22.5211679206,22.6253843386,1347000,0.0,1.0
PPG,2006-07-10 00:00:00+00:00,66.49,66.57,65.25,65.45,704800,23.0978321,23.1256231448,22.6670709058,22.7365485177,1409600,0.0,1.0
PPG,2006-07-11 00:00:00+00:00,66.59,66.81,66.37,66.59,870200,23.132570906,23.2089962791,23.0561455328,23.132570906,1740400,0.0,1.0
PPG,2006-07-12 00:00:00+00:00,65.63,66.91,65.57,66.64,552800,22.7990783685,23.2437350851,22.7782350849,23.149940309,1105600,0.0,1.0
PPG,2006-07-13 00:00:00+00:00,63.38,65.38,63.35,65.1,1234000,22.0174552338,22.7122313535,22.007033592,22.6149626968,2468000,0.0,1.0
PPG,2006-07-14 00:00:00+00:00,63.07,63.39,62.34,63.39,891200,21.9097649353,22.0209291144,21.6561716516,22.0209291144,1782400,0.0,1.0
PPG,2006-07-17 00:00:00+00:00,63.29,63.67,62.73,62.75,855800,21.9861903084,22.1181977712,21.7916529949,21.7986007561,1711600,0.0,1.0
PPG,2006-07-18 00:00:00+00:00,63.47,63.69,62.67,63.32,525700,22.0487201592,22.1251455324,21.7708097113,21.9966119502,1051400,0.0,1.0
PPG,2006-07-19 00:00:00+00:00,65.29,65.4043,63.9,64.07,967300,22.6809664282,22.7206728834,22.198097025,22.2571529951,1934600,0.0,1.0
PPG,2006-07-20 00:00:00+00:00,64.19,65.53,64.07,65.04,796700,22.2988395623,22.7643395625,22.2571529951,22.5941194132,1593400,0.0,1.0
PPG,2006-07-21 00:00:00+00:00,62.01,64.29,61.83,64.29,1193200,21.5415335918,22.3335783683,21.479003741,22.3335783683,2386400,0.0,1.0
PPG,2006-07-24 00:00:00+00:00,63.02,63.1,62.12,62.65,1037900,21.8923955323,21.9201865771,21.5797462784,21.7638619501,2075800,0.0,1.0
PPG,2006-07-25 00:00:00+00:00,63.36,63.44,62.19,63.02,1125900,22.0105074726,22.0382985174,21.6040634426,21.8923955323,2251800,0.0,1.0
PPG,2006-07-26 00:00:00+00:00,62.6,63.34,62.43,63.21,1132300,21.7464925471,22.0035597114,21.687436577,21.9583992637,2264600,0.0,1.0
PPG,2006-07-27 00:00:00+00:00,61.3,62.64,61.08,62.61,1416300,21.2948880693,21.7603880695,21.2184626962,21.7499664277,2832600,0.0,1.0
PPG,2006-07-28 00:00:00+00:00,62.02,62.17,61.3,61.3,806400,21.5450074724,21.5971156814,21.2948880693,21.2948880693,1612800,0.0,1.0
PPG,2006-07-31 00:00:00+00:00,61.54,61.9,61.25,61.8,720800,21.3782612037,21.5033209052,21.2775186663,21.4685820993,1441600,0.0,1.0
PPG,2006-08-01 00:00:00+00:00,61.14,61.54,60.71,61.54,644100,21.2393059797,21.3782612037,21.089929114,21.3782612037,1288200,0.0,1.0
PPG,2006-08-02 00:00:00+00:00,62.0,62.46,61.38,61.54,837600,21.5380597112,21.6978582188,21.3226791141,21.3782612037,1675200,0.0,1.0
PPG,2006-08-03 00:00:00+00:00,62.59,63.0,61.37,61.37,602500,21.7430186665,21.8854477711,21.3192052335,21.3192052335,1205000,0.0,1.0
PPG,2006-08-04 00:00:00+00:00,62.6,63.36,62.45,62.64,727600,21.7464925471,22.0105074726,21.6943843382,21.7603880695,1455200,0.0,1.0
PPG,2006-08-07 00:00:00+00:00,62.34,62.99,62.17,62.61,465000,21.6561716516,21.8819738905,21.5971156814,21.7499664277,930000,0.0,1.0
PPG,2006-08-08 00:00:00+00:00,61.99,63.0,61.98,62.54,675600,21.7013320994,22.0549108285,21.6978313199,21.8938749717,1351200,0.48,1.0
PPG,2006-08-09 00:00:00+00:00,61.75,62.45,61.71,62.19,714800,21.6173133914,21.8623679562,21.6033102735,21.7713476893,1429600,0.0,1.0
PPG,2006-08-10 00:00:00+00:00,61.97,62.05,61.29,61.79,693800,21.6943305404,21.7223367763,21.4562775346,21.6313165094,1387600,0.0,1.0
PPG,2006-08-11 00:00:00+00:00,61.32,62.09,61.24,61.79,383200,21.4667798731,21.7363398943,21.4387736371,21.6313165094,766400,0.0,1.0
PPG,2006-08-14 00:00:00+00:00,61.93,62.7,60.42,60.42,379200,21.6803274224,21.9498874436,21.1517097184,21.1517097184,758400,0.0,1.0
PPG,2006-08-15 00:00:00+00:00,63.23,63.3,62.2,62.5,514400,22.1354287569,22.1599342134,21.7748484688,21.8798718537,1028800,0.0,1.0
PPG,2006-08-16 00:00:00+00:00,64.6,64.6,63.6601,63.8,689200,22.615035548,22.615035548,22.2859972831,22.3349731882,1378400,0.0,1.0
PPG,2006-08-17 00:00:00+00:00,63.76,64.93,63.69,64.93,916700,22.3209700703,22.7305612714,22.2964646138,22.7305612714,1833400,0.0,1.0
PPG,2006-08-18 00:00:00+00:00,63.69,64.26,63.65,64.09,582900,22.2964646138,22.4960090451,22.2824614958,22.4364957936,1165800,0.0,1.0
PPG,2006-08-21 00:00:00+00:00,63.74,63.88,63.46,63.51,425000,22.3139685113,22.3629794242,22.2159466854,22.2334505828,850000,0.0,1.0
PPG,2006-08-22 00:00:00+00:00,63.34,64.0,63.15,63.86,514100,22.1739373314,22.4049887782,22.107422521,22.3559778652,1028200,0.0,1.0
PPG,2006-08-23 00:00:00+00:00,63.05,63.39,62.67,63.39,362500,22.072414726,22.1914412289,21.9393851051,22.1914412289,725000,0.0,1.0
PPG,2006-08-24 00:00:00+00:00,62.75,63.36,62.34,63.25,318400,21.9673913411,22.1809388904,21.8238593817,22.1424303159,636800,0.0,1.0
PPG,2006-08-25 00:00:00+00:00,62.56,62.825,62.31,62.31,300900,21.9008765307,21.9936471873,21.8133570432,21.8133570432,601800,0.0,1.0
PPG,2006-08-28 00:00:00+00:00,62.93,63.07,62.44,62.68,472200,22.030405372,22.079416285,21.8588671767,21.9428858846,944400,0.0,1.0
PPG,2006-08-29 00:00:00+00:00,63.02,63.17,62.19,63.07,557300,22.0619123875,22.11442408,21.7713476893,22.079416285,1114600,0.0,1.0
PPG,2006-08-30 00:00:00+00:00,63.0,63.38,62.86,62.9,298600,22.0549108285,22.1879404494,22.0058999156,22.0199030335,597200,0.0,1.0
PPG,2006-08-31 00:00:00+00:00,63.36,63.69,62.95,63.18,446600,22.1809388904,22.2964646138,22.037406931,22.1179248595,893200,0.0,1.0
PPG,2006-09-01 00:00:00+00:00,64.36,64.53,63.52,63.7,560100,22.53101684,22.5905300915,22.2369513623,22.2999653933,1120200,0.0,1.0
PPG,2006-09-05 00:00:00+00:00,64.12,64.34,63.69,64.33,740900,22.4469981321,22.5240152811,22.2964646138,22.5205145016,1481800,0.0,1.0
PPG,2006-09-06 00:00:00+00:00,63.82,64.2,63.66,63.95,945900,22.3419747472,22.4750043681,22.2859622753,22.3874848807,1891800,0.0,1.0
PPG,2006-09-07 00:00:00+00:00,63.96,64.36,63.49,63.72,975300,22.3909856602,22.53101684,22.2264490238,22.3069669523,1950600,0.0,1.0
PPG,2006-09-08 00:00:00+00:00,64.93,65.0,63.92,63.96,886700,22.7305612714,22.7550667278,22.3769825422,22.3909856602,1773400,0.0,1.0
PPG,2006-09-11 00:00:00+00:00,64.75,64.88,64.24,64.75,1213000,22.6675472404,22.7130573739,22.4890074861,22.6675472404,2426000,0.0,1.0
PPG,2006-09-12 00:00:00+00:00,65.84,65.91,64.62,64.75,1209500,23.0491322055,23.073637662,22.622037107,22.6675472404,2419000,0.0,1.0
PPG,2006-09-13 00:00:00+00:00,66.35,66.86,65.54,65.84,907600,23.2276719599,23.4062117142,22.9441088206,23.0491322055,1815200,0.0,1.0
PPG,2006-09-14 00:00:00+00:00,66.12,66.26,65.4,65.9,874000,23.1471540314,23.1961649444,22.8950979077,23.0701368825,1748000,0.0,1.0
PPG,2006-09-15 00:00:00+00:00,66.0,66.75,65.9,66.4,953800,23.1051446775,23.3677031397,23.0701368825,23.2451758574,1907600,0.0,1.0
PPG,2006-09-18 00:00:00+00:00,66.21,66.68,65.62,66.19,546400,23.1786610469,23.3431976833,22.9721150566,23.1716594879,1092800,0.0,1.0
PPG,2006-09-19 00:00:00+00:00,66.26,66.34,65.76,66.08,591800,23.1961649444,23.2241711804,23.0211259696,23.1331509135,1183600,0.0,1.0
PPG,2006-09-20 00:00:00+00:00,67.45,67.55,66.47,66.66,847400,23.6127577045,23.6477654995,23.2696813138,23.3361961243,1694800,0.0,1.0
PPG,2006-09-21 00:00:00+00:00,66.6,67.86,66.35,67.86,894900,23.3151914473,23.7562896639,23.2276719599,23.7562896639,1789800,0.0,1.0
PPG,2006-09-22 00:00:00+00:00,66.12,66.62,65.85,66.48,577900,23.1471540314,23.3221930063,23.052632985,23.2731820933,1155800,0.0,1.0
PPG,2006-09-25 00:00:00+00:00,66.8,66.92,66.01,66.2,837600,23.3852070372,23.4272163912,23.108645457,23.1751602674,1675200,0.0,1.0
PPG,2006-09-26 00:00:00+00:00,67.78,67.88,66.81,66.81,962600,23.7282834279,23.7632912228,23.3887078167,23.3887078167,1925200,0.0,1.0
PPG,2006-09-27 00:00:00+00:00,67.32,67.77,67.2,67.53,859000,23.567247571,23.7247826484,23.5252382171,23.6407639405,1718000,0.0,1.0
PPG,2006-09-28 00:00:00+00:00,68.09,68.22,67.18,67.45,1012100,23.8368075923,23.8823177257,23.5182366581,23.6127577045,2024200,0.0,1.0
PPG,2006-09-29 00:00:00+00:00,67.08,68.03,67.07,67.23,870800,23.4832288631,23.8158029153,23.4797280836,23.5357405556,1741600,0.0,1.0
PPG,2006-10-02 00:00:00+00:00,66.94,67.32,66.4,67.31,503600,23.4342179502,23.567247571,23.2451758574,23.5637467915,1007200,0.0,1.0
PPG,2006-10-03 00:00:00+00:00,66.69,67.04,66.2,66.46,669000,23.3466984628,23.4692257451,23.1751602674,23.2661805343,1338000,0.0,1.0
PPG,2006-10-04 00:00:00+00:00,67.11,67.34,66.21,66.4,706700,23.4937312016,23.57424913,23.1786610469,23.2451758574,1413400,0.0,1.0
PPG,2006-10-05 00:00:00+00:00,67.42,67.5,66.91,67.0,593800,23.602255366,23.630261602,23.4237156117,23.4552226271,1187600,0.0,1.0
PPG,2006-10-06 00:00:00+00:00,67.7,67.74,66.93,67.0,499700,23.7002771919,23.7142803099,23.4307171707,23.4552226271,999400,0.0,1.0
PPG,2006-10-09 00:00:00+00:00,67.82,68.14,67.45,67.45,379700,23.7422865459,23.8543114898,23.6127577045,23.6127577045,759400,0.0,1.0
PPG,2006-10-10 00:00:00+00:00,67.67,67.88,66.86,67.77,605300,23.6897748534,23.7632912228,23.4062117142,23.7247826484,1210600,0.0,1.0
PPG,2006-10-11 00:00:00+00:00,68.3,68.35,67.35,67.61,670000,23.9103239617,23.9278278592,23.5777499095,23.6687701764,1340000,0.0,1.0
PPG,2006-10-12 00:00:00+00:00,68.79,68.82,68.3,68.45,600300,24.081862157,24.0923644955,23.9103239617,23.9628356542,1200600,0.0,1.0
PPG,2006-10-13 00:00:00+00:00,68.58,68.79,68.35,68.66,364700,24.0083457876,24.081862157,23.9278278592,24.0363520236,729400,0.0,1.0
PPG,2006-10-16 00:00:00+00:00,69.25,69.47,68.28,68.28,725200,24.2428980139,24.3199151628,23.9033224027,23.9033224027,1450400,0.0,1.0
PPG,2006-10-17 00:00:00+00:00,69.0,69.14,68.34,69.13,639300,24.1553785265,24.2043894394,23.9243270797,24.2008886599,1278600,0.0,1.0
PPG,2006-10-18 00:00:00+00:00,68.46,69.69,68.28,69.4,723200,23.9663364337,24.3969323117,23.9033224027,24.2954097063,1446400,0.0,1.0
PPG,2006-10-19 00:00:00+00:00,67.71,68.01,67.27,68.0,1212600,23.7037779714,23.8088013563,23.5497436736,23.8053005768,2425200,0.0,1.0
PPG,2006-10-20 00:00:00+00:00,68.27,68.35,67.4,68.04,961300,23.8998216232,23.9278278592,23.595253807,23.8193036948,1922600,0.0,1.0
PPG,2006-10-23 00:00:00+00:00,69.28,69.33,68.34,68.34,773300,24.2534003524,24.2709042499,23.9243270797,23.9243270797,1546600,0.0,1.0
PPG,2006-10-24 00:00:00+00:00,68.82,69.8,68.65,69.2,972900,24.0923644955,24.4354408862,24.0328512441,24.2253941164,1945800,0.0,1.0
PPG,2006-10-25 00:00:00+00:00,68.67,69.1,68.24,69.07,563400,24.0398528031,24.1903863214,23.8893192847,24.1798839829,1126800,0.0,1.0
PPG,2006-10-26 00:00:00+00:00,68.71,69.13,68.26,69.13,578500,24.0538559211,24.2008886599,23.8963208437,24.2008886599,1157000,0.0,1.0
PPG,2006-10-27 00:00:00+00:00,68.15,68.5,67.88,68.5,886000,23.8578122693,23.9803395516,23.7632912228,23.9803395516,1772000,0.0,1.0
PPG,2006-10-30 00:00:00+00:00,68.96,69.19,68.05,68.18,740800,24.1413754085,24.2218933369,23.8228044743,23.8683146077,1481600,0.0,1.0
PPG,2006-10-31 00:00:00+00:00,68.4,69.29,68.24,68.75,827800,23.9453317567,24.2569011319,23.8893192847,24.0678590391,1655600,0.0,1.0
PPG,2006-11-01 00:00:00+00:00,67.81,69.11,67.81,68.27,920400,23.7387857664,24.1938871009,23.7387857664,23.8998216232,1840800,0.0,1.0
PPG,2006-11-02 00:00:00+00:00,67.97,68.29,67.32,67.32,741000,23.7947982383,23.9068231822,23.567247571,23.567247571,1482000,0.0,1.0
PPG,2006-11-03 00:00:00+00:00,67.35,68.34,67.22,67.76,773600,23.5777499095,23.9243270797,23.5322397761,23.7212818689,1547200,0.0,1.0
PPG,2006-11-06 00:00:00+00:00,67.89,68.22,67.35,67.45,765600,23.7667920023,23.8823177257,23.5777499095,23.6127577045,1531200,0.0,1.0
PPG,2006-11-07 00:00:00+00:00,68.14,68.5,67.91,68.12,596900,23.8543114898,23.9803395516,23.7737935613,23.8473099308,1193800,0.0,1.0
PPG,2006-11-08 00:00:00+00:00,67.27,67.88,67.2,67.52,669500,23.7177810894,23.9328523911,23.6931007761,23.8059250655,1339000,0.48,1.0
PPG,2006-11-09 00:00:00+00:00,66.82,67.65,66.77,67.27,662600,23.5591219324,23.8517599331,23.5414931372,23.7177810894,1325200,0.0,1.0
PPG,2006-11-10 00:00:00+00:00,67.29,67.59,66.89,67.25,572500,23.7248326075,23.8306053788,23.5838022457,23.7107295713,1145000,0.0,1.0
PPG,2006-11-13 00:00:00+00:00,68.18,68.31,67.3,67.41,727300,24.0386251624,24.08446003,23.7283583665,23.767141716,1454600,0.0,1.0
PPG,2006-11-14 00:00:00+00:00,68.21,68.43,67.4,68.2,587800,24.0492024395,24.1267691385,23.763615957,24.0456766805,1175600,0.0,1.0
PPG,2006-11-15 00:00:00+00:00,68.63,68.86,68.13,68.38,533300,24.1972843194,24.2783767774,24.0209963672,24.1091403433,1066600,0.0,1.0
PPG,2006-11-16 00:00:00+00:00,69.15,69.32,68.45,68.97,828700,24.3806237897,24.4405616934,24.1338206566,24.3171601269,1657400,0.0,1.0
PPG,2006-11-17 00:00:00+00:00,65.63,67.8,64.91,67.75,3310700,23.1395566062,23.9046463187,22.885701955,23.8870175235,6621400,0.0,1.0
PPG,2006-11-20 00:00:00+00:00,64.79,65.55,64.53,64.88,1979700,22.8433928465,23.1113505338,22.7517231113,22.8751246779,3959400,0.0,1.0
PPG,2006-11-21 00:00:00+00:00,65.06,65.2,64.27,64.67,1437200,22.9385883407,22.9879489673,22.6600533762,22.8010837379,2874400,0.0,1.0
PPG,2006-11-22 00:00:00+00:00,65.04,65.51,64.82,64.82,771500,22.9315368226,23.0972474976,22.8539701236,22.8539701236,1543000,0.0,1.0
PPG,2006-11-24 00:00:00+00:00,64.95,65.07,64.75,64.75,212400,22.8998049912,22.9421140997,22.8292898103,22.8292898103,424800,0.0,1.0
PPG,2006-11-27 00:00:00+00:00,64.25,64.77,63.77,64.7,1070000,22.6530018581,22.8363413284,22.483765424,22.8116610151,2140000,0.0,1.0
PPG,2006-11-28 00:00:00+00:00,64.15,64.44,63.79,64.08,1358300,22.6177442676,22.7199912799,22.4908169421,22.5930639543,2716600,0.0,1.0
PPG,2006-11-29 00:00:00+00:00,64.39,64.44,64.07,64.4,1840600,22.7023624847,22.7199912799,22.5895381953,22.7058882437,3681200,0.0,1.0
PPG,2006-11-30 00:00:00+00:00,64.3,64.66,64.1,64.3,917600,22.6706306533,22.7975579789,22.6001154724,22.6706306533,1835200,0.0,1.0
PPG,2006-12-01 00:00:00+00:00,64.39,64.73,63.94,64.69,1020100,22.7023624847,22.8222382922,22.5437033277,22.808135256,2040200,0.0,1.0
PPG,2006-12-04 00:00:00+00:00,65.39,65.52,64.4,64.4,995000,23.0549383891,23.1007732567,22.7058882437,22.7058882437,1990000,0.0,1.0
PPG,2006-12-05 00:00:00+00:00,66.36,66.69,65.55,66.04,1255100,23.3969370164,23.5132870648,23.1113505338,23.284112727,2510200,0.0,1.0
PPG,2006-12-06 00:00:00+00:00,65.82,66.5,65.82,66.11,822900,23.206546028,23.446297643,23.206546028,23.3087930403,1645800,0.0,1.0
PPG,2006-12-07 00:00:00+00:00,65.7,66.25,65.698,65.98,449900,23.1642369195,23.3581536669,23.1635317677,23.2629581727,899800,0.0,1.0
PPG,2006-12-08 00:00:00+00:00,65.77,66.05,65.41,65.5,502700,23.1889172328,23.287638486,23.0619899072,23.0937217386,1005400,0.0,1.0
PPG,2006-12-11 00:00:00+00:00,65.38,65.83,65.25,65.78,485000,23.0514126301,23.210071787,23.0055777625,23.1924429918,970000,0.0,1.0
PPG,2006-12-12 00:00:00+00:00,65.03,65.35,64.61,65.34,1195500,22.9280110635,23.0408353529,22.7799291837,23.0373095939,2391000,0.0,1.0
PPG,2006-12-13 00:00:00+00:00,64.78,65.35,64.7,65.23,775600,22.8398670874,23.0408353529,22.8116610151,22.9985262444,1551200,0.0,1.0
PPG,2006-12-14 00:00:00+00:00,65.52,65.78,64.8,64.92,1337500,23.1007732567,23.1924429918,22.8469186055,22.889227714,2675000,0.0,1.0
PPG,2006-12-15 00:00:00+00:00,66.08,66.11,65.56,65.75,856500,23.2982157631,23.3087930403,23.1148762929,23.1818657147,1713000,0.0,1.0
PPG,2006-12-18 00:00:00+00:00,65.74,66.3,65.69,66.3,496700,23.1783399557,23.3757824621,23.1607111604,23.3757824621,993400,0.0,1.0
PPG,2006-12-19 00:00:00+00:00,66.18,66.2,65.47,65.75,652400,23.3334733536,23.3405248717,23.0831444615,23.1818657147,1304800,0.0,1.0
PPG,2006-12-20 00:00:00+00:00,65.48,66.14,65.48,66.14,610500,23.0866702205,23.3193703174,23.0866702205,23.3193703174,1221000,0.0,1.0
PPG,2006-12-21 00:00:00+00:00,65.03,65.7,64.79,65.49,466100,22.9280110635,23.1642369195,22.8433928465,23.0901959796,932200,0.0,1.0
PPG,2006-12-22 00:00:00+00:00,64.25,64.82,63.02,64.82,1081500,22.6530018581,22.8539701236,22.2193334957,22.8539701236,2163000,0.0,1.0
PPG,2006-12-26 00:00:00+00:00,64.94,65.0,64.09,64.26,374400,22.8962792321,22.9174337864,22.5965897134,22.6565276171,748800,0.0,1.0
PPG,2006-12-27 00:00:00+00:00,65.03,65.09,64.67,64.95,567900,22.9280110635,22.9491656178,22.8010837379,22.8998049912,1135800,0.0,1.0
PPG,2006-12-28 00:00:00+00:00,64.74,65.2,64.73,64.8,359000,22.8257640512,22.9879489673,22.8222382922,22.8469186055,718000,0.0,1.0
PPG,2006-12-29 00:00:00+00:00,64.21,64.8,64.14,64.74,345400,22.6388988219,22.8469186055,22.6142185086,22.8257640512,690800,0.0,1.0
PPG,2007-01-03 00:00:00+00:00,64.54,65.06,64.05,64.2,801100,22.7552488704,22.9385883407,22.5824866772,22.6353730629,1602200,0.0,1.0
PPG,2007-01-04 00:00:00+00:00,64.52,64.71,64.01,64.65,721500,22.7481973523,22.8151867741,22.568383641,22.7940322198,1443000,0.0,1.0
PPG,2007-01-05 00:00:00+00:00,64.73,64.78,64.03,64.24,935100,22.8222382922,22.8398670874,22.5754351591,22.649476099,1870200,0.0,1.0
PPG,2007-01-08 00:00:00+00:00,64.3,64.65,64.11,64.65,760100,22.6706306533,22.7940322198,22.6036412315,22.7940322198,1520200,0.0,1.0
PPG,2007-01-09 00:00:00+00:00,65.2,65.48,64.45,64.78,1109100,22.9879489673,23.0866702205,22.723517039,22.8398670874,2218200,0.0,1.0
PPG,2007-01-10 00:00:00+00:00,65.29,65.43,64.62,65.21,586700,23.0196807987,23.0690414253,22.7834549427,22.9914747263,1173400,0.0,1.0
PPG,2007-01-11 00:00:00+00:00,66.43,66.57,65.29,65.29,920000,23.4216173297,23.4709779563,23.0196807987,23.0196807987,1840000,0.0,1.0
PPG,2007-01-12 00:00:00+00:00,67.07,67.33,66.2,66.25,761100,23.6472659085,23.7389356437,23.3405248717,23.3581536669,1522200,0.0,1.0
PPG,2007-01-16 00:00:00+00:00,67.29,67.56,67.07,67.07,572200,23.7248326075,23.8200281017,23.6472659085,23.6472659085,1144400,0.0,1.0
PPG,2007-01-17 00:00:00+00:00,67.83,67.88,66.87,67.3,814800,23.9152235959,23.9328523911,23.5767507276,23.7283583665,1629600,0.0,1.0
PPG,2007-01-18 00:00:00+00:00,66.01,67.69,65.8,67.65,1887300,23.2735354498,23.8658629692,23.1994945099,23.8517599331,3774600,0.0,1.0
PPG,2007-01-19 00:00:00+00:00,66.15,66.7,65.59,66.51,1398700,23.3228960765,23.5168128239,23.12545357,23.449823402,2797400,0.0,1.0
PPG,2007-01-22 00:00:00+00:00,65.47,66.08,65.24,65.89,668400,23.0831444615,23.2982157631,23.0020520034,23.2312263413,1336800,0.0,1.0
PPG,2007-01-23 00:00:00+00:00,66.04,66.1,65.35,65.48,659600,23.284112727,23.3052672812,23.0408353529,23.0866702205,1319200,0.0,1.0
PPG,2007-01-24 00:00:00+00:00,66.24,66.49,65.76,66.03,797700,23.3546279079,23.442771884,23.1853914737,23.2805869679,1595400,0.0,1.0
PPG,2007-01-25 00:00:00+00:00,65.7,66.48,65.51,66.45,728000,23.1642369195,23.4392461249,23.0972474976,23.4286688478,1456000,0.0,1.0
PPG,2007-01-26 00:00:00+00:00,65.13,65.48,64.55,65.47,960800,22.963268654,23.0866702205,22.7587746294,23.0831444615,1921600,0.0,1.0
PPG,2007-01-29 00:00:00+00:00,65.37,65.7,64.97,65.21,593900,23.047886871,23.1642369195,22.9068565093,22.9914747263,1187800,0.0,1.0
PPG,2007-01-30 00:00:00+00:00,65.67,65.67,65.03,65.62,499600,23.1536596423,23.1536596423,22.9280110635,23.1360308471,999200,0.0,1.0
PPG,2007-01-31 00:00:00+00:00,66.29,66.51,65.67,65.67,901300,23.3722567031,23.449823402,23.1536596423,23.1536596423,1802600,0.0,1.0
PPG,2007-02-01 00:00:00+00:00,67.82,68.18,66.21,66.22,1658000,23.9116978368,24.0386251624,23.3440506307,23.3475763898,3316000,0.0,1.0
PPG,2007-02-02 00:00:00+00:00,67.71,68.03,67.21,67.85,808200,23.8729144873,23.9857387767,23.6966265351,23.9222751139,1616400,0.0,1.0
PPG,2007-02-05 00:00:00+00:00,67.07,67.5,66.79,67.38,575400,23.6472659085,23.7988735474,23.5485446553,23.7565644389,1150800,0.0,1.0
PPG,2007-02-06 00:00:00+00:00,67.92,68.02,67.07,67.07,818000,23.9469554273,23.9822130177,23.6472659085,23.6472659085,1636000,0.0,1.0
PPG,2007-02-07 00:00:00+00:00,68.34,68.46,68.0,68.0,784100,24.0950373071,24.1373464156,23.9751614996,23.9751614996,1568200,0.0,1.0
PPG,2007-02-08 00:00:00+00:00,67.6,68.31,67.56,68.07,531600,23.8341311378,24.08446003,23.8200281017,23.9998418129,1063200,0.0,1.0
PPG,2007-02-09 00:00:00+00:00,67.9,68.42,67.82,67.85,739300,23.9399039092,24.1232433795,23.9116978368,23.9222751139,1478600,0.0,1.0
PPG,2007-02-12 00:00:00+00:00,67.95,68.81,67.9,67.99,814900,23.9575327044,24.2607479822,23.9399039092,23.9716357406,1629800,0.0,1.0
PPG,2007-02-13 00:00:00+00:00,68.31,69.09,68.3,68.37,850100,24.08446003,24.3594692354,24.0809342709,24.1056145842,1700200,0.0,1.0
PPG,2007-02-14 00:00:00+00:00,68.61,68.8,68.07,68.46,606200,24.3665207535,24.4339983653,24.174742278,24.3132489547,1212400,0.5,1.0
PPG,2007-02-15 00:00:00+00:00,68.68,68.8,68.4,68.4,436200,24.3913809263,24.4339983653,24.2919402352,24.2919402352,872400,0.0,1.0
PPG,2007-02-16 00:00:00+00:00,68.21,69.0,68.08,68.79,818200,24.2244626235,24.5050274303,24.1782937312,24.430446912,1636400,0.0,1.0
PPG,2007-02-20 00:00:00+00:00,68.2,68.45,66.96,67.67,846900,24.2209111702,24.3096975015,23.7805309671,24.0326841479,1693800,0.0,1.0
PPG,2007-02-21 00:00:00+00:00,68.27,68.35,67.69,68.08,699300,24.245771343,24.274182969,24.0397870544,24.1782937312,1398600,0.0,1.0
PPG,2007-02-22 00:00:00+00:00,67.44,68.53,67.33,68.5,688400,23.9510007232,24.3381091275,23.9119347374,24.3274547677,1376800,0.0,1.0
PPG,2007-02-23 00:00:00+00:00,67.74,67.85,66.91,67.44,788900,24.0575443207,24.0966103064,23.7627737009,23.9510007232,1577800,0.0,1.0
PPG,2007-02-26 00:00:00+00:00,68.0,68.46,67.66,68.2,892100,24.1498821052,24.3132489547,24.0291326947,24.2209111702,1784200,0.0,1.0
PPG,2007-02-27 00:00:00+00:00,66.09,67.57,64.84,67.57,1351600,23.4715545343,23.9971696154,23.027622878,23.9971696154,2703200,0.0,1.0
PPG,2007-02-28 00:00:00+00:00,66.25,67.13,66.0,66.09,1228200,23.5283777863,23.8409056724,23.4395914551,23.4715545343,2456400,0.0,1.0
PPG,2007-03-01 00:00:00+00:00,65.99,66.46,64.7,65.69,867100,23.4360400018,23.6029583046,22.9779025325,23.3294964043,1734200,0.0,1.0
PPG,2007-03-02 00:00:00+00:00,65.49,66.1,65.2,65.77,1309600,23.2584673393,23.4751059876,23.155475195,23.3579080303,2619200,0.0,1.0
PPG,2007-03-05 00:00:00+00:00,65.09,65.95,64.88,65.49,894800,23.1164092092,23.4218341888,23.041828691,23.2584673393,1789600,0.0,1.0
PPG,2007-03-06 00:00:00+00:00,65.9,66.23,65.26,65.43,856600,23.4040769225,23.5212748798,23.1767839145,23.2371586198,1713200,0.0,1.0
PPG,2007-03-07 00:00:00+00:00,65.52,66.0,65.35,65.64,582700,23.269121699,23.4395914551,23.2087469938,23.311739138,1165400,0.0,1.0
PPG,2007-03-08 00:00:00+00:00,66.5,66.81,65.66,65.75,701500,23.6171641176,23.7272591684,23.3188420445,23.3508051238,1403000,0.0,1.0
PPG,2007-03-09 00:00:00+00:00,67.97,68.11,66.85,66.88,1161700,24.1392277455,24.188948091,23.7414649814,23.7521193411,2323400,0.0,1.0
PPG,2007-03-12 00:00:00+00:00,68.71,69.06,67.8,67.8,1410300,24.402035286,24.5263361498,24.0788530402,24.0788530402,2820600,0.0,1.0
PPG,2007-03-13 00:00:00+00:00,67.8,69.59,67.63,68.8,2356500,24.0788530402,24.7145631721,24.0184783349,24.4339983653,4713000,0.0,1.0
PPG,2007-03-14 00:00:00+00:00,68.26,68.44,66.89,68.04,1139500,24.2422198897,24.3061460482,23.7556707944,24.1640879182,2279000,0.0,1.0
PPG,2007-03-15 00:00:00+00:00,68.98,69.3268,68.26,68.31,732300,24.4979245238,24.6210889225,24.2422198897,24.259977156,1464600,0.0,1.0
PPG,2007-03-16 00:00:00+00:00,69.04,69.5,68.34,68.96,1088300,24.5192332433,24.6826000928,24.2706315157,24.4908216173,2176600,0.0,1.0
PPG,2007-03-19 00:00:00+00:00,70.31,70.39,68.88,69.04,1682300,24.9702678061,24.9986794321,24.4624099913,24.5192332433,3364600,0.0,1.0
PPG,2007-03-20 00:00:00+00:00,71.22,71.46,70.5,70.97,1834600,25.2934500519,25.37868493,25.0377454179,25.2046637207,3669200,0.0,1.0
PPG,2007-03-21 00:00:00+00:00,72.14,72.26,70.68,70.87,976700,25.620183751,25.66280119,25.1016715764,25.1691491882,1953400,0.0,1.0
PPG,2007-03-22 00:00:00+00:00,71.88,72.21,71.71,72.15,906000,25.5278459665,25.6450439238,25.4674712612,25.6237352043,1812000,0.0,1.0
PPG,2007-03-23 00:00:00+00:00,72.28,72.4,71.51,71.62,786700,25.6699040965,25.7125215355,25.3964421962,25.435508182,1573400,0.0,1.0
PPG,2007-03-26 00:00:00+00:00,72.29,72.29,71.03,72.23,723600,25.6734555498,25.6734555498,25.2259724402,25.6521468303,1447200,0.0,1.0
PPG,2007-03-27 00:00:00+00:00,71.58,72.0,71.3,71.75,660300,25.421302369,25.5704634055,25.321861678,25.4816770742,1320600,0.0,1.0
PPG,2007-03-28 00:00:00+00:00,70.69,71.48,70.43,71.48,698200,25.1052230297,25.3857878365,25.0128852451,25.3857878365,1396400,0.0,1.0
PPG,2007-03-29 00:00:00+00:00,70.61,71.41,69.96,71.23,921500,25.0768114037,25.3609276637,24.8459669424,25.2970015052,1843000,0.0,1.0
PPG,2007-03-30 00:00:00+00:00,70.31,71.25,69.72,70.54,1093600,24.9702678061,25.3041044117,24.7607320643,25.0519512309,2187200,0.0,1.0
PPG,2007-04-02 00:00:00+00:00,70.59,70.72,69.94,70.31,697900,25.0697084972,25.1158773894,24.8388640359,24.9702678061,1395800,0.0,1.0
PPG,2007-04-03 00:00:00+00:00,71.2,71.46,70.42,70.84,631800,25.2863471454,25.37868493,25.0093337919,25.1584948284,1263600,0.0,1.0
PPG,2007-04-04 00:00:00+00:00,71.32,71.5,70.94,71.2,524700,25.3289645845,25.392890743,25.1940093609,25.2863471454,1049400,0.0,1.0
PPG,2007-04-05 00:00:00+00:00,71.06,71.254,70.82,71.03,629500,25.2366267999,25.305524993,25.1513919219,25.2259724402,1259000,0.0,1.0
PPG,2007-04-09 00:00:00+00:00,71.81,72.8,71.47,71.77,684000,25.5029857937,25.8545796656,25.3822363832,25.4887799807,1368000,0.0,1.0
PPG,2007-04-10 00:00:00+00:00,70.89,71.66,70.6,71.61,856100,25.1762520947,25.449713995,25.0732599504,25.4319567287,1712200,0.0,1.0
PPG,2007-04-11 00:00:00+00:00,70.56,71.25,70.33,71.1,873000,25.0590541374,25.3041044117,24.9773707126,25.2508326129,1746000,0.0,1.0
PPG,2007-04-12 00:00:00+00:00,71.36,71.36,70.19,70.62,613100,25.3431703975,25.3431703975,24.9276503671,25.0803628569,1226200,0.0,1.0
PPG,2007-04-13 00:00:00+00:00,71.0,71.35,70.73,71.35,394000,25.2153180804,25.3396189442,25.1194288427,25.3396189442,788000,0.0,1.0
PPG,2007-04-16 00:00:00+00:00,72.11,72.19,71.15,71.28,674700,25.6095293913,25.6379410173,25.2685898792,25.3147587715,1349400,0.0,1.0
PPG,2007-04-17 00:00:00+00:00,70.78,72.0,70.75,71.99,973600,25.1371861089,25.5704634055,25.1265317492,25.5669119523,1947200,0.0,1.0
PPG,2007-04-18 00:00:00+00:00,70.92,71.12,70.28,70.78,1307300,25.1869064544,25.2579355194,24.9596134464,25.1371861089,2614600,0.0,1.0
PPG,2007-04-19 00:00:00+00:00,75.5,75.89,70.92,71.46,2875200,26.8134720433,26.9519787201,25.1869064544,25.37868493,5750400,0.0,1.0
PPG,2007-04-20 00:00:00+00:00,75.25,75.57,74.72,75.5,1793800,26.724685712,26.838332216,26.5364586897,26.8134720433,3587600,0.0,1.0
PPG,2007-04-23 00:00:00+00:00,75.02,75.45,74.76,74.91,1120000,26.6430022872,26.795714777,26.5506645027,26.6039363015,2240000,0.0,1.0
PPG,2007-04-24 00:00:00+00:00,74.23,75.1,73.84,74.82,996600,26.3624374804,26.6714139132,26.2239308037,26.5719732222,1993200,0.0,1.0
PPG,2007-04-25 00:00:00+00:00,74.98,75.07,74.3,74.3,819200,26.6287964742,26.6607595535,26.3872976532,26.3872976532,1638400,0.0,1.0
PPG,2007-04-26 00:00:00+00:00,74.4,74.93,74.1,74.6372,733400,26.4228121857,26.611039208,26.3162685882,26.5070526568,1466800,0.0,1.0
PPG,2007-04-27 00:00:00+00:00,74.72,74.77,73.59,74.41,728200,26.5364586897,26.554215956,26.1351444724,26.4263636389,1456400,0.0,1.0
PPG,2007-04-30 00:00:00+00:00,73.59,74.78,73.58,74.72,1229600,26.1351444724,26.5577674092,26.1315930191,26.5364586897,2459200,0.0,1.0
PPG,2007-05-01 00:00:00+00:00,73.26,73.7,72.8725,73.61,910100,26.0179465151,26.1742104581,25.8803277016,26.1422473789,1820200,0.0,1.0
PPG,2007-05-02 00:00:00+00:00,74.02,74.45,73.15,73.16,680800,26.2878569622,26.4405694519,25.9788805293,25.9824319826,1361600,0.0,1.0
PPG,2007-05-03 00:00:00+00:00,75.02,75.04,73.95,73.95,964500,26.6430022872,26.6501051937,26.2629967894,26.2629967894,1929000,0.0,1.0
PPG,2007-05-04 00:00:00+00:00,74.8,75.11,74.25,74.99,539400,26.5648703157,26.6749653665,26.3695403869,26.6323479275,1078800,0.0,1.0
PPG,2007-05-07 00:00:00+00:00,75.3,75.87,74.85,75.0,650100,26.7424429783,26.9448758136,26.582627582,26.6358993807,1300200,0.0,1.0
PPG,2007-05-08 00:00:00+00:00,74.85,75.18,74.43,75.0,663100,26.7602002445,26.8781810873,26.6100428083,26.8138279003,1326200,0.5,1.0
PPG,2007-05-09 00:00:00+00:00,75.62,75.62,74.69,74.75,704300,27.0354888776,27.0354888776,26.7029974117,26.724448474,1408600,0.0,1.0
PPG,2007-05-10 00:00:00+00:00,74.34,75.35,74.1,75.07,820000,26.5778662148,26.9389590972,26.4920619655,26.8388541397,1640000,0.0,1.0
PPG,2007-05-11 00:00:00+00:00,74.64,74.86,74.1,74.57,812000,26.6851215264,26.7637754216,26.4920619655,26.660095287,1624000,0.0,1.0
PPG,2007-05-14 00:00:00+00:00,74.49,75.18,74.31,74.48,627700,26.6314938706,26.8781810873,26.5671406836,26.6279186935,1255400,0.0,1.0
PPG,2007-05-15 00:00:00+00:00,74.68,75.59,74.48,74.78,644500,26.6994222346,27.0247633465,26.6279186935,26.7351740051,1289000,0.0,1.0
PPG,2007-05-16 00:00:00+00:00,75.01,75.121,74.29,74.8,702000,26.8174030774,26.8570875427,26.5599903295,26.7423243592,1404000,0.0,1.0
PPG,2007-05-17 00:00:00+00:00,75.5,75.7,74.9,74.91,748700,26.992586753,27.0640902941,26.7780761298,26.7816513068,1497400,0.0,1.0
PPG,2007-05-18 00:00:00+00:00,77.81,78.8,75.6,76.0,2331300,27.8184526523,28.1723951806,27.0283385235,27.1713456057,4662600,0.0,1.0
PPG,2007-05-21 00:00:00+00:00,77.97,78.32,76.59,77.08,1887500,27.8756554852,28.000786682,27.3822810518,27.5574647274,3775000,0.0,1.0
PPG,2007-05-22 00:00:00+00:00,77.88,78.08,77.37,77.63,841400,27.8434788917,27.9149824328,27.661144862,27.7540994654,1682800,0.0,1.0
PPG,2007-05-23 00:00:00+00:00,77.36,78.6,77.28,77.88,758300,27.6575696849,28.1008916395,27.6289682685,27.8434788917,1516600,0.0,1.0
PPG,2007-05-24 00:00:00+00:00,76.56,77.23,76.27,76.87,1437500,27.3715555206,27.6110923832,27.2678753861,27.4823860093,2875000,0.0,1.0
PPG,2007-05-25 00:00:00+00:00,77.11,77.23,76.56,76.66,692400,27.5681902586,27.6110923832,27.3715555206,27.4073072912,1384800,0.0,1.0
PPG,2007-05-29 00:00:00+00:00,76.4,77.2,76.1,77.0,722700,27.3143526878,27.6003668521,27.2070973762,27.528863311,1445400,0.0,1.0
PPG,2007-05-30 00:00:00+00:00,77.01,77.04,75.5,75.75,1067100,27.532438488,27.5431640192,26.992586753,27.0819661793,2134200,0.0,1.0
PPG,2007-05-31 00:00:00+00:00,76.19,77.08,76.16,76.91,947600,27.2392739697,27.5574647274,27.2285484385,27.4966867175,1895200,0.0,1.0
PPG,2007-06-01 00:00:00+00:00,76.37,77.0,75.94,76.58,844200,27.3036271566,27.528863311,27.1498945433,27.3787058747,1688400,0.0,1.0
PPG,2007-06-04 00:00:00+00:00,76.21,76.41,75.53,75.98,1050400,27.2464243238,27.3179278648,27.0033122841,27.1641952515,2100800,0.0,1.0
PPG,2007-06-05 00:00:00+00:00,76.35,76.49,75.76,75.85,727300,27.2964768025,27.3465292813,27.0855413564,27.1177179499,1454600,0.0,1.0
PPG,2007-06-06 00:00:00+00:00,75.77,76.36,75.5,76.36,1140400,27.0891165334,27.3000519796,26.992586753,27.3000519796,2280800,0.0,1.0
PPG,2007-06-07 00:00:00+00:00,73.79,75.77,73.79,75.3,1110400,26.3812314769,27.0891165334,26.3812314769,26.9210832119,2220800,0.0,1.0
PPG,2007-06-08 00:00:00+00:00,74.22,74.32,73.16,73.8,615100,26.5349640902,26.5707158607,26.1559953225,26.3848066539,1230200,0.0,1.0
PPG,2007-06-11 00:00:00+00:00,74.21,74.41,73.4,73.95,688500,26.5313889131,26.6028924542,26.2417995718,26.4384343097,1377000,0.0,1.0
PPG,2007-06-12 00:00:00+00:00,72.95,74.26,72.94,74.21,847700,26.0809166044,26.5492647984,26.0773414273,26.5313889131,1695400,0.0,1.0
PPG,2007-06-13 00:00:00+00:00,74.23,74.23,73.1,73.53,514200,26.5385392672,26.5385392672,26.1345442602,26.2882768735,1028400,0.0,1.0
PPG,2007-06-14 00:00:00+00:00,74.52,74.9,74.08,74.08,464000,26.6422194018,26.7780761298,26.4849116114,26.4849116114,928000,0.0,1.0
PPG,2007-06-15 00:00:00+00:00,74.98,75.83,74.83,75.5,798400,26.8066775462,27.1105675957,26.7530498904,26.992586753,1596800,0.0,1.0
PPG,2007-06-18 00:00:00+00:00,74.81,75.59,74.7,75.03,438600,26.7458995363,27.0247633465,26.7065725887,26.8245534315,877200,0.0,1.0
PPG,2007-06-19 00:00:00+00:00,74.81,74.87,74.02,74.35,576500,26.7458995363,26.7673505986,26.4634605491,26.5814413918,1153000,0.0,1.0
PPG,2007-06-20 00:00:00+00:00,74.21,75.55,74.21,75.01,705400,26.5313889131,27.0104626383,26.5313889131,26.8174030774,1410800,0.0,1.0
PPG,2007-06-21 00:00:00+00:00,74.61,74.88,73.54,74.19,487400,26.6743959952,26.7709257757,26.2918520505,26.524238559,974800,0.0,1.0
PPG,2007-06-22 00:00:00+00:00,73.58,74.78,73.43,74.18,1014100,26.3061527587,26.7351740051,26.2525251029,26.5206633819,2028200,0.0,1.0
PPG,2007-06-25 00:00:00+00:00,73.82,74.46,73.4,73.67,832700,26.391957008,26.6207683394,26.2417995718,26.3383293522,1665400,0.0,1.0
PPG,2007-06-26 00:00:00+00:00,73.89,74.88,73.67,74.35,979300,26.4169832474,26.7709257757,26.3383293522,26.5814413918,1958600,0.0,1.0
PPG,2007-06-27 00:00:00+00:00,75.31,75.39,73.2,73.28,991900,26.924658389,26.9532598054,26.1702960307,26.1988974471,1983800,0.0,1.0
PPG,2007-06-28 00:00:00+00:00,74.54,75.0,74.31,74.93,1038100,26.6493697559,26.8138279003,26.5671406836,26.7888016609,2076200,0.0,1.0
PPG,2007-06-29 00:00:00+00:00,76.11,76.99,74.77,74.84,1505900,27.2106725532,27.5252881339,26.7315988281,26.7566250675,3011800,0.0,1.0
PPG,2007-07-02 00:00:00+00:00,76.95,77.15,76.35,76.61,698000,27.5109874257,27.5824909668,27.2964768025,27.3894314059,1396000,0.0,1.0
PPG,2007-07-03 00:00:00+00:00,76.53,76.99,76.51,76.85,252200,27.3608299895,27.5252881339,27.3536796354,27.4752356552,504400,0.0,1.0
PPG,2007-07-05 00:00:00+00:00,77.43,77.77,76.53,76.53,775000,27.6825959243,27.8041519441,27.3608299895,27.3608299895,1550000,0.0,1.0
PPG,2007-07-06 00:00:00+00:00,77.05,77.26,76.81,77.0,554400,27.5467391963,27.6218179144,27.460934947,27.528863311,1108800,0.0,1.0
PPG,2007-07-09 00:00:00+00:00,77.88,77.89,77.03,77.24,820000,27.8434788917,27.8470540687,27.5395888422,27.6146675603,1640000,0.0,1.0
PPG,2007-07-10 00:00:00+00:00,76.71,77.69,76.7,77.35,925000,27.4251831764,27.7755505277,27.4216079994,27.6539945079,1850000,0.0,1.0
PPG,2007-07-11 00:00:00+00:00,76.95,77.39,76.61,76.71,750200,27.5109874257,27.6682952161,27.3894314059,27.4251831764,1500400,0.0,1.0
PPG,2007-07-12 00:00:00+00:00,78.34,78.34,76.95,77.13,939500,28.0079370361,28.0079370361,27.5109874257,27.5753406127,1879000,0.0,1.0
PPG,2007-07-13 00:00:00+00:00,78.81,79.0,77.81,77.94,521400,28.1759703577,28.2438987217,27.8184526523,27.864929954,1042800,0.0,1.0
PPG,2007-07-16 00:00:00+00:00,78.71,79.49,78.27,78.5,704400,28.1402185871,28.4190823973,27.9829107968,28.065139869,1408800,0.0,1.0
PPG,2007-07-17 00:00:00+00:00,80.59,80.61,79.15,79.27,1348500,28.8123518732,28.8195022273,28.2975263775,28.3404285021,2697000,0.0,1.0
PPG,2007-07-18 00:00:00+00:00,80.42,80.59,78.7,79.62,1300100,28.7515738632,28.8123518732,28.1366434101,28.465559699,2600200,0.0,1.0
PPG,2007-07-19 00:00:00+00:00,80.5,81.42,77.63,78.04,2537400,28.7801752797,29.1090915686,27.7540994654,27.9006817245,5074800,0.0,1.0
PPG,2007-07-20 00:00:00+00:00,80.62,81.46,79.94,81.25,2625200,28.8230774043,29.1233922768,28.5799653647,29.0483135587,5250400,0.0,1.0
PPG,2007-07-23 00:00:00+00:00,82.2,82.42,80.3,80.77,1371100,29.3879553787,29.4666092739,28.7086717386,28.8767050601,2742200,0.0,1.0
PPG,2007-07-24 00:00:00+00:00,81.2,82.25,80.63,81.17,1774400,29.0304376734,29.405831264,28.8266525814,29.0197121422,3548800,0.0,1.0
PPG,2007-07-25 00:00:00+00:00,80.34,81.7,79.42,81.65,1672500,28.7229724468,29.2091965261,28.3940561579,29.1913206408,3345000,0.0,1.0
PPG,2007-07-26 00:00:00+00:00,77.7,79.75,76.6,79.47,2028900,27.7791257047,28.5120370007,27.3858562289,28.4119320432,4057800,0.0,1.0
PPG,2007-07-27 00:00:00+00:00,76.05,78.17,75.54,77.65,1697900,27.1892214909,27.9471590262,27.0068874612,27.7612498195,3395800,0.0,1.0
PPG,2007-07-30 00:00:00+00:00,77.34,77.61,75.7,76.0,1152000,27.6504193308,27.7469491112,27.0640902941,27.1713456057,2304000,0.0,1.0
PPG,2007-07-31 00:00:00+00:00,76.27,78.31,76.19,77.64,1363200,27.2678753861,27.997211505,27.2392739697,27.7576746424,2726400,0.0,1.0
PPG,2007-08-01 00:00:00+00:00,78.94,79.1,75.62,76.45,2392500,28.2224476593,28.2796504922,27.0354888776,27.3322285731,4785000,0.0,1.0
PPG,2007-08-02 00:00:00+00:00,78.56,79.71,78.1,79.03,1033900,28.0865909313,28.4977362925,27.9221327869,28.2546242528,2067800,0.0,1.0
PPG,2007-08-03 00:00:00+00:00,76.28,79.15,76.28,78.79,1256500,27.2714505631,28.2975263775,27.2714505631,28.1688200035,2513000,0.0,1.0
PPG,2007-08-06 00:00:00+00:00,78.06,78.06,75.27,76.88,1659800,27.9078320786,27.9078320786,26.9103576808,27.4859611864,3319600,0.0,1.0
PPG,2007-08-07 00:00:00+00:00,77.66,78.37,76.31,77.26,1221000,27.7648249965,28.0186625673,27.2821760943,27.6218179144,2442000,0.0,1.0
PPG,2007-08-08 00:00:00+00:00,76.5,77.9,75.93,77.59,2055700,27.5360136651,28.0399407126,27.3308433672,27.9283568663,4111400,0.52,1.0
PPG,2007-08-09 00:00:00+00:00,72.19,75.24,72.01,74.73,1520700,25.9846382547,27.0824793224,25.9198476343,26.8989058979,3041400,0.0,1.0
PPG,2007-08-10 00:00:00+00:00,74.45,75.08,71.03,71.7,1416500,26.7981204885,27.0248876598,25.5670987011,25.8082637881,2833000,0.0,1.0
PPG,2007-08-13 00:00:00+00:00,75.27,75.61,74.05,75.0,1236300,27.0932777591,27.2156600421,26.654141332,26.9960918285,2472600,0.0,1.0
PPG,2007-08-14 00:00:00+00:00,72.28,75.85,72.28,75.65,898100,26.0170335649,27.3020475359,26.0170335649,27.2300579577,1796200,0.0,1.0
PPG,2007-08-15 00:00:00+00:00,70.57,72.74,70.44,72.0,1140800,25.4015226712,26.1826095948,25.3547294454,25.9162481554,2281600,0.0,1.0
PPG,2007-08-16 00:00:00+00:00,71.35,72.0,67.81,70.23,2315300,25.6822820262,25.9162481554,24.4080664919,25.2791403882,4630600,0.0,1.0
PPG,2007-08-17 00:00:00+00:00,72.37,74.17,71.31,73.86,1817600,26.0494288751,26.697335079,25.6678841106,26.5857512327,3635200,0.0,1.0
PPG,2007-08-20 00:00:00+00:00,73.38,73.5,72.3,72.6,917700,26.412976245,26.456169992,26.0242325227,26.13221689,1835400,0.0,1.0
PPG,2007-08-21 00:00:00+00:00,72.87,73.93,72.51,73.85,757000,26.2294028206,26.6109475851,26.0998215798,26.5821517538,1514000,0.0,1.0
PPG,2007-08-22 00:00:00+00:00,73.17,74.25,72.94,73.38,1075000,26.3373871879,26.7261309102,26.254599173,26.412976245,2150000,0.0,1.0
PPG,2007-08-23 00:00:00+00:00,72.78,73.65,71.87,73.35,1019100,26.1970075104,26.5101621756,25.8694549296,26.4021778083,2038200,0.0,1.0
PPG,2007-08-24 00:00:00+00:00,74.0,74.05,72.39,72.5,881700,26.6361439375,26.654141332,26.0566278329,26.0962221009,1763400,0.0,1.0
PPG,2007-08-27 00:00:00+00:00,73.25,73.97,73.13,73.72,517600,26.3661830192,26.6253455007,26.3229892723,26.535358528,1035200,0.0,1.0
PPG,2007-08-28 00:00:00+00:00,71.28,73.22,71.21,72.95,632900,25.6570856738,26.3553845825,25.6318893215,26.2581986519,1265800,0.0,1.0
PPG,2007-08-29 00:00:00+00:00,73.39,73.48,71.71,71.94,931900,26.4165757239,26.4489710341,25.811863267,25.8946512819,1863800,0.0,1.0
PPG,2007-08-30 00:00:00+00:00,73.5,73.89,72.57,72.6,838100,26.456169992,26.5965496695,26.1214184533,26.13221689,1676200,0.0,1.0
PPG,2007-08-31 00:00:00+00:00,73.35,74.75,73.01,74.4,659900,26.4021778083,26.9061048558,26.2797955253,26.7801230939,1319800,0.0,1.0
PPG,2007-09-04 00:00:00+00:00,73.63,74.0,72.76,73.65,603900,26.5029632178,26.6361439375,26.1898085526,26.5101621756,1207800,0.0,1.0
PPG,2007-09-05 00:00:00+00:00,72.97,73.22,72.01,72.89,806200,26.2653976097,26.3553845825,25.9198476343,26.2366017784,1612400,0.0,1.0
PPG,2007-09-06 00:00:00+00:00,73.81,74.18,72.72,73.35,840700,26.5677538382,26.7009345579,26.1754106369,26.4021778083,1681400,0.0,1.0
PPG,2007-09-07 00:00:00+00:00,71.1,72.95,70.87,72.95,731300,25.5922950534,26.2581986519,25.5095070385,26.2581986519,1462600,0.0,1.0
PPG,2007-09-10 00:00:00+00:00,71.37,71.91,70.25,71.36,983400,25.689480984,25.8838528452,25.2863393461,25.6858815051,1966800,0.0,1.0
PPG,2007-09-11 00:00:00+00:00,72.55,72.62,71.62,71.85,722700,26.1142194955,26.1394158478,25.7794679568,25.8622559717,1445400,0.0,1.0
PPG,2007-09-12 00:00:00+00:00,74.5,74.95,72.41,72.45,1550100,26.816117883,26.978094434,26.0638267907,26.0782247064,3100200,0.0,1.0
PPG,2007-09-13 00:00:00+00:00,75.01,75.66,74.63,75.36,980700,26.9996913074,27.2336574366,26.8629111088,27.1256730693,1961400,0.0,1.0
PPG,2007-09-14 00:00:00+00:00,73.84,75.02,73.41,74.82,963500,26.5785522749,27.0032907863,26.4237746818,26.9313012081,1927000,0.0,1.0
PPG,2007-09-17 00:00:00+00:00,73.67,74.381,73.47,73.7,623200,26.5173611334,26.773284084,26.4453715552,26.5281595702,1246400,0.0,1.0
PPG,2007-09-18 00:00:00+00:00,75.7,75.75,73.3,74.1,1019100,27.2480553523,27.2660527468,26.3841804137,26.6721387266,2038200,0.0,1.0
PPG,2007-09-19 00:00:00+00:00,77.38,78.0,76.25,76.49,1418300,27.8527678092,28.0759355017,27.4460266923,27.5324141862,2836600,0.0,1.0
PPG,2007-09-20 00:00:00+00:00,75.16,77.3,75.09,77.21,1021600,27.0536834911,27.8239719779,27.0284871387,27.7915766677,2043200,0.0,1.0
PPG,2007-09-21 00:00:00+00:00,75.0,76.29,75.0,75.69,1515700,26.9960918285,27.460424608,26.9960918285,27.2444558734,3031400,0.0,1.0
PPG,2007-09-24 00:00:00+00:00,74.59,76.03,74.59,75.3,1188700,26.8485131932,27.3668381563,26.8485131932,27.1040761958,2377400,0.0,1.0
PPG,2007-09-25 00:00:00+00:00,75.17,75.29,74.0,74.55,672600,27.05728297,27.1004767169,26.6361439375,26.8341152776,1345200,0.0,1.0
PPG,2007-09-26 00:00:00+00:00,75.6,76.21,75.03,75.47,889600,27.2120605632,27.4316287767,27.0068902653,27.1652673373,1779200,0.0,1.0
PPG,2007-09-27 00:00:00+00:00,76.16,76.79,75.17,75.8,846000,27.4136313821,27.6403985535,27.05728297,27.2840501414,1692000,0.0,1.0
PPG,2007-09-28 00:00:00+00:00,75.55,76.16,75.27,75.81,1014200,27.1940631686,27.4136313821,27.0932777591,27.2876496203,2028400,0.0,1.0
PPG,2007-10-01 00:00:00+00:00,76.91,77.29,75.54,75.54,687200,27.6835923004,27.820372499,27.1904636897,27.1904636897,1374400,0.0,1.0
PPG,2007-10-02 00:00:00+00:00,76.25,76.6,75.5,76.48,842800,27.4460266923,27.5720084542,27.1760657741,27.5288147073,1685600,0.0,1.0
PPG,2007-10-03 00:00:00+00:00,76.28,76.74,75.71,75.8,771200,27.4568251291,27.6224011589,27.2516548312,27.2840501414,1542400,0.0,1.0
PPG,2007-10-04 00:00:00+00:00,76.87,77.42,75.95,76.41,593200,27.6691943848,27.8671657249,27.338042325,27.5036183549,1186400,0.0,1.0
PPG,2007-10-05 00:00:00+00:00,78.53,78.84,77.24,77.7,752200,28.2667078839,28.3782917301,27.8023751045,27.9679511344,1504400,0.0,1.0
PPG,2007-10-08 00:00:00+00:00,77.45,78.5,77.01,78.1,576100,27.8779641616,28.2559094472,27.7195870895,28.1119302908,1152200,0.0,1.0
PPG,2007-10-09 00:00:00+00:00,78.18,78.46,77.25,77.51,576500,28.1407261221,28.2415115316,27.8059745834,27.8995610351,1153000,0.0,1.0
PPG,2007-10-10 00:00:00+00:00,78.26,78.87,77.57,78.16,591600,28.1695219533,28.3890901669,27.9211579085,28.1335271642,1183200,0.0,1.0
PPG,2007-10-11 00:00:00+00:00,78.14,79.76,77.81,78.64,686500,28.1263282064,28.7094437899,28.0075454024,28.3063021519,1373000,0.0,1.0
PPG,2007-10-12 00:00:00+00:00,79.06,79.12,78.02,78.5,513200,28.4574802662,28.4790771396,28.0831344595,28.2559094472,1026400,0.0,1.0
PPG,2007-10-15 00:00:00+00:00,77.98,79.95,77.37,79.26,671000,28.0687365438,28.7778338892,27.8491683303,28.5294698444,1342000,0.0,1.0
PPG,2007-10-16 00:00:00+00:00,78.57,79.0,77.51,77.89,889000,28.2811057996,28.4358833927,27.8995610351,28.0363412337,1778000,0.0,1.0
PPG,2007-10-17 00:00:00+00:00,77.7,79.5,77.03,79.0,790800,27.9679511344,28.6158573382,27.7267860474,28.4358833927,1581600,0.0,1.0
PPG,2007-10-18 00:00:00+00:00,75.37,77.5,75.1754,76.0,1818400,27.1292725482,27.8959615561,27.0592266886,27.3560397196,3636800,0.0,1.0
PPG,2007-10-19 00:00:00+00:00,74.15,75.58,74.15,75.11,1961300,26.6901361211,27.2048616053,26.6901361211,27.0356860965,3922600,0.0,1.0
PPG,2007-10-22 00:00:00+00:00,74.47,74.81,73.26,73.44,1278800,26.8053194463,26.9277017292,26.3697824981,26.4345731185,2557600,0.0,1.0
PPG,2007-10-23 00:00:00+00:00,74.78,75.56,74.01,75.1,910000,26.9169032925,27.1976626475,26.6397434164,27.0320866176,1820000,0.0,1.0
PPG,2007-10-24 00:00:00+00:00,74.51,74.77,73.79,74.49,1130600,26.8197173619,26.9133038136,26.5605548804,26.8125184041,2261200,0.0,1.0
PPG,2007-10-25 00:00:00+00:00,73.44,75.11,73.16,74.64,1366500,26.4345731185,27.0356860965,26.333787709,26.8665105878,2733000,0.0,1.0
PPG,2007-10-26 00:00:00+00:00,73.54,74.21,73.32,74.14,724900,26.4705679076,26.7117329946,26.3913793716,26.6865366422,1449800,0.0,1.0
PPG,2007-10-29 00:00:00+00:00,74.08,74.27,73.6,74.0,949600,26.6649397688,26.7333298681,26.4921647811,26.6361439375,1899200,0.0,1.0
PPG,2007-10-30 00:00:00+00:00,72.84,74.02,72.66,73.87,938000,26.2186043839,26.6433428953,26.1538137635,26.5893507116,1876000,0.0,1.0
PPG,2007-10-31 00:00:00+00:00,74.74,74.75,72.79,73.25,940900,26.9025053769,26.9061048558,26.2006069893,26.3661830192,1881800,0.0,1.0
PPG,2007-11-01 00:00:00+00:00,72.96,74.5,72.8,74.5,961900,26.2617981308,26.816117883,26.2042064682,26.816117883,1923800,0.0,1.0
PPG,2007-11-02 00:00:00+00:00,73.28,73.93,72.38,73.93,740100,26.3769814559,26.6109475851,26.053028354,26.6109475851,1480200,0.0,1.0
PPG,2007-11-05 00:00:00+00:00,72.47,73.22,71.89,72.99,860300,26.0854236642,26.3553845825,25.8766538874,26.2725965675,1720600,0.0,1.0
PPG,2007-11-06 00:00:00+00:00,73.73,73.88,71.98,73.0,744900,26.5389580069,26.5929501906,25.9090491976,26.2761960464,1489800,0.0,1.0
PPG,2007-11-07 00:00:00+00:00,70.48,72.88,70.48,72.8,1016500,25.5563002643,26.4265488545,25.5563002643,26.3975405682,2033000,0.52,1.0
PPG,2007-11-08 00:00:00+00:00,71.63,71.91,69.83,70.54,1247300,25.9732943805,26.0748233826,25.3206079378,25.5780564791,2494600,0.0,1.0
PPG,2007-11-09 00:00:00+00:00,69.27,70.9,69.21,70.56,1290200,25.1175499335,25.7085937676,25.0957937187,25.5853085507,2580400,0.0,1.0
PPG,2007-11-12 00:00:00+00:00,68.49,69.9,68.47,69.13,1033300,24.8347191417,25.3459901884,24.8274670701,25.0667854324,2066600,0.0,1.0
PPG,2007-11-13 00:00:00+00:00,68.6,69.5,68.2,69.27,1313500,24.8746055354,25.2009487567,24.7295641037,25.1175499335,2627000,0.0,1.0
PPG,2007-11-14 00:00:00+00:00,68.08,69.21,68.07,69.15,1266200,24.6860516742,25.0957937187,24.6824256384,25.074037504,2532400,0.0,1.0
PPG,2007-11-15 00:00:00+00:00,67.36,68.9,66.85,67.8,1316700,24.4249770971,24.9833866092,24.2400492717,24.584522672,2633400,0.0,1.0
PPG,2007-11-16 00:00:00+00:00,66.79,68.0,66.03,67.68,1488400,24.218293057,24.6570433878,23.9427143368,24.5410102425,2976800,0.0,1.0
PPG,2007-11-19 00:00:00+00:00,65.43,66.93,65.34,66.82,1198200,23.7251521892,24.2690575581,23.6925178671,24.2291711643,2396400,0.0,1.0
PPG,2007-11-20 00:00:00+00:00,66.25,66.87,65.2,65.4,1164700,24.0224871242,24.2473013433,23.641753366,23.7142740818,2329400,0.0,1.0
PPG,2007-11-21 00:00:00+00:00,65.41,66.29,65.22,65.37,1155100,23.7179001176,24.0369912674,23.6490054376,23.7033959745,2310200,0.0,1.0
PPG,2007-11-23 00:00:00+00:00,66.5,66.66,65.45,65.97,343400,24.113138019,24.1711545917,23.7324042608,23.920958122,686800,0.0,1.0
PPG,2007-11-26 00:00:00+00:00,66.0,67.95,65.73,66.45,1089900,23.9318362294,24.6389132089,23.833933263,24.09500784,2179800,0.0,1.0
PPG,2007-11-27 00:00:00+00:00,66.0,66.82,64.93,66.21,1675300,23.9318362294,24.2291711643,23.5438503996,24.007982981,3350600,0.0,1.0
PPG,2007-11-28 00:00:00+00:00,68.64,68.65,66.07,66.07,2073500,24.8891096786,24.8927357143,23.9572184799,23.9572184799,4147000,0.0,1.0
PPG,2007-11-29 00:00:00+00:00,68.41,70.32,67.81,68.46,1127300,24.8057108553,25.4982836917,24.5881487078,24.8238410343,2254600,0.0,1.0
PPG,2007-11-30 00:00:00+00:00,68.64,69.09,67.65,69.09,1655900,24.8891096786,25.0522812892,24.5301321351,25.0522812892,3311800,0.0,1.0
PPG,2007-12-03 00:00:00+00:00,68.43,69.05,68.09,68.54,1112900,24.8129629269,25.037777146,24.68967771,24.8528493206,2225800,0.0,1.0
PPG,2007-12-04 00:00:00+00:00,68.07,68.65,67.7,68.16,710600,24.6824256384,24.8927357143,24.5482623141,24.7150599605,1421200,0.0,1.0
PPG,2007-12-05 00:00:00+00:00,68.77,68.84,68.3,68.84,1018400,24.9362481439,24.9616303944,24.7658244616,24.9616303944,2036800,0.0,1.0
PPG,2007-12-06 00:00:00+00:00,69.0,69.29,68.38,68.75,840300,25.0196469671,25.1248020051,24.794832748,24.9289960723,1680600,0.0,1.0
PPG,2007-12-07 00:00:00+00:00,70.28,70.54,69.13,69.52,668700,25.4837795485,25.5780564791,25.0667854324,25.2082008283,1337400,0.0,1.0
PPG,2007-12-10 00:00:00+00:00,70.85,71.07,70.206,70.81,508000,25.6904635887,25.7702363761,25.4569468836,25.6759594455,1016000,0.0,1.0
PPG,2007-12-11 00:00:00+00:00,68.54,70.96,68.44,70.92,934100,24.8528493206,25.7303499824,24.8165889627,25.7158458392,1868200,0.0,1.0
PPG,2007-12-12 00:00:00+00:00,69.61,70.51,68.71,69.94,854700,25.2408351504,25.5671783717,24.9144919291,25.3604943316,1709400,0.0,1.0
PPG,2007-12-13 00:00:00+00:00,70.5,70.62,69.16,69.62,1121400,25.5635523359,25.6070647654,25.0776635398,25.2444611862,2242800,0.0,1.0
PPG,2007-12-14 00:00:00+00:00,69.4,70.44,69.39,69.39,983500,25.1646883988,25.5417961212,25.161062363,25.161062363,1967000,0.0,1.0
PPG,2007-12-17 00:00:00+00:00,68.0,69.489,67.91,69.11,1137700,24.6570433878,25.1969601173,24.6244090657,25.0595333608,2275400,0.0,1.0
PPG,2007-12-18 00:00:00+00:00,69.45,69.67,67.97,68.72,1331300,25.1828185777,25.2625913652,24.6461652805,24.9181179649,2662600,0.0,1.0
PPG,2007-12-19 00:00:00+00:00,68.69,69.95,68.32,69.95,906800,24.9072398575,25.3641203673,24.7730765332,25.3641203673,1813600,0.0,1.0
PPG,2007-12-20 00:00:00+00:00,69.81,69.97,68.6,69.24,887400,25.3133558663,25.3713724389,24.8746055354,25.1066718261,1774800,0.0,1.0
PPG,2007-12-21 00:00:00+00:00,71.72,71.82,69.64,69.83,1433500,26.0059287026,26.0421890605,25.2517132578,25.3206079378,2867000,0.0,1.0
PPG,2007-12-24 00:00:00+00:00,71.8,72.21,71.51,71.73,196200,26.0349369889,26.1836044564,25.9297819509,26.0095547384,392400,0.0,1.0
PPG,2007-12-26 00:00:00+00:00,71.86,71.95,70.89,71.66,418700,26.0566932037,26.0893275258,25.7049677318,25.9841724878,837400,0.0,1.0
PPG,2007-12-27 00:00:00+00:00,70.6,70.99,68.75,69.05,1306700,25.5998126938,25.7412280897,24.9289960723,25.037777146,2613400,0.0,1.0
PPG,2007-12-28 00:00:00+00:00,70.43,71.53,70.07,71.33,753500,25.5381700854,25.9370340225,25.4076327969,25.8645133067,1507000,0.0,1.0
PPG,2007-12-31 00:00:00+00:00,70.23,70.78,70.09,70.38,687200,25.4656493695,25.6650813381,25.4148848684,25.5200399064,1374400,0.0,1.0
PPG,2008-01-02 00:00:00+00:00,68.6,71.0,68.11,71.0,1203000,24.8746055354,25.7448541255,24.6969297816,25.7448541255,2406000,0.0,1.0
PPG,2008-01-03 00:00:00+00:00,67.83,69.0,67.51,68.95,1245100,24.5954007794,25.0196469671,24.479367634,25.0015167881,2490200,0.0,1.0
PPG,2008-01-04 00:00:00+00:00,66.66,67.5,66.48,67.38,1251900,24.1711545917,24.4757415982,24.1058859474,24.4322291687,2503800,0.0,1.0
PPG,2008-01-07 00:00:00+00:00,67.0,67.72,65.7,67.2,1764400,24.2944398086,24.5555143857,23.8230551556,24.3669605245,3528800,0.0,1.0
PPG,2008-01-08 00:00:00+00:00,65.22,68.0,65.15,67.21,2003700,23.6490054376,24.6570433878,23.623623187,24.3705865602,4007400,0.0,1.0
PPG,2008-01-09 00:00:00+00:00,65.03,65.47,63.41,64.57,2529900,23.5801107575,23.7396563324,22.9926929592,23.4133131111,5059800,0.0,1.0
PPG,2008-01-10 00:00:00+00:00,65.11,65.66,63.49,64.94,1860400,23.6091190439,23.8085510124,23.0217012455,23.5474764354,3720800,0.0,1.0
PPG,2008-01-11 00:00:00+00:00,63.2,64.64,63.12,64.64,2081000,22.9165462075,23.4386953616,22.8875379212,23.4386953616,4162000,0.0,1.0
PPG,2008-01-14 00:00:00+00:00,64.58,64.88,63.34,63.58,1293700,23.4169391469,23.5257202206,22.9673107086,23.0543355676,2587400,0.0,1.0
PPG,2008-01-15 00:00:00+00:00,62.25,64.15,62.25,63.66,1577800,22.5720728073,23.2610196078,22.5720728073,23.083343854,3155600,0.0,1.0
PPG,2008-01-16 00:00:00+00:00,61.57,63.01,61.24,62.02,2438800,22.3255023734,22.8476515275,22.2058431922,22.488673984,4877600,0.0,1.0
PPG,2008-01-17 00:00:00+00:00,62.64,66.1,62.39,63.5,3188600,22.7134882032,23.9680965873,22.6228373083,23.0253272813,6377200,0.0,1.0
PPG,2008-01-18 00:00:00+00:00,62.06,63.88,60.71,63.68,2565000,22.5031781272,23.1631166414,22.0136632952,23.0905959256,5130000,0.0,1.0
PPG,2008-01-22 00:00:00+00:00,61.51,62.51,59.1,59.76,2858400,22.3037461586,22.6663497379,21.4298715327,21.669189895,5716800,0.0,1.0
PPG,2008-01-23 00:00:00+00:00,63.93,64.0,58.59,59.97,2467200,23.1812468204,23.2066290709,21.2449437073,21.7453366466,4934400,0.0,1.0
PPG,2008-01-24 00:00:00+00:00,63.78,65.24,63.13,63.53,1968300,23.1268562835,23.6562575092,22.891163957,23.0362053887,3936600,0.0,1.0
PPG,2008-01-25 00:00:00+00:00,63.0,65.75,62.7,64.89,1829700,22.8440254917,23.8411853346,22.7352444179,23.5293462564,3659400,0.0,1.0
PPG,2008-01-28 00:00:00+00:00,64.5,64.56,62.47,63.35,1498700,23.3879308605,23.4096870753,22.6518455947,22.9709367444,2997400,0.0,1.0
PPG,2008-01-29 00:00:00+00:00,64.54,65.67,64.31,65.03,1465000,23.4024350037,23.8121770482,23.3190361805,23.5801107575,2930000,0.0,1.0
PPG,2008-01-30 00:00:00+00:00,63.89,65.91,63.62,64.76,1544800,23.1667426772,23.8992019072,23.0688397108,23.4822077911,3089600,0.0,1.0
PPG,2008-01-31 00:00:00+00:00,65.37,66.67,63.03,63.57,1781000,23.7033959745,24.1747806275,22.8549035991,23.0507095318,3562000,0.0,1.0
PPG,2008-02-01 00:00:00+00:00,67.19,67.28,65.74,66.04,1162700,24.3633344887,24.3959688108,23.8375592988,23.9463403725,2325400,0.0,1.0
PPG,2008-02-04 00:00:00+00:00,66.42,67.92,66.26,67.2,1388700,24.0841297327,24.6280351015,24.02611316,24.3669605245,2777400,0.0,1.0
PPG,2008-02-05 00:00:00+00:00,64.34,65.96,64.34,65.71,908700,23.3299142878,23.9173320862,23.3299142878,23.8266811914,1817400,0.0,1.0
PPG,2008-02-06 00:00:00+00:00,64.65,65.99,64.37,64.65,945300,23.4423213974,23.9282101936,23.3407923952,23.4423213974,1890600,0.0,1.0
PPG,2008-02-07 00:00:00+00:00,64.34,65.03,63.71,64.15,1192200,23.3299142878,23.5801107575,23.1014740329,23.2610196078,2384400,0.0,1.0
PPG,2008-02-08 00:00:00+00:00,64.37,64.73,63.42,63.87,992700,23.3407923952,23.4713296838,22.996318995,23.1594906056,1985400,0.0,1.0
PPG,2008-02-11 00:00:00+00:00,64.8,65.11,63.89,64.13,834100,23.4967119343,23.6091190439,23.1667426772,23.2537675362,1668200,0.0,1.0
PPG,2008-02-12 00:00:00+00:00,65.07,65.84,64.32,64.62,1171800,23.5946149007,23.8738196567,23.3226622163,23.43144329,2343600,0.0,1.0
PPG,2008-02-13 00:00:00+00:00,65.57,66.41,65.02,65.85,1384000,23.7759166903,24.0805036969,23.5764847217,23.8774456925,2768000,0.0,1.0
PPG,2008-02-14 00:00:00+00:00,64.19,65.51,64.0,64.8,1405300,23.275523751,23.7541604756,23.2066290709,23.4967119343,2810600,0.0,1.0
PPG,2008-02-15 00:00:00+00:00,63.85,64.26,62.87,64.0,1980500,23.152238534,23.3009060015,22.7968870264,23.2066290709,3961000,0.0,1.0
PPG,2008-02-19 00:00:00+00:00,65.24,65.57,64.27,64.7,1297000,23.6562575092,23.7759166903,23.3045320373,23.4604515764,2594000,0.0,1.0
PPG,2008-02-20 00:00:00+00:00,63.69,64.09,62.49,63.08,1671000,23.2827758225,23.4290014518,22.8440989347,23.0597817379,3342000,0.52,1.0
PPG,2008-02-21 00:00:00+00:00,64.0,64.45,63.55,64.19,1750600,23.3961006852,23.5606045182,23.2315968523,23.4655578592,3501200,0.0,1.0
PPG,2008-02-22 00:00:00+00:00,64.38,64.44,62.91,64.15,1122200,23.5350150331,23.5569488775,22.9976358454,23.4509352962,2244400,0.0,1.0
PPG,2008-02-25 00:00:00+00:00,66.0,66.0,64.16,65.09,1286100,24.1272288317,24.1272288317,23.454590937,23.794565525,2572200,0.0,1.0
PPG,2008-02-26 00:00:00+00:00,65.76,66.42,65.13,65.65,1388800,24.0394934541,24.2807657424,23.809188088,23.999281406,2777600,0.0,1.0
PPG,2008-02-27 00:00:00+00:00,65.18,66.1,64.94,65.49,1652000,23.8274662916,24.163785239,23.7397309141,23.9407911543,3304000,0.0,1.0
PPG,2008-02-28 00:00:00+00:00,63.88,64.87,63.1,64.41,2521100,23.3522329965,23.7141414289,23.0670930194,23.5459819553,5042200,0.0,1.0
PPG,2008-02-29 00:00:00+00:00,61.98,63.57,61.6,63.53,1669600,22.6576612574,23.2389081338,22.5187469095,23.2242855708,3339200,0.0,1.0
PPG,2008-03-03 00:00:00+00:00,62.67,62.69,61.69,62.2,1773100,22.9099004679,22.9172117493,22.5516476761,22.7380853535,3546200,0.0,1.0
PPG,2008-03-04 00:00:00+00:00,61.28,62.35,60.48,62.0,2089900,22.4017664061,22.7929199645,22.1093151476,22.6649725388,4179800,0.0,1.0
PPG,2008-03-05 00:00:00+00:00,61.74,62.23,61.21,61.51,2472500,22.5699258798,22.7490522757,22.376176921,22.485846143,4945000,0.0,1.0
PPG,2008-03-06 00:00:00+00:00,60.65,61.75,60.59,61.35,1894100,22.17146104,22.5735815205,22.1495271956,22.4273558912,3788200,0.0,1.0
PPG,2008-03-07 00:00:00+00:00,58.57,60.07,58.23,60.05,2775200,21.4110877677,21.9594338775,21.2867959828,21.9521225961,5550400,0.0,1.0
PPG,2008-03-10 00:00:00+00:00,57.5,58.74,57.25,58.74,2867000,21.0199342094,21.4732336602,20.9285431911,21.4732336602,5734000,0.0,1.0
PPG,2008-03-11 00:00:00+00:00,59.73,59.73,57.77,59.29,2345300,21.8351420926,21.8351420926,21.1186365092,21.6742939004,4690600,0.0,1.0
PPG,2008-03-12 00:00:00+00:00,59.82,60.81,59.26,59.44,1279200,21.8680428592,22.2299512917,21.6633269782,21.7291285114,2558400,0.0,1.0
PPG,2008-03-13 00:00:00+00:00,60.57,60.89,58.3,59.11,1973700,22.1422159141,22.2591964176,21.312385468,21.6084923673,3947400,0.0,1.0
PPG,2008-03-14 00:00:00+00:00,59.01,61.01,58.05,60.77,2485500,21.5719359599,22.3030641064,21.2209944497,22.2153287288,4971000,0.0,1.0
PPG,2008-03-17 00:00:00+00:00,58.0,59.31,57.15,57.71,2551400,21.202716246,21.6816051819,20.8919867838,21.0967026648,5102800,0.0,1.0
PPG,2008-03-18 00:00:00+00:00,59.94,60.89,58.42,60.88,1843000,21.911910548,22.2591964176,21.3562531567,22.2555407768,3686000,0.0,1.0
PPG,2008-03-19 00:00:00+00:00,58.4,61.18,58.4,60.61,1505600,21.3489418753,22.3652099988,21.3489418753,22.1568384771,3011200,0.0,1.0
PPG,2008-03-20 00:00:00+00:00,59.04,59.49,58.12,58.59,1581600,21.5829028821,21.7474067151,21.2465839348,21.4183990492,3163200,0.0,1.0
PPG,2008-03-24 00:00:00+00:00,60.55,61.78,58.6,58.9,1377800,22.1349046327,22.5845484427,21.4220546899,21.5317239119,2755600,0.0,1.0
PPG,2008-03-25 00:00:00+00:00,61.06,61.43,60.29,60.67,805200,22.32134231,22.4566010171,22.0398579736,22.1787723215,1610400,0.0,1.0
PPG,2008-03-26 00:00:00+00:00,59.78,61.09,59.49,60.78,1197900,21.8534202963,22.3323092322,21.7474067151,22.2189843695,2395800,0.0,1.0
PPG,2008-03-27 00:00:00+00:00,59.58,60.5,58.87,60.04,1172700,21.7803074817,22.116626429,21.5207569897,21.9484669553,2345400,0.0,1.0
PPG,2008-03-28 00:00:00+00:00,59.28,59.94,58.75,59.94,1181700,21.6706382597,21.911910548,21.4768893009,21.911910548,2363400,0.0,1.0
PPG,2008-03-31 00:00:00+00:00,60.51,60.72,58.85,58.85,1770600,22.1202820698,22.1970505251,21.5134457082,21.5134457082,3541200,0.0,1.0
PPG,2008-04-01 00:00:00+00:00,62.54,62.54,60.16,60.59,1639600,22.8623771384,22.8623771384,21.9923346441,22.1495271956,3279200,0.0,1.0
PPG,2008-04-02 00:00:00+00:00,63.13,64.2,62.06,62.98,2704900,23.0780599416,23.4692134999,22.6869063832,23.0232253306,5409800,0.0,1.0
PPG,2008-04-03 00:00:00+00:00,63.46,64.53,62.34,62.78,1666500,23.1986960857,23.589849644,22.7892643237,22.9501125159,3333000,0.0,1.0
PPG,2008-04-04 00:00:00+00:00,64.81,65.21,63.28,63.63,1516000,23.6922075845,23.8384332138,23.1328945525,23.2608419782,3032000,0.0,1.0
PPG,2008-04-07 00:00:00+00:00,63.79,65.42,63.58,65.14,1458000,23.3193322299,23.9152016692,23.2425637745,23.8128437287,2916000,0.0,1.0
PPG,2008-04-08 00:00:00+00:00,63.87,63.95,63.11,63.6,1232900,23.3485773557,23.3778224816,23.0707486601,23.249875056,2465800,0.0,1.0
PPG,2008-04-09 00:00:00+00:00,63.27,64.39,63.04,64.13,757500,23.1292389118,23.5386706738,23.045159175,23.4436240148,1515000,0.0,1.0
PPG,2008-04-10 00:00:00+00:00,63.7,64.12,62.72,63.15,1138500,23.2864314633,23.439968374,22.9281786715,23.085371223,2277000,0.0,1.0
PPG,2008-04-11 00:00:00+00:00,63.18,64.07,62.82,63.09,993000,23.0963381452,23.4216901704,22.9647350789,23.0634373786,1986000,0.0,1.0
PPG,2008-04-14 00:00:00+00:00,62.71,63.71,62.64,63.71,996800,22.9245230308,23.290087104,22.8989335457,23.290087104,1993600,0.0,1.0
PPG,2008-04-15 00:00:00+00:00,63.03,63.5,62.52,62.93,883000,23.0415035342,23.2133186486,22.8550658569,23.0049471269,1766000,0.0,1.0
PPG,2008-04-16 00:00:00+00:00,65.92,65.92,63.29,63.44,1984400,24.0979837058,24.0979837058,23.1365501933,23.1913848042,3968800,0.0,1.0
PPG,2008-04-17 00:00:00+00:00,64.75,66.02,64.11,65.46,1423500,23.6702737401,24.1345401131,23.4363127333,23.9298242321,2847000,0.0,1.0
PPG,2008-04-18 00:00:00+00:00,66.41,66.51,64.87,66.17,1343100,24.2771101017,24.313666509,23.7141414289,24.1893747241,2686200,0.0,1.0
PPG,2008-04-21 00:00:00+00:00,65.36,66.02,64.73,65.72,1423200,23.8932678248,24.1345401131,23.6629624587,24.0248708912,2846400,0.0,1.0
PPG,2008-04-22 00:00:00+00:00,64.76,65.3,63.74,64.87,1498500,23.6739293809,23.8713339804,23.3010540262,23.7141414289,2997000,0.0,1.0
PPG,2008-04-23 00:00:00+00:00,63.27,65.46,62.92,64.98,1130400,23.1292389118,23.9298242321,23.0012914862,23.754353477,2260800,0.0,1.0
PPG,2008-04-24 00:00:00+00:00,63.67,64.06,62.5,63.24,1140100,23.2754645411,23.4180345296,22.8477545754,23.1182719896,2280200,0.0,1.0
PPG,2008-04-25 00:00:00+00:00,64.84,64.93,63.58,64.08,859900,23.7031745067,23.7360752733,23.2425637745,23.4253458111,1719800,0.0,1.0
PPG,2008-04-28 00:00:00+00:00,63.42,66.53,62.97,65.14,1166400,23.1840735228,24.3209777905,23.0195696898,23.8128437287,2332800,0.0,1.0
PPG,2008-04-29 00:00:00+00:00,62.33,63.63,62.13,63.21,1236200,22.785608683,23.2608419782,22.7124958683,23.1073050674,2472400,0.0,1.0
PPG,2008-04-30 00:00:00+00:00,61.37,63.08,61.04,62.18,1918900,22.4346671727,23.0597817379,22.3140310286,22.730774072,3837800,0.0,1.0
PPG,2008-05-01 00:00:00+00:00,62.41,62.74,60.43,61.26,1938500,22.8148538088,22.935489953,22.0910369439,22.3944551247,3877000,0.0,1.0
PPG,2008-05-02 00:00:00+00:00,62.85,63.58,62.32,62.7,1913600,22.9757020011,23.2425637745,22.7819530423,22.9208673901,3827200,0.0,1.0
PPG,2008-05-05 00:00:00+00:00,63.24,63.35,62.07,62.31,1172800,23.1182719896,23.1584840377,22.690562024,22.7782974015,2345600,0.0,1.0
PPG,2008-05-06 00:00:00+00:00,63.33,63.6,62.29,63.21,1406000,23.1511727562,23.249875056,22.7709861201,23.1073050674,2812000,0.0,1.0
PPG,2008-05-07 00:00:00+00:00,62.76,64.07,62.71,63.33,1306800,22.9428012345,23.4216901704,22.9245230308,23.1511727562,2613600,0.0,1.0
PPG,2008-05-08 00:00:00+00:00,63.11,63.25,62.28,62.76,681500,23.2608419782,23.3124426417,22.9549237585,23.1318403193,1363000,0.52,1.0
PPG,2008-05-09 00:00:00+00:00,62.08,62.78,61.73,62.15,669200,22.8812085249,23.1392118426,22.752206866,22.9070088566,1338400,0.0,1.0
PPG,2008-05-12 00:00:00+00:00,63.0,63.03,61.3,62.47,936300,23.2202985996,23.2313558847,22.5937191136,23.0249532305,1872600,0.0,1.0
PPG,2008-05-13 00:00:00+00:00,63.61,63.61,62.75,62.75,807900,23.4451300623,23.4451300623,23.1281545576,23.1281545576,1615800,0.0,1.0
PPG,2008-05-14 00:00:00+00:00,64.95,65.39,63.55,63.89,1242500,23.9390221277,24.1011956418,23.4230154922,23.5483313894,2485000,0.0,1.0
PPG,2008-05-15 00:00:00+00:00,65.62,65.8,64.32,65.11,1231900,24.1859681605,24.2523118707,23.7068191417,23.9979943147,2463800,0.0,1.0
PPG,2008-05-16 00:00:00+00:00,66.24,66.46,65.42,65.42,1213000,24.4144853848,24.4955721418,24.1122529268,24.1122529268,2426000,0.0,1.0
PPG,2008-05-19 00:00:00+00:00,64.68,66.19,64.43,66.19,1053600,23.8395065623,24.3960565764,23.7473625202,24.3960565764,2107200,0.0,1.0
PPG,2008-05-20 00:00:00+00:00,64.59,64.93,64.01,64.01,889000,23.8063347072,23.9316506044,23.5925605296,23.5925605296,1778000,0.0,1.0
PPG,2008-05-21 00:00:00+00:00,63.41,64.84,63.14,64.67,1487000,23.3714148286,23.8984787492,23.2718992632,23.8358208006,2974000,0.0,1.0
PPG,2008-05-22 00:00:00+00:00,63.67,64.29,63.21,63.75,913800,23.4672446324,23.6957618567,23.297699595,23.4967307258,1827600,0.0,1.0
PPG,2008-05-23 00:00:00+00:00,62.47,63.7,62.28,63.68,1335700,23.0249532305,23.4783019174,22.9549237585,23.4709303941,2671400,0.0,1.0
PPG,2008-05-27 00:00:00+00:00,62.22,62.68,61.67,62.49,1165400,22.9328091884,23.1023542258,22.7300922959,23.0323247538,2330800,0.0,1.0
PPG,2008-05-28 00:00:00+00:00,63.36,63.36,62.02,62.58,1034000,23.3529860202,23.3529860202,22.8590939548,23.065496609,2068000,0.0,1.0
PPG,2008-05-29 00:00:00+00:00,63.41,63.86,62.42,62.71,985900,23.3714148286,23.5372741043,23.0065244221,23.1134115109,1971800,0.0,1.0
PPG,2008-05-30 00:00:00+00:00,63.03,64.13,62.73,63.75,1084300,23.2313558847,23.6367896698,23.1207830342,23.4967307258,2168600,0.0,1.0
PPG,2008-06-02 00:00:00+00:00,62.48,62.93,62.09,62.8,878800,23.0286389922,23.1944982679,22.8848942865,23.146583366,1757600,0.0,1.0
PPG,2008-06-03 00:00:00+00:00,61.4,62.18,60.85,60.85,1768800,22.6305767305,22.9180661417,22.4278598379,22.4278598379,3537600,0.0,1.0
PPG,2008-06-04 00:00:00+00:00,61.86,62.72,61.28,61.43,1253400,22.8001217678,23.1170972725,22.5863475903,22.6416340155,2506800,0.0,1.0
PPG,2008-06-05 00:00:00+00:00,63.11,63.11,61.97,62.47,849300,23.2608419782,23.2608419782,22.8406651464,23.0249532305,1698600,0.0,1.0
PPG,2008-06-06 00:00:00+00:00,61.23,62.7,61.18,62.7,1446100,22.5679187818,23.1097257492,22.5494899734,23.1097257492,2892200,0.0,1.0
PPG,2008-06-09 00:00:00+00:00,60.88,61.64,60.16,61.55,1263500,22.438917123,22.7190350108,22.1735422818,22.6858631557,2527000,0.0,1.0
PPG,2008-06-10 00:00:00+00:00,60.35,60.55,59.48,60.08,1275400,22.2435717538,22.3172869874,21.9229104874,22.1440561884,2550800,0.0,1.0
PPG,2008-06-11 00:00:00+00:00,60.0,60.73,59.85,60.16,1163300,22.1145700949,22.3836306977,22.0592836697,22.1735422818,2326600,0.0,1.0
PPG,2008-06-12 00:00:00+00:00,59.76,60.43,59.31,60.0,1789000,22.0261118145,22.2730578473,21.8602525388,22.1145700949,3578000,0.0,1.0
PPG,2008-06-13 00:00:00+00:00,61.97,62.05,59.9,60.0,1953400,22.8406651464,22.8701512398,22.0777124781,22.1145700949,3906800,0.0,1.0
PPG,2008-06-16 00:00:00+00:00,61.86,62.19,61.26,61.55,1158300,22.8001217678,22.9217519034,22.5789760669,22.6858631557,2316600,0.0,1.0
PPG,2008-06-17 00:00:00+00:00,61.59,62.44,61.46,62.09,870100,22.7006062024,23.0138959454,22.6526913005,22.8848942865,1740200,0.0,1.0
PPG,2008-06-18 00:00:00+00:00,60.68,61.32,60.26,61.32,933900,22.3652018893,22.601090637,22.2103998986,22.601090637,1867800,0.0,1.0
PPG,2008-06-19 00:00:00+00:00,60.97,61.41,60.16,60.65,1018100,22.4720889781,22.6342624921,22.1735422818,22.3541446043,2036200,0.0,1.0
PPG,2008-06-20 00:00:00+00:00,59.97,60.96,59.48,59.78,1405300,22.1035128099,22.4684032164,21.9229104874,22.0334833379,2810600,0.0,1.0
PPG,2008-06-23 00:00:00+00:00,60.6,60.77,59.71,60.35,891000,22.3357157959,22.3983737445,22.0076830061,22.2435717538,1782000,0.0,1.0
PPG,2008-06-24 00:00:00+00:00,59.09,60.5,58.91,60.45,1353900,21.7791657818,22.298858179,21.7128220715,22.2804293706,2707800,0.0,1.0
PPG,2008-06-25 00:00:00+00:00,59.08,59.63,58.88,59.16,1631900,21.7754800201,21.9781969127,21.7017647865,21.8049661136,3263800,0.0,1.0
PPG,2008-06-26 00:00:00+00:00,57.2,58.63,57.15,58.53,1334500,21.0825568238,21.6096207444,21.0641280154,21.5727631276,2669000,0.0,1.0
PPG,2008-06-27 00:00:00+00:00,57.15,57.64,56.81,57.15,1154900,21.0641280154,21.2447303378,20.9388121182,21.0641280154,2309800,0.0,1.0
PPG,2008-06-30 00:00:00+00:00,57.37,57.89,56.39,57.11,2082700,21.1452147724,21.3368743799,20.7840101275,21.0493849687,4165400,0.0,1.0
PPG,2008-07-01 00:00:00+00:00,57.51,57.68,56.4,56.83,1819700,21.196815436,21.2594733846,20.7876958892,20.9461836416,3639400,0.0,1.0
PPG,2008-07-02 00:00:00+00:00,55.65,57.97,55.56,57.88,1903900,20.511263763,21.3663604734,20.4780919079,21.3331886182,3807800,0.0,1.0
PPG,2008-07-03 00:00:00+00:00,55.63,56.37,54.65,56.0,1144100,20.5038922397,20.7766386042,20.1426875948,20.6402654219,2288200,0.0,1.0
PPG,2008-07-07 00:00:00+00:00,55.65,56.55,55.16,55.9,1286800,20.511263763,20.8429823144,20.3306614406,20.6034078051,2573600,0.0,1.0
PPG,2008-07-08 00:00:00+00:00,56.3,56.41,55.0,55.14,1903900,20.7508382724,20.7913816509,20.2716892537,20.3232899172,3807800,0.0,1.0
PPG,2008-07-09 00:00:00+00:00,54.67,56.85,54.66,56.48,1816400,20.1500591181,20.9535551649,20.1463733565,20.8171819827,3632800,0.0,1.0
PPG,2008-07-10 00:00:00+00:00,55.43,56.57,54.7,55.29,2361900,20.430177006,20.8503538378,20.1611164032,20.3785763425,4723800,0.0,1.0
PPG,2008-07-11 00:00:00+00:00,55.42,55.85,54.04,54.83,1964400,20.4264912443,20.5849789967,19.9178561321,20.2090313051,3928800,0.0,1.0
PPG,2008-07-14 00:00:00+00:00,55.14,56.58,54.89,56.58,1672100,20.3232899172,20.8540395995,20.2311458752,20.8540395995,3344200,0.0,1.0
PPG,2008-07-15 00:00:00+00:00,55.79,56.38,54.34,54.62,2120000,20.5628644266,20.7803243658,20.0284289826,20.1316303097,4240000,0.0,1.0
PPG,2008-07-16 00:00:00+00:00,57.08,57.08,54.9,56.05,2654300,21.0383276836,21.0383276836,20.2348316368,20.6586942303,5308600,0.0,1.0
PPG,2008-07-17 00:00:00+00:00,61.04,61.55,58.5,58.5,3302900,22.4978893099,22.6858631557,21.5617058425,21.5617058425,6605800,0.0,1.0
PPG,2008-07-18 00:00:00+00:00,60.78,62.41,60.15,60.97,2093500,22.4020595061,23.0028386604,22.1698565201,22.4720889781,4187000,0.0,1.0
PPG,2008-07-21 00:00:00+00:00,60.97,61.33,60.06,61.15,1780300,22.4720889781,22.6047763987,22.136684665,22.5384326884,3560600,0.0,1.0
PPG,2008-07-22 00:00:00+00:00,61.61,61.75,60.37,60.62,2339200,22.7079777258,22.7595783893,22.2509432772,22.3430873192,4678400,0.0,1.0
PPG,2008-07-23 00:00:00+00:00,62.18,62.66,61.19,61.81,2609000,22.9180661417,23.0949827024,22.5531757351,22.7816929594,5218000,0.0,1.0
PPG,2008-07-24 00:00:00+00:00,61.0,62.31,60.92,62.07,1783100,22.4831462632,22.9659810436,22.4536601697,22.8775227632,3566200,0.0,1.0
PPG,2008-07-25 00:00:00+00:00,60.48,61.72,60.35,61.33,1778700,22.2914866557,22.7485211043,22.2435717538,22.6047763987,3557400,0.0,1.0
PPG,2008-07-28 00:00:00+00:00,59.59,60.8,59.34,60.41,1453200,21.9634538659,22.4094310295,21.8713098239,22.2656863239,2906400,0.0,1.0
PPG,2008-07-29 00:00:00+00:00,60.26,60.72,58.67,59.95,1694400,22.2103998986,22.379944936,21.6243637911,22.0961412865,3388800,0.0,1.0
PPG,2008-07-30 00:00:00+00:00,61.67,61.67,60.41,60.72,1451600,22.7300922959,22.7300922959,22.2656863239,22.379944936,2903200,0.0,1.0
PPG,2008-07-31 00:00:00+00:00,60.64,61.9,60.43,61.27,1136900,22.3504588426,22.8148648146,22.2730578473,22.5826618286,2273800,0.0,1.0
PPG,2008-08-01 00:00:00+00:00,59.14,61.05,59.12,60.74,754700,21.7975945902,22.5015750716,21.7902230668,22.3873164594,1509400,0.0,1.0
PPG,2008-08-04 00:00:00+00:00,58.31,59.1,58.12,59.06,970600,21.4916763706,21.7828515435,21.4216468986,21.7681084968,1941200,0.0,1.0
PPG,2008-08-05 00:00:00+00:00,60.5,60.5,58.64,58.71,1282500,22.298858179,22.298858179,21.6133065061,21.6391068379,2565000,0.0,1.0
PPG,2008-08-06 00:00:00+00:00,61.96,62.14,60.45,60.45,1937600,22.8369793847,22.903323095,22.2804293706,22.2804293706,3875200,0.0,1.0
PPG,2008-08-07 00:00:00+00:00,61.29,62.87,60.78,61.26,2070700,22.7816929594,23.3689841142,22.5921242956,22.7705418616,4141400,0.52,1.0
PPG,2008-08-08 00:00:00+00:00,63.34,63.39,60.76,61.49,1546000,23.5436846476,23.5622698107,22.5846902303,22.8560336119,3092000,0.0,1.0
PPG,2008-08-11 00:00:00+00:00,64.37,64.68,62.63,63.11,1658600,23.926539008,24.0417670194,23.2797753312,23.4581928972,3317200,0.0,1.0
PPG,2008-08-12 00:00:00+00:00,64.25,64.86,63.91,64.02,996000,23.8819346165,24.1086736066,23.7555555072,23.7964428661,1992000,0.0,1.0
PPG,2008-08-13 00:00:00+00:00,63.43,64.23,61.92,63.9,1500200,23.5771379412,23.8745005512,23.0158660148,23.7518384746,3000400,0.0,1.0
PPG,2008-08-14 00:00:00+00:00,63.18,63.42,62.32,63.07,1436600,23.4842121256,23.5734209086,23.1645473198,23.4433247667,2873200,0.0,1.0
PPG,2008-08-15 00:00:00+00:00,64.57,64.72,62.38,63.22,1183100,24.0008796605,24.0566351499,23.1868495156,23.4990802561,2366200,0.0,1.0
PPG,2008-08-18 00:00:00+00:00,64.25,64.98,64.06,64.97,1413200,23.8819346165,24.1532779981,23.8113109966,24.1495609655,2826400,0.0,1.0
PPG,2008-08-19 00:00:00+00:00,63.09,64.35,62.75,63.83,961300,23.450758832,23.9191049427,23.3243797227,23.7258192462,1922600,0.0,1.0
PPG,2008-08-20 00:00:00+00:00,63.43,63.49,62.43,62.75,758000,23.5771379412,23.599440137,23.2054346787,23.3243797227,1516000,0.0,1.0
PPG,2008-08-21 00:00:00+00:00,62.49,63.14,61.94,63.05,1202900,23.2277368744,23.4693439951,23.0233000801,23.4358907015,2405800,0.0,1.0
PPG,2008-08-22 00:00:00+00:00,62.45,63.18,62.0,62.48,1206900,23.2128687439,23.4842121256,23.0456022758,23.2240198418,2413800,0.0,1.0
PPG,2008-08-25 00:00:00+00:00,61.34,62.32,60.6,62.27,1285700,22.8002781226,23.1645473198,22.5252177083,23.1459621567,2571400,0.0,1.0
PPG,2008-08-26 00:00:00+00:00,61.74,61.74,60.8,61.28,1017600,22.9489594276,22.9489594276,22.5995583608,22.7779759268,2035200,0.0,1.0
PPG,2008-08-27 00:00:00+00:00,61.92,62.2,61.62,61.71,597900,23.0158660148,23.1199429283,22.9043550361,22.9378083297,1195800,0.0,1.0
PPG,2008-08-28 00:00:00+00:00,63.51,63.66,62.2,62.41,1363100,23.6068742022,23.6626296916,23.1199429283,23.1980006134,2726200,0.0,1.0
PPG,2008-08-29 00:00:00+00:00,62.86,63.57,62.82,63.29,818200,23.3652670816,23.629176398,23.3503989511,23.5250994845,1636400,0.0,1.0
PPG,2008-09-02 00:00:00+00:00,65.29,65.97,63.6,64.09,2071200,24.2685060095,24.521264228,23.6403274958,23.8224620945,4142400,0.0,1.0
PPG,2008-09-03 00:00:00+00:00,66.73,67.7,65.96,66.39,2346300,24.8037587075,25.1643108721,24.5175471954,24.6773795983,4692600,0.0,1.0
PPG,2008-09-04 00:00:00+00:00,65.54,66.39,64.07,66.39,1874000,24.3614318251,24.6773795983,23.8150280292,24.6773795983,3748000,0.0,1.0
PPG,2008-09-05 00:00:00+00:00,65.09,65.345,63.9,65.07,1662200,24.194165357,24.2889496889,23.7518384746,24.1867312917,3324400,0.0,1.0
PPG,2008-09-08 00:00:00+00:00,65.85,66.28,64.69,65.1,1604000,24.4766598365,24.6364922394,24.045484052,24.1978823896,3208000,0.0,1.0
PPG,2008-09-09 00:00:00+00:00,64.61,66.46,64.56,65.61,1776000,24.015747791,24.7033988266,23.9971626279,24.3874510535,3552000,0.0,1.0
PPG,2008-09-10 00:00:00+00:00,64.88,65.7,64.26,65.15,2447300,24.1161076719,24.4209043471,23.8856516491,24.2164675527,4894600,0.0,1.0
PPG,2008-09-11 00:00:00+00:00,66.67,66.77,63.65,64.07,1715100,24.7814565118,24.818626838,23.658912659,23.8150280292,3430200,0.0,1.0
PPG,2008-09-12 00:00:00+00:00,67.77,67.83,65.94,66.25,1568600,25.1903301005,25.2126322963,24.5101131301,24.6253411415,3137200,0.0,1.0
PPG,2008-09-15 00:00:00+00:00,66.63,69.05,65.46,65.46,1715400,24.7665883813,25.6661102765,24.3316955641,24.3316955641,3430800,0.0,1.0
PPG,2008-09-16 00:00:00+00:00,67.35,67.59,64.05,65.66,2240600,25.0342147303,25.1234235133,23.807593964,24.4060362166,4481200,0.0,1.0
PPG,2008-09-17 00:00:00+00:00,66.5,66.73,63.73,66.04,2675000,24.7182669571,24.8037587075,23.68864892,24.5472834564,5350000,0.0,1.0
PPG,2008-09-18 00:00:00+00:00,67.31,68.63,63.9,67.27,4233800,25.0193465998,25.5099949063,23.7518384746,25.0044784693,8467600,0.0,1.0
PPG,2008-09-19 00:00:00+00:00,66.97,69.89,66.77,67.21,3011400,24.8929674905,25.978341017,24.818626838,24.9821762735,6022800,0.0,1.0
PPG,2008-09-22 00:00:00+00:00,64.8,67.83,64.5,66.33,1577000,24.0863714109,25.2126322963,23.9748604321,24.6550774025,3154000,0.0,1.0
PPG,2008-09-23 00:00:00+00:00,62.22,65.5,62.11,64.8,2089300,23.1273769936,24.3465636946,23.0864896347,24.0863714109,4178600,0.0,1.0
PPG,2008-09-24 00:00:00+00:00,59.74,61.96,59.12,61.96,2586000,22.2055529025,23.0307341453,21.9750968798,23.0307341453,5172000,0.0,1.0
PPG,2008-09-25 00:00:00+00:00,61.16,61.99,59.3,59.93,1682900,22.7333715353,23.0418852432,22.042003467,22.2761765224,3365800,0.0,1.0
PPG,2008-09-26 00:00:00+00:00,61.44,61.56,60.06,60.14,1263800,22.8374484488,22.8820528403,22.3244979465,22.3542342075,2527600,0.0,1.0
PPG,2008-09-29 00:00:00+00:00,57.65,61.65,57.09,60.56,2340300,21.4286930839,22.9155061339,21.2205392569,22.5103495778,4680600,0.0,1.0
PPG,2008-09-30 00:00:00+00:00,58.32,58.86,57.58,58.86,1672200,21.6777342698,21.8784540315,21.4026738555,21.8784540315,3344400,0.0,1.0
PPG,2008-10-01 00:00:00+00:00,57.92,59.1,56.68,57.82,1489000,21.5290529648,21.9676628145,21.0681409192,21.4918826385,2978000,0.0,1.0
PPG,2008-10-02 00:00:00+00:00,55.69,57.89,55.57,57.89,1458000,20.7001546894,21.5179018669,20.6555502979,21.5179018669,2916000,0.0,1.0
PPG,2008-10-03 00:00:00+00:00,55.11,57.48,55.0,56.4,1555100,20.4845667971,21.3655035293,20.4436794382,20.9640640057,3110200,0.0,1.0
PPG,2008-10-06 00:00:00+00:00,54.67,55.03,51.54,54.6,2007100,20.3210173616,20.4548305361,19.1575861499,20.2949981332,4014200,0.0,1.0
PPG,2008-10-07 00:00:00+00:00,50.66,55.45,50.34,55.16,2503700,18.8304872789,20.6109459064,18.7115422349,20.5031519602,5007400,0.0,1.0
PPG,2008-10-08 00:00:00+00:00,50.97,53.99,49.49,49.7,2562900,18.9457152903,20.0682591431,18.3955944618,18.4736521469,5125800,0.0,1.0
PPG,2008-10-09 00:00:00+00:00,47.27,52.47,47.18,51.07,2108000,17.570413219,19.5032701841,17.5369599254,18.9828856165,4216000,0.0,1.0
PPG,2008-10-10 00:00:00+00:00,46.3,48.96,43.63,45.97,2791100,17.2098610544,18.1985917326,16.2174133435,17.0871989777,5582200,0.0,1.0
PPG,2008-10-13 00:00:00+00:00,50.99,51.22,46.61,47.75,1805900,18.9531493555,19.0386411059,17.3250890657,17.748830785,3611800,0.0,1.0
PPG,2008-10-14 00:00:00+00:00,50.27,53.04,49.05,52.34,2107000,18.6855230065,19.7151410437,18.2320450263,19.4549487599,4214000,0.0,1.0
PPG,2008-10-15 00:00:00+00:00,44.49,49.48,43.86,49.48,1823200,16.5370781492,18.3918774292,16.3029050938,18.3918774292,3646400,0.0,1.0
PPG,2008-10-16 00:00:00+00:00,51.09,51.09,43.46,43.46,4041300,18.9903196818,18.9903196818,16.1542237888,16.1542237888,8082600,0.0,1.0
PPG,2008-10-17 00:00:00+00:00,48.17,50.79,47.41,47.41,2057900,17.9049461553,18.878808703,17.6224516758,17.6224516758,4115800,0.0,1.0
PPG,2008-10-20 00:00:00+00:00,50.5,50.5,48.01,48.73,1250600,18.7710147569,18.7710147569,17.8454736333,18.1130999823,2501200,0.0,1.0
PPG,2008-10-21 00:00:00+00:00,49.66,52.06,49.38,51.48,1794100,18.4587840164,19.3508718464,18.3547071029,19.1352839542,3588200,0.0,1.0
PPG,2008-10-22 00:00:00+00:00,46.7,49.36,45.06,49.36,1973900,17.3585423594,18.3472730377,16.7489490088,18.3472730377,3947800,0.0,1.0
PPG,2008-10-23 00:00:00+00:00,46.35,48.94,44.22,47.2,2063600,17.2284462175,18.1911576674,16.4367182683,17.5443939906,4127200,0.0,1.0
PPG,2008-10-24 00:00:00+00:00,45.11,46.52,43.02,43.38,1456900,16.767534172,17.2916357721,15.9906743533,16.1244875278,2913800,0.0,1.0
PPG,2008-10-27 00:00:00+00:00,43.88,46.73,43.84,44.59,1434100,16.3103391591,17.3696934572,16.2954710286,16.5742484755,2868200,0.0,1.0
PPG,2008-10-28 00:00:00+00:00,47.85,47.88,43.0,45.21,1952000,17.7860011113,17.7971522091,15.9832402881,16.8047044982,3904000,0.0,1.0
PPG,2008-10-29 00:00:00+00:00,47.87,49.78,46.18,46.18,1685700,17.7934351765,18.5033884079,17.1652566629,17.1652566629,3371400,0.0,1.0
PPG,2008-10-30 00:00:00+00:00,49.2,49.6,47.16,49.09,983600,18.2878005156,18.4364818207,17.5295258601,18.2469131568,1967200,0.0,1.0
PPG,2008-10-31 00:00:00+00:00,49.58,50.25,48.19,48.9,1175700,18.4290477554,18.6780889413,17.9123802205,18.1762895369,2351400,0.0,1.0
PPG,2008-11-03 00:00:00+00:00,50.03,50.66,49.1,49.24,778900,18.5963142235,18.8304872789,18.2506301894,18.3026686461,1557800,0.0,1.0
PPG,2008-11-04 00:00:00+00:00,51.52,51.92,50.4,51.0,1264400,19.1501520847,19.2988333897,18.7338444307,18.9568663882,2528800,0.0,1.0
PPG,2008-11-05 00:00:00+00:00,48.22,51.45,48.12,50.88,1402600,17.9235313184,19.1241328563,17.8863609921,18.9122619967,2805200,0.0,1.0
PPG,2008-11-06 00:00:00+00:00,44.67,48.35,44.28,47.73,2538200,16.8009874656,18.1850849331,16.6543032231,17.9518945989,5076400,0.53,1.0
PPG,2008-11-07 00:00:00+00:00,46.81,46.86,44.52,44.9,1534600,17.605870232,17.6246759041,16.7445704493,16.8874935573,3069200,0.0,1.0
PPG,2008-11-10 00:00:00+00:00,46.05,48.48,45.31,48.32,1076000,17.3200240159,18.2339796806,17.0417000686,18.1738015298,2152000,0.0,1.0
PPG,2008-11-11 00:00:00+00:00,45.87,46.76,44.65,46.62,1948400,17.2523235963,17.5870645599,16.7934651968,17.534408678,3896800,0.0,1.0
PPG,2008-11-12 00:00:00+00:00,44.19,45.75,44.07,45.0,1705500,16.6204530133,17.2071899832,16.5753194002,16.9251049015,3411000,0.0,1.0
PPG,2008-11-13 00:00:00+00:00,48.38,48.52,43.6,44.55,2134600,18.1963683364,18.2490242183,16.3985460824,16.7558538525,4269200,0.0,1.0
PPG,2008-11-14 00:00:00+00:00,45.38,47.97,45.25,47.86,1189400,17.0680280096,18.042161825,17.0191332621,18.0007893464,2378800,0.0,1.0
PPG,2008-11-17 00:00:00+00:00,44.11,46.42,44.1,45.07,1519100,16.5903639379,17.4591859895,16.5866028035,16.9514328425,3038200,0.0,1.0
PPG,2008-11-18 00:00:00+00:00,44.35,45.47,43.01,44.0,1490300,16.6806311641,17.1018782194,16.1766391515,16.5489914593,2980600,0.0,1.0
PPG,2008-11-19 00:00:00+00:00,41.19,44.74,41.0,43.98,1595600,15.4921126865,16.8273154066,15.4206511325,16.5414691904,3191200,0.0,1.0
PPG,2008-11-20 00:00:00+00:00,36.98,42.1,36.86,40.77,2712400,13.9086750946,15.834375919,13.8635414816,15.3341450408,5424800,0.0,1.0
PPG,2008-11-21 00:00:00+00:00,38.52,38.73,35.94,37.87,3394900,14.4878897957,14.5668736186,13.5175171147,14.2434160583,6789800,0.0,1.0
PPG,2008-11-24 00:00:00+00:00,41.69,42.77,39.15,39.15,2353100,15.6801694077,16.0863719253,14.7248412643,14.7248412643,4706200,0.0,1.0
PPG,2008-11-25 00:00:00+00:00,42.53,43.41,40.82,42.28,1465000,15.9961046992,16.3270845284,15.3529507129,15.9020763386,2930000,0.0,1.0
PPG,2008-11-26 00:00:00+00:00,43.89,43.92,41.17,42.0,1067100,16.5076189806,16.5189023839,15.4845904177,15.7967645748,2134200,0.0,1.0
PPG,2008-11-28 00:00:00+00:00,43.92,44.27,43.2,43.59,472900,16.5189023839,16.6505420887,16.2481007055,16.394784948,945800,0.0,1.0
PPG,2008-12-01 00:00:00+00:00,39.59,42.49,39.45,41.75,1732700,14.8903311789,15.9810601615,14.837675297,15.7027362142,3465400,0.0,1.0
PPG,2008-12-02 00:00:00+00:00,41.8,41.85,39.9,40.16,1254300,15.7215418863,15.7403475584,15.006926346,15.104715841,2508600,0.0,1.0
PPG,2008-12-03 00:00:00+00:00,43.09,43.3865,40.45,41.0,1345500,16.2067282268,16.3182458625,15.2137887393,15.4206511325,2691000,0.0,1.0
PPG,2008-12-04 00:00:00+00:00,42.07,43.37,41.39,41.81,1201400,15.8230925157,16.3120399907,15.567335375,15.7253030207,2402800,0.0,1.0
PPG,2008-12-05 00:00:00+00:00,43.5,43.64,40.04,41.59,1325100,16.3609347382,16.4135906201,15.0595822279,15.6425580634,2650200,0.0,1.0
PPG,2008-12-08 00:00:00+00:00,45.81,46.33,44.35,44.43,1597600,17.2297567898,17.4253357797,16.6806311641,16.7107202395,3195200,0.0,1.0
PPG,2008-12-09 00:00:00+00:00,44.49,46.47,44.34,45.37,1181700,16.733287046,17.4779916617,16.6768700297,17.0642668752,2363400,0.0,1.0
PPG,2008-12-10 00:00:00+00:00,44.75,45.46,43.75,45.0,1168500,16.831076541,17.098117085,16.4549630987,16.9251049015,2337000,0.0,1.0
PPG,2008-12-11 00:00:00+00:00,42.61,45.13,42.12,44.67,1301100,16.0261937745,16.973999649,15.8418981878,16.8009874656,2602200,0.0,1.0
PPG,2008-12-12 00:00:00+00:00,43.89,44.4,40.99,42.09,1394300,16.5076189806,16.6994368362,15.4168899981,15.8306147846,2788600,0.0,1.0
PPG,2008-12-15 00:00:00+00:00,43.55,44.69,42.77,44.38,1236800,16.3797404103,16.8085097344,16.0863719253,16.6919145673,2473600,0.0,1.0
PPG,2008-12-16 00:00:00+00:00,45.95,46.15,43.7,43.93,1296900,17.2824126717,17.3576353601,16.4361574266,16.5226635183,2593800,0.0,1.0
PPG,2008-12-17 00:00:00+00:00,44.5,46.0,44.08,45.4,1612000,16.7370481804,17.3012183438,16.5790805347,17.0755502784,3224000,0.0,1.0
PPG,2008-12-18 00:00:00+00:00,42.7,44.78,42.55,44.46,1514500,16.0600439844,16.8423599442,16.003626968,16.7220036427,3029000,0.0,1.0
PPG,2008-12-19 00:00:00+00:00,41.46,43.98,41.3,42.39,2795700,15.593663316,16.5414691904,15.5334851652,15.9434488173,5591400,0.0,1.0
PPG,2008-12-22 00:00:00+00:00,39.71,42.27,39.12,42.04,4060400,14.935464792,15.8983152042,14.7135578611,15.8118091125,8120800,0.0,1.0
PPG,2008-12-23 00:00:00+00:00,38.93,40.54,38.7,40.34,2367700,14.642096307,15.2476389491,14.5555902153,15.1724162606,4735400,0.0,1.0
PPG,2008-12-24 00:00:00+00:00,38.83,39.35,38.71,39.1,1035800,14.6044849628,14.8000639528,14.5593513497,14.7060355922,2071600,0.0,1.0
PPG,2008-12-26 00:00:00+00:00,39.39,39.52,38.34,39.25,853000,14.8151084905,14.864003238,14.4201893761,14.7624526086,1706000,0.0,1.0
PPG,2008-12-29 00:00:00+00:00,38.83,39.57,38.37,39.57,1429800,14.6044849628,14.8828089101,14.4314727794,14.8828089101,2859600,0.0,1.0
PPG,2008-12-30 00:00:00+00:00,40.47,40.47,38.75,39.01,1509000,15.2213110081,15.2213110081,14.5743958874,14.6721853824,3018000,0.0,1.0
PPG,2008-12-31 00:00:00+00:00,42.43,42.64,40.28,40.28,1853300,15.9584933549,16.0374771778,15.1498494541,15.1498494541,3706600,0.0,1.0
PPG,2009-01-02 00:00:00+00:00,43.55,43.73,41.7,42.45,1276100,16.3797404103,16.4474408299,15.6839305421,15.9660156238,2552200,0.0,1.0
PPG,2009-01-05 00:00:00+00:00,43.28,43.82,42.5,43.22,1188100,16.2781897809,16.4812910397,15.9848212959,16.2556229743,2376200,0.0,1.0
PPG,2009-01-06 00:00:00+00:00,45.03,45.45,43.52,43.7,1607300,16.9363883048,17.0943559506,16.368457007,16.4361574266,3214600,0.0,1.0
PPG,2009-01-07 00:00:00+00:00,43.14,44.77,42.94,44.77,1503300,16.2255338989,16.8385988098,16.1503112105,16.8385988098,3006600,0.0,1.0
PPG,2009-01-08 00:00:00+00:00,44.19,44.23,42.5,42.94,1041900,16.6204530133,16.635497551,15.9848212959,16.1503112105,2083800,0.0,1.0
PPG,2009-01-09 00:00:00+00:00,43.31,44.75,43.03,44.44,1169900,16.2894731841,16.831076541,16.1841614203,16.7144813739,2339800,0.0,1.0
PPG,2009-01-12 00:00:00+00:00,42.58,43.32,42.25,43.11,1034900,16.0149103713,16.2932343186,15.8907929353,16.2142504957,2069800,0.0,1.0
PPG,2009-01-13 00:00:00+00:00,41.7,42.45,41.31,42.31,1915600,15.6839305421,15.9660156238,15.5372462996,15.9133597419,3831200,0.0,1.0
PPG,2009-01-14 00:00:00+00:00,40.27,41.42,40.01,40.83,1567500,15.1460883197,15.5786187783,15.0482988247,15.3567118473,3135000,0.0,1.0
PPG,2009-01-15 00:00:00+00:00,41.41,42.22,39.64,40.21,2633900,15.5748576438,15.8795095321,14.909136851,15.1235215131,5267800,0.0,1.0
PPG,2009-01-16 00:00:00+00:00,41.43,41.96,39.64,39.64,2620400,15.5823799127,15.7817200371,14.909136851,14.909136851,5240800,0.0,1.0
PPG,2009-01-20 00:00:00+00:00,39.6,41.42,39.35,41.08,3760500,14.8940923134,15.5786187783,14.8000639528,15.4507402079,7521000,0.0,1.0
PPG,2009-01-21 00:00:00+00:00,40.46,40.6,38.78,40.32,3424700,15.2175498737,15.2702057556,14.5856792907,15.1648939918,6849400,0.0,1.0
PPG,2009-01-22 00:00:00+00:00,39.29,40.03,38.79,39.25,2631000,14.7774971463,15.0558210935,14.5894404251,14.7624526086,5262000,0.0,1.0
PPG,2009-01-23 00:00:00+00:00,39.21,39.85,38.2,38.51,2205000,14.7474080709,14.9881206739,14.3675334942,14.4841286613,4410000,0.0,1.0
PPG,2009-01-26 00:00:00+00:00,38.85,40.23,38.37,39.51,1663800,14.6120072317,15.131043782,14.4314727794,14.8602421036,3327600,0.0,1.0
PPG,2009-01-27 00:00:00+00:00,39.13,39.735,38.31,39.16,2046900,14.7173189955,14.9448676281,14.4089059728,14.7286023988,4093800,0.0,1.0
PPG,2009-01-28 00:00:00+00:00,40.91,41.26,39.64,39.99,1757800,15.3868009227,15.5184406275,14.909136851,15.0407765558,3515600,0.0,1.0
PPG,2009-01-29 00:00:00+00:00,39.38,40.79,39.24,40.43,1315500,14.8113473561,15.3416673096,14.7586914741,15.2062664704,2631000,0.0,1.0
PPG,2009-01-30 00:00:00+00:00,37.58,39.5,37.41,39.33,1898900,14.13434316,14.8564809691,14.0704038748,14.7925416839,3797800,0.0,1.0
PPG,2009-02-02 00:00:00+00:00,37.49,37.94,36.4,37.17,1372100,14.1004929502,14.2697439992,13.6905292981,13.9801366487,2744200,0.0,1.0
PPG,2009-02-03 00:00:00+00:00,37.0,38.05,36.84,37.68,3656400,13.9161973635,14.3111164779,13.8560192127,14.1719545042,7312800,0.0,1.0
PPG,2009-02-04 00:00:00+00:00,36.47,37.32,36.3807,37.31,2903900,13.7168572391,14.036553665,13.6832703087,14.0327925306,5807800,0.0,1.0
PPG,2009-02-05 00:00:00+00:00,37.66,38.03,36.09,36.41,2400900,14.1644322354,14.303594209,13.573934131,13.6942904326,4801800,0.0,1.0
PPG,2009-02-06 00:00:00+00:00,39.12,39.32,37.64,37.64,1426000,14.7135578611,14.7887805495,14.1569099665,14.1569099665,2852000,0.0,1.0
PPG,2009-02-09 00:00:00+00:00,39.26,40.15,38.68,39.05,1441300,14.766213743,15.1009547066,14.5480679465,14.6872299201,2882600,0.0,1.0
PPG,2009-02-10 00:00:00+00:00,37.39,39.7,37.12,38.97,2052700,14.062881606,14.9317036576,13.9613309766,14.6571408447,4105400,0.0,1.0
PPG,2009-02-11 00:00:00+00:00,37.36,37.95,36.87,37.69,1262700,14.0515982027,14.2735051336,13.867302616,14.1757156386,2525400,0.0,1.0
PPG,2009-02-12 00:00:00+00:00,36.92,37.09,35.62,37.0,1788800,13.8861082881,13.9500475733,13.3971608132,13.9161973635,3577600,0.0,1.0
PPG,2009-02-13 00:00:00+00:00,36.21,36.86,34.0,36.71,1573200,13.6190677441,13.8635414816,12.7878570367,13.8071244652,3146400,0.0,1.0
PPG,2009-02-17 00:00:00+00:00,34.38,35.98,34.38,35.28,2011700,12.9307801448,13.5325616524,12.9307801448,13.2692822428,4023400,0.0,1.0
PPG,2009-02-18 00:00:00+00:00,34.09,34.63,33.38,34.27,1895600,13.0210473709,13.2273062615,12.7498551259,13.0898003344,3791200,0.53,1.0
PPG,2009-02-19 00:00:00+00:00,33.43,35.09,33.24,34.51,2384900,12.7689531713,13.4030082794,12.6963805987,13.1814709525,4769800,0.0,1.0
PPG,2009-02-20 00:00:00+00:00,32.67,33.79,31.6,33.07,3215100,12.4786628808,12.9064590984,12.0699647087,12.6314472442,6430200,0.0,1.0
PPG,2009-02-23 00:00:00+00:00,31.08,33.25,31.04,33.25,2567500,11.8713450363,12.7002002078,11.8560666,12.7002002078,5135000,0.0,1.0
PPG,2009-02-24 00:00:00+00:00,32.48,32.71,30.8,31.31,2375800,12.4060903082,12.4939413172,11.7643959819,11.9591960453,4751600,0.0,1.0
PPG,2009-02-25 00:00:00+00:00,31.98,32.78,31.64,32.59,2188900,12.215109854,12.5206785808,12.0852431451,12.4481060082,4377800,0.0,1.0
PPG,2009-02-26 00:00:00+00:00,31.44,32.91,31.34,32.05,1737400,12.0088509634,12.5703334989,11.9706548725,12.2418471176,3474800,0.0,1.0
PPG,2009-02-27 00:00:00+00:00,31.06,31.9,30.65,30.85,1848500,11.8637058182,12.1845529813,11.7071018457,11.7834940274,3697000,0.0,1.0
PPG,2009-03-02 00:00:00+00:00,30.04,30.93,29.89,30.68,2651700,11.4741056915,11.8140509,11.4168115552,11.7185606729,5303400,0.0,1.0
PPG,2009-03-03 00:00:00+00:00,29.8,30.75,29.6108,30.54,3638000,11.3824350734,11.7452979365,11.3101680695,11.6650861457,7276000,0.0,1.0
PPG,2009-03-04 00:00:00+00:00,30.92,31.41,30.05,30.24,2610300,11.810231291,11.9973921361,11.4779253006,11.5504978732,5220600,0.0,1.0
PPG,2009-03-05 00:00:00+00:00,28.48,30.17,28.16,30.0,3574600,10.8782466742,11.5237606096,10.7560191835,11.4588272551,7149200,0.0,1.0
PPG,2009-03-06 00:00:00+00:00,29.42,29.76,28.16,28.72,4808400,11.2372899282,11.3671566371,10.7560191835,10.9699172922,9616800,0.0,1.0
PPG,2009-03-09 00:00:00+00:00,29.5,29.8811,28.98,29.19,3341100,11.2678468009,11.4134121031,11.0692271285,11.1494389192,6682200,0.0,1.0
PPG,2009-03-10 00:00:00+00:00,32.69,32.72,29.85,29.85,3112400,12.486302099,12.4977609263,11.4015331189,11.4015331189,6224800,0.0,1.0
PPG,2009-03-11 00:00:00+00:00,32.91,33.22,32.45,32.97,2650200,12.5703334989,12.6887413805,12.394631481,12.5932511534,5300400,0.0,1.0
PPG,2009-03-12 00:00:00+00:00,34.34,34.56,32.59,32.84,3885900,13.116537598,13.2005689979,12.4481060082,12.5435962353,7771800,0.0,1.0
PPG,2009-03-13 00:00:00+00:00,33.0,33.37,32.63,33.07,4390400,12.6047099806,12.7460355168,12.4633844445,12.6314472442,8780800,0.0,1.0
PPG,2009-03-16 00:00:00+00:00,32.94,33.73,32.795,33.36,2949800,12.5817923261,12.8835414439,12.5264079944,12.7422159077,5899600,0.0,1.0
PPG,2009-03-17 00:00:00+00:00,33.97,33.97,32.41,32.93,2004900,12.9752120619,12.9752120619,12.3793530446,12.5779727171,4009800,0.0,1.0
PPG,2009-03-18 00:00:00+00:00,34.99,35.31,33.32,34.08,2301100,13.3648121886,13.4870396793,12.7269374714,13.0172277618,4602200,0.0,1.0
PPG,2009-03-19 00:00:00+00:00,35.1,35.55,34.74,35.33,2060200,13.4068278885,13.5787102973,13.2693219614,13.4946788975,4120400,0.0,1.0
PPG,2009-03-20 00:00:00+00:00,34.71,35.42,34.49,35.16,3269100,13.2578631342,13.5290553792,13.1738317343,13.429745543,6538200,0.0,1.0
PPG,2009-03-23 00:00:00+00:00,37.0,37.0,35.03,35.43,1550400,14.1325536147,14.1325536147,13.3800906249,13.5328749883,3100800,0.0,1.0
PPG,2009-03-24 00:00:00+00:00,36.59,37.36,36.33,36.59,1644400,13.9759496422,14.2700595417,13.876639806,13.9759496422,3288800,0.0,1.0
PPG,2009-03-25 00:00:00+00:00,36.88,38.06,35.66,36.59,2391800,14.0867183056,14.5374321777,13.6207259973,13.9759496422,4783600,0.0,1.0
PPG,2009-03-26 00:00:00+00:00,38.71,39.05,37.1905,37.22,2068300,14.7857067682,14.9155734771,14.2053171677,14.2165850145,4136600,0.0,1.0
PPG,2009-03-27 00:00:00+00:00,36.8,37.75,35.5,37.75,3932100,14.056161433,14.419024296,13.5596122519,14.419024296,7864200,0.0,1.0
PPG,2009-03-30 00:00:00+00:00,36.87,36.94,35.33,36.34,3929700,14.0828986966,14.1096359602,13.4946788975,13.8804594151,7859400,0.0,1.0
PPG,2009-03-31 00:00:00+00:00,36.9,37.53,36.4,37.3,2135700,14.0943575238,14.3349928962,13.9033770696,14.2471418872,4271400,0.0,1.0
PPG,2009-04-01 00:00:00+00:00,39.47,39.63,35.61,36.44,3666600,15.0759970587,15.137110804,13.6016279518,13.9186555059,7333200,0.0,1.0
PPG,2009-04-02 00:00:00+00:00,42.05,42.4,39.8,40.3,3758700,16.0614562026,16.1951425206,15.2020441585,15.3930246127,7517400,0.0,1.0
PPG,2009-04-03 00:00:00+00:00,44.56,44.56,41.02,41.12,4038400,17.020178083,17.020178083,15.6680364669,15.7062325577,8076800,0.0,1.0
PPG,2009-04-06 00:00:00+00:00,44.27,44.43,43.66,44.18,2987200,16.9094094195,16.9705231649,16.6764132653,16.8750329377,5974400,0.0,1.0
PPG,2009-04-07 00:00:00+00:00,42.8,43.74,41.91,43.49,3477900,16.347926884,16.706970138,16.0079816754,16.6114799109,6955800,0.0,1.0
PPG,2009-04-08 00:00:00+00:00,42.87,43.16,41.88,42.97,2665000,16.3746641476,16.4854328111,15.9965228482,16.4128602384,5330000,0.0,1.0
PPG,2009-04-09 00:00:00+00:00,44.97,45.02,43.44,43.77,1676000,17.1767820554,17.1958801009,16.5923818654,16.7184289652,3352000,0.0,1.0
PPG,2009-04-13 00:00:00+00:00,45.13,45.55,43.55,44.65,1651200,17.2378958008,17.3983193824,16.6343975654,17.0545545647,3302400,0.0,1.0
PPG,2009-04-14 00:00:00+00:00,44.13,45.41,43.78,44.72,1663900,16.8559348923,17.3448448552,16.7222485743,17.0812918283,3327800,0.0,1.0
PPG,2009-04-15 00:00:00+00:00,44.44,44.44,43.66,44.05,2607900,16.9743427739,16.9743427739,16.6764132653,16.8253780196,5215800,0.0,1.0
PPG,2009-04-16 00:00:00+00:00,46.11,46.3,44.06,44.67,3027000,17.6122174911,17.6847900638,16.8291976287,17.0621937829,6054000,0.0,1.0
PPG,2009-04-17 00:00:00+00:00,45.29,46.15,44.15,46.14,2298300,17.2990095462,17.6274959275,16.8635741105,17.6236763184,4596600,0.0,1.0
PPG,2009-04-20 00:00:00+00:00,43.19,45.33,42.6,45.33,2930600,16.4968916383,17.3142879825,16.2715347023,17.3142879825,5861200,0.0,1.0
PPG,2009-04-21 00:00:00+00:00,43.64,43.73,42.25,42.8,2538800,16.6687740471,16.7031505289,16.1378483843,16.347926884,5077600,0.0,1.0
PPG,2009-04-22 00:00:00+00:00,44.08,45.28,42.8,42.8,1912200,16.8368368469,17.2951899371,16.347926884,16.347926884,3824400,0.0,1.0
PPG,2009-04-23 00:00:00+00:00,43.45,44.46,42.32,44.1,1723700,16.5962014745,16.9819819921,16.1645856479,16.844476065,3447400,0.0,1.0
PPG,2009-04-24 00:00:00+00:00,45.46,45.78,43.44,43.44,2059300,17.3639429006,17.4861703913,16.5923818654,16.5923818654,4118600,0.0,1.0
PPG,2009-04-27 00:00:00+00:00,44.03,44.97,43.55,44.81,1638600,16.8177388015,17.1767820554,16.6343975654,17.1156683101,3277200,0.0,1.0
PPG,2009-04-28 00:00:00+00:00,43.24,43.77,42.9,43.52,1799500,16.5159896837,16.7184289652,16.3861229748,16.6229387381,3599000,0.0,1.0
PPG,2009-04-29 00:00:00+00:00,44.12,44.61,43.76,43.77,1377100,16.8521152832,17.0392761284,16.7146093562,16.7184289652,2754200,0.0,1.0
PPG,2009-04-30 00:00:00+00:00,44.05,45.07,43.61,44.64,1654200,16.8253780196,17.2149781463,16.6573152199,17.0507349556,3308400,0.0,1.0
PPG,2009-05-01 00:00:00+00:00,44.02,44.54,43.56,43.98,1482100,16.8139191924,17.0125388648,16.6382171745,16.798640756,2964200,0.0,1.0
PPG,2009-05-04 00:00:00+00:00,46.5,46.58,43.97,44.24,1815800,17.7611822455,17.7917391181,16.7948211469,16.8979505922,3631600,0.0,1.0
PPG,2009-05-05 00:00:00+00:00,45.77,46.75,45.18,46.71,1608900,17.4823507823,17.8566724726,17.2569938462,17.8413940362,3217800,0.0,1.0
PPG,2009-05-06 00:00:00+00:00,45.93,46.32,45.11,46.23,1847500,17.5434645276,17.6924292819,17.2302565826,17.6580528002,3695000,0.0,1.0
PPG,2009-05-07 00:00:00+00:00,43.73,46.91,43.27,45.76,2655200,16.9055898104,18.1349466729,16.7277583146,17.6903679333,5310400,0.53,1.0
PPG,2009-05-08 00:00:00+00:00,44.72,44.78,43.53,44.08,1907400,17.2883141167,17.3115095292,16.8282717687,17.0408963833,3814800,0.0,1.0
PPG,2009-05-11 00:00:00+00:00,43.54,44.31,43.08,44.1,1690600,16.8321376708,17.1298121312,16.654306175,17.0486281875,3381200,0.0,1.0
PPG,2009-05-12 00:00:00+00:00,43.69,44.1,42.86,43.89,1640000,16.8901262021,17.0486281875,16.5692563292,16.9674442437,3280000,0.0,1.0
PPG,2009-05-13 00:00:00+00:00,41.89,43.0,41.77,42.96,2117600,16.1942638271,16.6233789583,16.1478730021,16.60791535,4235200,0.0,1.0
PPG,2009-05-14 00:00:00+00:00,42.41,42.92,41.63,41.73,1240400,16.3952907354,16.5924517417,16.0937503729,16.1324093937,2480800,0.0,1.0
PPG,2009-05-15 00:00:00+00:00,42.2,43.18,41.82,42.63,1520800,16.3141067917,16.6929651958,16.1672025125,16.4803405812,3041600,0.0,1.0
PPG,2009-05-18 00:00:00+00:00,44.08,44.14,42.56,42.63,1218600,17.0408963833,17.0640917958,16.4532792667,16.4803405812,2437200,0.0,1.0
PPG,2009-05-19 00:00:00+00:00,44.66,45.04,43.75,44.0,1577200,17.2651187042,17.4120229833,16.9133216146,17.0099691667,3154400,0.0,1.0
PPG,2009-05-20 00:00:00+00:00,45.5,46.79,44.71,44.96,2836300,17.5898544792,18.0885558479,17.2844482146,17.3810957667,5672600,0.0,1.0
PPG,2009-05-21 00:00:00+00:00,44.03,45.1,43.58,45.1,1990100,17.0215668729,17.4352183958,16.8476012792,17.4352183958,3980200,0.0,1.0
PPG,2009-05-22 00:00:00+00:00,44.63,45.1425,43.95,44.2,906100,17.2535209979,17.4516484797,16.9906396562,17.0872872083,1812200,0.0,1.0
PPG,2009-05-26 00:00:00+00:00,45.02,45.265,43.84,44.44,2028000,17.4042911792,17.4990057802,16.9481147333,17.1800688583,4056000,0.0,1.0
PPG,2009-05-27 00:00:00+00:00,43.81,45.32,43.72,45.0,1213000,16.9365170271,17.5202682417,16.9017239083,17.396559375,2426000,0.0,1.0
PPG,2009-05-28 00:00:00+00:00,44.09,44.47,42.94,44.34,1537100,17.0447622854,17.1916665646,16.6001835458,17.1414098375,3074200,0.0,1.0
PPG,2009-05-29 00:00:00+00:00,44.47,44.47,43.51,44.46,1270800,17.1916665646,17.1916665646,16.8205399646,17.1878006625,2541600,0.0,1.0
PPG,2009-06-01 00:00:00+00:00,46.04,46.29,44.83,45.17,1187900,17.7986131917,17.8952607437,17.3308390396,17.4622797104,2375800,0.0,1.0
PPG,2009-06-02 00:00:00+00:00,45.63,46.03,45.5,45.84,1532700,17.6401112062,17.7947472896,17.5898544792,17.72129515,3065400,0.0,1.0
PPG,2009-06-03 00:00:00+00:00,44.6,45.4,43.91,45.25,1651700,17.2419232917,17.5511954583,16.9751760479,17.4932069271,3303400,0.0,1.0
PPG,2009-06-04 00:00:00+00:00,45.0,45.25,44.28,44.76,1302500,17.396559375,17.4932069271,17.118214425,17.303777725,2605000,0.0,1.0
PPG,2009-06-05 00:00:00+00:00,45.04,46.0,44.55,45.86,1732400,17.4120229833,17.7831495833,17.2225937812,17.7290269542,3464800,0.0,1.0
PPG,2009-06-08 00:00:00+00:00,44.29,45.0,43.4,44.86,1580500,17.1220803271,17.396559375,16.7780150417,17.3424367458,3161000,0.0,1.0
PPG,2009-06-09 00:00:00+00:00,45.52,45.7,44.16,44.51,1510800,17.5975862833,17.6671725208,17.0718236,17.2071301729,3021600,0.0,1.0
PPG,2009-06-10 00:00:00+00:00,45.25,45.9,44.24,45.87,2081600,17.4932069271,17.7444905625,17.1027508167,17.7328928562,4163200,0.0,1.0
PPG,2009-06-11 00:00:00+00:00,45.45,46.06,45.3,45.36,1208000,17.5705249687,17.8063449958,17.5125364375,17.53573185,2416000,0.0,1.0
PPG,2009-06-12 00:00:00+00:00,45.13,45.76,44.88,45.76,2123800,17.4468161021,17.6903679333,17.35016855,17.6903679333,4247600,0.0,1.0
PPG,2009-06-15 00:00:00+00:00,43.98,44.94,43.7,44.94,1216500,17.0022373625,17.3733639625,16.8939921042,17.3733639625,2433000,0.0,1.0
PPG,2009-06-16 00:00:00+00:00,43.07,44.34,43.0,44.34,1704700,16.6504402729,17.1414098375,16.6233789583,17.1414098375,3409400,0.0,1.0
PPG,2009-06-17 00:00:00+00:00,43.24,43.64,42.4,42.93,1454100,16.7161606083,16.8707966917,16.3914248333,16.5963176437,2908200,0.0,1.0
PPG,2009-06-18 00:00:00+00:00,42.94,43.92,42.85,43.3,1380200,16.6001835458,16.97904195,16.5653904271,16.7393560208,2760400,0.0,1.0
PPG,2009-06-19 00:00:00+00:00,42.82,43.29,42.5,43.17,2059600,16.5537927208,16.7354901187,16.4300838542,16.6890992937,4119200,0.0,1.0
PPG,2009-06-22 00:00:00+00:00,41.66,42.51,41.63,42.29,2125900,16.1053480792,16.4339497562,16.0937503729,16.3488999104,4251800,0.0,1.0
PPG,2009-06-23 00:00:00+00:00,41.51,41.74,41.09,41.69,2029000,16.0473595479,16.1362752958,15.8849916604,16.1169457854,4058000,0.0,1.0
PPG,2009-06-24 00:00:00+00:00,42.97,43.4,41.75,41.97,2062100,16.6117812521,16.7780150417,16.1401411979,16.2251910437,4124200,0.0,1.0
PPG,2009-06-25 00:00:00+00:00,43.84,43.86,42.5,42.83,1367600,16.9481147333,16.9558465375,16.4300838542,16.5576586229,2735200,0.0,1.0
PPG,2009-06-26 00:00:00+00:00,43.57,43.97,43.35,43.74,1763900,16.8437353771,16.9983714604,16.7586855312,16.9094557125,3527800,0.0,1.0
PPG,2009-06-29 00:00:00+00:00,43.86,44.16,43.11,43.57,1134500,16.9558465375,17.0718236,16.6659038812,16.8437353771,2269000,0.0,1.0
PPG,2009-06-30 00:00:00+00:00,43.9,44.43,43.45,43.95,1695900,16.9713101458,17.1762029562,16.7973445521,16.9906396562,3391800,0.0,1.0
PPG,2009-07-01 00:00:00+00:00,43.78,44.3,43.48,43.86,1260000,16.9249193208,17.1259462292,16.8089422583,16.9558465375,2520000,0.0,1.0
PPG,2009-07-02 00:00:00+00:00,42.37,43.78,42.15,43.06,1084000,16.3798271271,16.9249193208,16.2947772812,16.6465743708,2168000,0.0,1.0
PPG,2009-07-06 00:00:00+00:00,43.02,43.12,41.58,42.0,1383600,16.6311107625,16.6697697833,16.0744208625,16.23678875,2767200,0.0,1.0
PPG,2009-07-07 00:00:00+00:00,41.62,43.05,41.57,43.05,1508800,16.0898844708,16.6427084687,16.0705549604,16.6427084687,3017600,0.0,1.0
PPG,2009-07-08 00:00:00+00:00,41.82,42.08,41.37,41.71,1749900,16.1672025125,16.2677159667,15.9932369187,16.1246775896,3499800,0.0,1.0
PPG,2009-07-09 00:00:00+00:00,42.11,42.42,41.67,42.14,885100,16.2793136729,16.3991566375,16.1092139812,16.2909113792,1770200,0.0,1.0
PPG,2009-07-10 00:00:00+00:00,41.94,42.25,41.21,41.77,1323600,16.2135933375,16.3334363021,15.9313824854,16.1478730021,2647200,0.0,1.0
PPG,2009-07-13 00:00:00+00:00,43.57,43.68,41.59,41.88,1995400,16.8437353771,16.8862603,16.0782867646,16.190397925,3990800,0.0,1.0
PPG,2009-07-14 00:00:00+00:00,44.13,44.41,43.33,43.56,1331200,17.0602258937,17.1684711521,16.7509537271,16.839869475,2662400,0.0,1.0
PPG,2009-07-15 00:00:00+00:00,46.1,46.11,44.77,44.79,2016700,17.8218086042,17.8256745062,17.3076436271,17.3153754312,4033400,0.0,1.0
PPG,2009-07-16 00:00:00+00:00,49.27,49.5,47.1,47.15,5019300,19.0472995646,19.1362153125,18.2083988125,18.2277283229,10038600,0.0,1.0
PPG,2009-07-17 00:00:00+00:00,49.56,50.15,48.81,48.85,2407200,19.159410725,19.3874989479,18.8694680687,18.8849316771,4814400,0.0,1.0
PPG,2009-07-20 00:00:00+00:00,50.45,50.67,49.54,49.93,2194200,19.5034760104,19.5885258562,19.1516789208,19.3024491021,4388400,0.0,1.0
PPG,2009-07-21 00:00:00+00:00,50.43,51.9,49.37,50.93,2239600,19.4957442062,20.0640318125,19.0859585854,19.6890393104,4479200,0.0,1.0
PPG,2009-07-22 00:00:00+00:00,50.75,51.34,50.01,50.02,1275700,19.6194530729,19.8475412958,19.3333763187,19.3372422208,2551400,0.0,1.0
PPG,2009-07-23 00:00:00+00:00,52.47,52.5678,50.52,50.75,2134200,20.2843882312,20.3221967536,19.530537325,19.6194530729,4268400,0.0,1.0
PPG,2009-07-24 00:00:00+00:00,52.56,52.56,51.44,52.13,1116800,20.31918135,20.31918135,19.8862003167,20.1529475604,2233600,0.0,1.0
PPG,2009-07-27 00:00:00+00:00,52.81,53.3,52.22,52.45,1026900,20.4158289021,20.6052581042,20.1877406792,20.2766564271,2053800,0.0,1.0
PPG,2009-07-28 00:00:00+00:00,52.55,52.74,51.8,52.35,982900,20.3153154479,20.3887675875,20.0253727917,20.2379974062,1965800,0.0,1.0
PPG,2009-07-29 00:00:00+00:00,51.88,52.4887,51.29,52.01,1505200,20.0563000083,20.2916174681,19.8282117854,20.1065567354,3010400,0.0,1.0
PPG,2009-07-30 00:00:00+00:00,54.41,54.85,52.33,52.43,2489700,21.0343732354,21.2044729271,20.2302656021,20.2689246229,4979400,0.0,1.0
PPG,2009-07-31 00:00:00+00:00,55.0,55.61,54.2,54.2,1793100,21.2624614583,21.4982814854,20.9531892917,20.9531892917,3586200,0.0,1.0
PPG,2009-08-03 00:00:00+00:00,56.82,56.92,55.35,55.6,1447600,21.9660556375,22.0047146583,21.3977680312,21.4944155833,2895200,0.0,1.0
PPG,2009-08-04 00:00:00+00:00,57.04,57.08,56.18,56.34,1416400,22.0511054833,22.0665690917,21.7186379042,21.7804923375,2832800,0.0,1.0
PPG,2009-08-05 00:00:00+00:00,57.11,57.45,56.12,57.27,1725700,22.0781667979,22.2096074687,21.6954424917,22.1400212312,3451400,0.0,1.0
PPG,2009-08-06 00:00:00+00:00,56.16,57.14,55.86,57.06,1663900,21.9157989104,22.2982327233,21.798727335,22.2670136365,3327800,0.53,1.0
PPG,2009-08-07 00:00:00+00:00,56.2,56.64,55.56,56.64,2223500,21.9314084538,22.103113431,21.6816557597,22.103113431,4447000,0.0,1.0
PPG,2009-08-10 00:00:00+00:00,55.09,56.05,54.83,56.05,1738500,21.4982436249,21.8728726661,21.3967815929,21.8728726661,3477000,0.0,1.0
PPG,2009-08-11 00:00:00+00:00,55.15,55.45,54.57,54.77,1501700,21.52165794,21.6387295154,21.2953195609,21.3733672778,3003400,0.0,1.0
PPG,2009-08-12 00:00:00+00:00,55.53,55.92,54.8,54.9,2724400,21.6699486021,21.8221416501,21.3850744354,21.4240982938,5448800,0.0,1.0
PPG,2009-08-13 00:00:00+00:00,55.9,56.41,55.38,55.56,1847500,21.8143368784,22.0133585566,21.6114128144,21.6816557597,3695000,0.0,1.0
PPG,2009-08-14 00:00:00+00:00,54.58,55.9,54.02,55.57,1142400,21.2992219468,21.8143368784,21.0806883394,21.6855581455,2284800,0.0,1.0
PPG,2009-08-17 00:00:00+00:00,52.97,54.18,52.75,54.18,1657100,20.6709378256,21.1431265129,20.585085337,21.1431265129,3314200,0.0,1.0
PPG,2009-08-18 00:00:00+00:00,52.95,53.43,52.34,53.04,1658400,20.6631330539,20.8504475745,20.4250875173,20.6982545265,3316800,0.0,1.0
PPG,2009-08-19 00:00:00+00:00,53.43,53.82,52.25,52.38,2072900,20.8504475745,21.0026406225,20.3899660447,20.4406970607,4145800,0.0,1.0
PPG,2009-08-20 00:00:00+00:00,53.15,53.73,52.65,53.43,1172000,20.7411807708,20.9675191499,20.5460614785,20.8504475745,2344000,0.0,1.0
PPG,2009-08-21 00:00:00+00:00,54.55,54.7,53.31,53.63,1141600,21.2875147892,21.3460505769,20.8036189443,20.9284952914,2283200,0.0,1.0
PPG,2009-08-24 00:00:00+00:00,54.15,55.23,54.01,54.88,969400,21.1314193554,21.5528770267,21.0767859535,21.4162935221,1938800,0.0,1.0
PPG,2009-08-25 00:00:00+00:00,54.29,55.43,54.16,54.6,1315700,21.1860527572,21.6309247437,21.1353217412,21.3070267185,2631400,0.0,1.0
PPG,2009-08-26 00:00:00+00:00,53.74,54.75,53.5,54.16,1317700,20.9714215357,21.3655625061,20.8777642754,21.1353217412,2635400,0.0,1.0
PPG,2009-08-27 00:00:00+00:00,55.19,55.41,53.06,53.66,2583800,21.5372674834,21.623119972,20.7060592982,20.9402024489,5167600,0.0,1.0
PPG,2009-08-28 00:00:00+00:00,55.94,56.42,54.9,55.54,2482000,21.8299464218,22.0172609424,21.4240982938,21.673850988,4964000,0.0,1.0
PPG,2009-08-31 00:00:00+00:00,55.4,55.47,54.77,55.24,1290600,21.6192175861,21.646534287,21.3733672778,21.5567794126,2581200,0.0,1.0
PPG,2009-09-01 00:00:00+00:00,54.08,55.86,53.93,55.07,1745000,21.1041026545,21.798727335,21.0455668668,21.4904388532,3490000,0.0,1.0
PPG,2009-09-02 00:00:00+00:00,53.93,54.19,53.31,53.82,1682300,21.0455668668,21.1470288988,20.8036189443,21.0026406225,3364600,0.0,1.0
PPG,2009-09-03 00:00:00+00:00,54.11,54.3,53.47,54.3,1387700,21.115809812,21.1899551431,20.8660571179,21.1899551431,2775400,0.0,1.0
PPG,2009-09-04 00:00:00+00:00,54.89,54.92,53.5,54.06,1574900,21.420195908,21.4319030655,20.8777642754,21.0962978828,3149800,0.0,1.0
PPG,2009-09-08 00:00:00+00:00,55.39,55.6,54.76,55.14,2267000,21.6153152003,21.697265303,21.369464892,21.5177555541,4534000,0.0,1.0
PPG,2009-09-09 00:00:00+00:00,56.46,56.64,54.84,55.29,2543800,22.0328704858,22.103113431,21.4006839788,21.5762913418,5087600,0.0,1.0
PPG,2009-09-10 00:00:00+00:00,56.99,57.08,55.91,56.4,2387700,22.2396969356,22.2748184082,21.8182392643,22.0094561707,4775400,0.0,1.0
PPG,2009-09-11 00:00:00+00:00,57.3,57.65,56.72,57.22,1578900,22.3606708968,22.4972544014,22.1343325178,22.3294518101,3157800,0.0,1.0
PPG,2009-09-14 00:00:00+00:00,57.91,57.95,56.52,56.94,1066500,22.5987164334,22.6143259768,22.0562848009,22.2201850064,2133000,0.0,1.0
PPG,2009-09-15 00:00:00+00:00,59.41,59.6,57.58,57.92,2242200,23.1840743103,23.2582196414,22.4699377005,22.6026188193,4484400,0.0,1.0
PPG,2009-09-16 00:00:00+00:00,59.89,60.45,59.67,60.05,2886500,23.3713888309,23.5899224383,23.2855363423,23.4338270045,5773000,0.0,1.0
PPG,2009-09-17 00:00:00+00:00,59.28,60.23,58.8608,59.95,2368500,23.1333432943,23.5040699497,22.9697552797,23.394803146,4737000,0.0,1.0
PPG,2009-09-18 00:00:00+00:00,59.65,60.01,59.33,59.41,1771700,23.2777315706,23.4182174611,23.1528552235,23.1840743103,3543400,0.0,1.0
PPG,2009-09-21 00:00:00+00:00,59.69,60.01,58.43,58.82,1969400,23.293341114,23.4182174611,22.8016404974,22.9538335454,3938800,0.0,1.0
PPG,2009-09-22 00:00:00+00:00,60.12,60.44,59.85,60.43,1326900,23.4611437054,23.5860200524,23.3557792875,23.5821176666,2653800,0.0,1.0
PPG,2009-09-23 00:00:00+00:00,59.05,60.38,59.0,60.38,1784600,23.0435884199,23.5626057374,23.0240764906,23.5626057374,3569200,0.0,1.0
PPG,2009-09-24 00:00:00+00:00,58.52,59.63,58.17,59.33,1054800,22.83676197,23.2699267989,22.7001784654,23.1528552235,2109600,0.0,1.0
PPG,2009-09-25 00:00:00+00:00,57.65,58.52,57.33,58.1,1198100,22.4972544014,22.83676197,22.3723780544,22.6728617645,2396200,0.0,1.0
PPG,2009-09-28 00:00:00+00:00,58.76,59.25,57.81,58.05,1046100,22.9304192303,23.1216361368,22.559692575,22.6533498353,2092200,0.0,1.0
PPG,2009-09-29 00:00:00+00:00,58.74,59.51,58.62,58.75,1009600,22.9226144586,23.2230981688,22.8757858285,22.9265168445,2019200,0.0,1.0
PPG,2009-09-30 00:00:00+00:00,58.21,59.03,57.63,58.78,2281700,22.7157880088,23.0357836482,22.4894496298,22.938224002,4563400,0.0,1.0
PPG,2009-10-01 00:00:00+00:00,56.56,58.34,56.49,58.2,1496500,22.0718943442,22.7665190248,22.0445776433,22.711885623,2993000,0.0,1.0
PPG,2009-10-02 00:00:00+00:00,56.26,56.93,55.27,55.94,1178800,21.9548227689,22.2162826205,21.5684865701,21.8299464218,2357600,0.0,1.0
PPG,2009-10-05 00:00:00+00:00,57.54,57.64,56.2,56.52,1069100,22.4543281571,22.4933520156,21.9314084538,22.0562848009,2138200,0.0,1.0
PPG,2009-10-06 00:00:00+00:00,58.03,58.81,57.0,58.03,1397300,22.6455450636,22.9499311596,22.2435993215,22.6455450636,2794600,0.0,1.0
PPG,2009-10-07 00:00:00+00:00,57.87,58.32,57.45,58.03,679900,22.5831068901,22.7587142531,22.4192066845,22.6455450636,1359800,0.0,1.0
PPG,2009-10-08 00:00:00+00:00,59.22,59.37,58.29,58.47,1211700,23.1099289792,23.1684647669,22.7470070956,22.8172500408,2423400,0.0,1.0
PPG,2009-10-09 00:00:00+00:00,59.75,59.76,58.92,59.29,785000,23.3167554291,23.3206578149,22.9928574039,23.1372456802,1570000,0.0,1.0
PPG,2009-10-12 00:00:00+00:00,60.11,60.48,59.69,59.74,815000,23.4572413195,23.6016295958,23.293341114,23.3128530432,1630000,0.0,1.0
PPG,2009-10-13 00:00:00+00:00,60.64,60.71,59.72,59.8,818200,23.6640677694,23.6913844703,23.3050482715,23.3362673583,1636400,0.0,1.0
PPG,2009-10-14 00:00:00+00:00,61.53,61.85,61.06,61.11,1440900,24.0113801096,24.1362564567,23.8279679749,23.8474799041,2881800,0.0,1.0
PPG,2009-10-15 00:00:00+00:00,62.08,62.23,59.85,59.85,2651100,24.2260113312,24.2845471189,23.3557792875,23.3557792875,5302200,0.0,1.0
PPG,2009-10-16 00:00:00+00:00,61.3,61.89,60.73,61.89,1879100,23.9216252352,24.1518660001,23.699189242,24.1518660001,3758200,0.0,1.0
PPG,2009-10-19 00:00:00+00:00,61.97,62.31,61.17,61.17,1077100,24.1830850869,24.3157662056,23.8708942192,23.8708942192,2154200,0.0,1.0
PPG,2009-10-20 00:00:00+00:00,61.21,61.92,60.62,61.92,1011200,23.8865037626,24.1635731576,23.6562629977,24.1635731576,2022400,0.0,1.0
PPG,2009-10-21 00:00:00+00:00,59.67,61.87,59.54,61.21,1579700,23.2855363423,24.1440612284,23.2348053263,23.8865037626,3159400,0.0,1.0
PPG,2009-10-22 00:00:00+00:00,60.68,60.86,58.95,59.67,1259100,23.6796773127,23.749920258,23.0045645614,23.2855363423,2518200,0.0,1.0
PPG,2009-10-23 00:00:00+00:00,59.34,60.97,59.02,60.77,1098400,23.1567576094,23.7928465023,23.0318812623,23.7147987854,2196800,0.0,1.0
PPG,2009-10-26 00:00:00+00:00,58.21,60.14,57.82,59.34,1436900,22.7157880088,23.4689484771,22.5635949608,23.1567576094,2873800,0.0,1.0
PPG,2009-10-27 00:00:00+00:00,59.0,59.47,58.02,58.07,1782600,23.0240764906,23.2074886254,22.6416426777,22.661154607,3565200,0.0,1.0
PPG,2009-10-28 00:00:00+00:00,57.25,59.57,57.13,58.99,2230500,22.3411589676,23.2465124838,22.2943303375,23.0201741048,4461000,0.0,1.0
PPG,2009-10-29 00:00:00+00:00,58.41,58.46,57.55,57.89,2080500,22.7938357257,22.813347655,22.458230543,22.5909116617,4161000,0.0,1.0
PPG,2009-10-30 00:00:00+00:00,56.43,58.2,55.8904,58.2,1626500,22.0211633282,22.711885623,21.810590588,22.711885623,3253000,0.0,1.0
PPG,2009-11-02 00:00:00+00:00,57.49,57.74,56.21,56.74,1930800,22.4348162279,22.5323758741,21.9353108396,22.1421372895,3861600,0.0,1.0
PPG,2009-11-03 00:00:00+00:00,57.98,58.14,56.17,56.99,1301300,22.6260331344,22.6884713079,21.9197012963,22.2396969356,2602600,0.0,1.0
PPG,2009-11-04 00:00:00+00:00,57.66,58.7,57.53,58.53,1112800,22.5011567873,22.9070049153,22.4504257713,22.8406643559,2225600,0.0,1.0
PPG,2009-11-05 00:00:00+00:00,59.19,59.35,57.95,58.15,1016600,23.0982218217,23.1606599952,22.6143259768,22.6923736937,2033200,0.0,1.0
PPG,2009-11-06 00:00:00+00:00,58.8,59.51,58.206,58.61,1064900,23.1567576094,23.4363715193,22.9228270989,23.0819313518,2129800,0.54,1.0
PPG,2009-11-09 00:00:00+00:00,60.87,60.87,59.16,59.27,1078800,23.9719699946,23.9719699946,23.2985336764,23.3418541413,2157600,0.0,1.0
PPG,2009-11-10 00:00:00+00:00,60.97,61.25,60.41,60.71,1081000,24.0113522355,24.1216225098,23.7908116868,23.9089584093,2162000,0.0,1.0
PPG,2009-11-11 00:00:00+00:00,61.18,61.73,60.79,61.49,818200,24.0940549412,24.3106572658,23.940464202,24.2161398878,1636400,0.0,1.0
PPG,2009-11-12 00:00:00+00:00,60.23,61.2,59.81,61.1,1087700,23.7199236533,24.1019313894,23.5545182418,24.0625491485,2175400,0.0,1.0
PPG,2009-11-13 00:00:00+00:00,60.36,60.86,59.76,60.4,966300,23.7711205664,23.9680317705,23.5348271214,23.7868734627,1932600,0.0,1.0
PPG,2009-11-16 00:00:00+00:00,61.43,61.66,60.72,60.72,929000,24.1925105433,24.2830896972,23.9128966334,23.9128966334,1858000,0.0,1.0
PPG,2009-11-17 00:00:00+00:00,61.26,61.5,60.78,61.13,741000,24.1255607339,24.2200781119,23.9365259779,24.0743638208,1482000,0.0,1.0
PPG,2009-11-18 00:00:00+00:00,60.51,61.39,60.08,61.39,1103700,23.8301939276,24.176757647,23.660850292,24.176757647,2207400,0.0,1.0
PPG,2009-11-19 00:00:00+00:00,59.48,60.17,58.91,60.17,1223300,23.4245568471,23.6962943088,23.2000780743,23.6962943088,2446600,0.0,1.0
PPG,2009-11-20 00:00:00+00:00,59.25,59.53,58.67,59.09,1092600,23.3339776931,23.4442479675,23.1055606963,23.2709661078,2185200,0.0,1.0
PPG,2009-11-23 00:00:00+00:00,60.53,61.1498,59.79,59.79,1967800,23.8380703758,24.0821615045,23.5466417936,23.5466417936,3935600,0.0,1.0
PPG,2009-11-24 00:00:00+00:00,59.85,60.85,59.69,60.39,1348000,23.5702711381,23.9640935465,23.5072595528,23.7829352386,2696000,0.0,1.0
PPG,2009-11-25 00:00:00+00:00,60.67,60.97,59.91,60.12,587000,23.893205513,24.0113522355,23.5939004826,23.6766031884,1174000,0.0,1.0
PPG,2009-11-27 00:00:00+00:00,59.33,60.07,58.81,59.24,409000,23.3654834858,23.656912068,23.1606958335,23.3300394691,818000,0.0,1.0
PPG,2009-11-30 00:00:00+00:00,59.43,59.9,58.85,59.33,918200,23.4048657266,23.5899622585,23.1764487298,23.3654834858,1836400,0.0,1.0
PPG,2009-12-01 00:00:00+00:00,59.91,60.37,59.75,60.05,930700,23.5939004826,23.7750587905,23.5308888973,23.6490356198,1861400,0.0,1.0
PPG,2009-12-02 00:00:00+00:00,60.55,61.07,59.68,60.0,1076400,23.845946824,24.0507344763,23.5033213287,23.6293444994,2152800,0.0,1.0
PPG,2009-12-03 00:00:00+00:00,59.59,60.81,59.55,60.76,827400,23.467877312,23.9483406501,23.4521244156,23.9286495297,1654800,0.0,1.0
PPG,2009-12-04 00:00:00+00:00,60.38,60.64,59.7,60.48,2130200,23.7789970145,23.8813908407,23.5111977769,23.8183792554,4260400,0.0,1.0
PPG,2009-12-07 00:00:00+00:00,60.33,60.8092,60.08,60.17,971700,23.7593058941,23.9480255922,23.660850292,23.6962943088,1943400,0.0,1.0
PPG,2009-12-08 00:00:00+00:00,58.84,59.98,58.65,59.87,1177600,23.1725105057,23.6214680512,23.0976842481,23.5781475863,2355200,0.0,1.0
PPG,2009-12-09 00:00:00+00:00,59.44,59.49,58.1501,58.95,1017500,23.4088039507,23.4284950711,22.9008124262,23.2158309706,2035000,0.0,1.0
PPG,2009-12-10 00:00:00+00:00,59.04,60.13,58.72,59.72,1242100,23.2512749874,23.6805414125,23.1252518167,23.5190742251,2484200,0.0,1.0
PPG,2009-12-11 00:00:00+00:00,58.51,59.42,58.03,59.42,1439600,23.042549111,23.4009275026,22.853514355,23.4009275026,2879200,0.0,1.0
PPG,2009-12-14 00:00:00+00:00,59.69,59.76,58.65,58.9,1074800,23.5072595528,23.5348271214,23.0976842481,23.1961398502,2149600,0.0,1.0
PPG,2009-12-15 00:00:00+00:00,58.81,59.98,58.68,59.35,1044100,23.1606958335,23.6214680512,23.1094989204,23.373359934,2088200,0.0,1.0
PPG,2009-12-16 00:00:00+00:00,59.28,59.61,58.96,59.21,874100,23.3457923654,23.4757537601,23.2197691947,23.3182247968,1748200,0.0,1.0
PPG,2009-12-17 00:00:00+00:00,58.31,59.2,58.23,59.2,662200,22.9637846293,23.3142865727,22.9322788367,23.3142865727,1324400,0.0,1.0
PPG,2009-12-18 00:00:00+00:00,57.78,58.9,57.65,58.74,1521800,22.7550587529,23.1961398502,22.7038618398,23.1331282649,3043600,0.0,1.0
PPG,2009-12-21 00:00:00+00:00,58.23,58.6499,57.85,58.08,683000,22.9322788367,23.0976448659,22.7826263215,22.8732054754,1366000,0.0,1.0
PPG,2009-12-22 00:00:00+00:00,58.87,59.07,58.24,58.54,697700,23.184325178,23.2630896596,22.9362170607,23.0543637832,1395400,0.0,1.0
PPG,2009-12-23 00:00:00+00:00,59.3,59.33,58.44,59.14,626300,23.3536688136,23.3654834858,23.0149815424,23.2906572282,1252600,0.0,1.0
PPG,2009-12-24 00:00:00+00:00,59.57,59.74,59.25,59.35,165800,23.4600008638,23.5269506732,23.3339776931,23.373359934,331600,0.0,1.0
PPG,2009-12-28 00:00:00+00:00,59.79,60.16,59.36,59.5,1140500,23.5466417936,23.6923560847,23.3772981581,23.4324332952,2281000,0.0,1.0
PPG,2009-12-29 00:00:00+00:00,59.36,60.0,59.17,59.75,861700,23.3772981581,23.6293444994,23.3024719005,23.5308888973,1723400,0.0,1.0
PPG,2009-12-30 00:00:00+00:00,59.26,59.66,58.75,59.02,703900,23.3379159172,23.4954448806,23.137066489,23.2433985392,1407800,0.0,1.0
PPG,2009-12-31 00:00:00+00:00,58.54,59.45,58.49,59.45,384700,23.0543637832,23.4127421748,23.0346726628,23.4127421748,769400,0.0,1.0
PPG,2010-01-04 00:00:00+00:00,60.6,60.64,58.99,59.3,1206700,23.8656379444,23.8813908407,23.231583867,23.3536688136,2413400,0.0,1.0
PPG,2010-01-05 00:00:00+00:00,60.64,61.14,60.4,60.4,1129300,23.8813908407,24.0783020449,23.7868734627,23.7868734627,2258600,0.0,1.0
PPG,2010-01-06 00:00:00+00:00,61.59,62.0,60.42,60.42,1514400,24.2555221286,24.416989316,23.7947499109,23.7947499109,3028800,0.0,1.0
PPG,2010-01-07 00:00:00+00:00,61.87,61.89,60.89,61.35,1219800,24.3657924029,24.3736688511,23.9798464428,24.1610047506,2439600,0.0,1.0
PPG,2010-01-08 00:00:00+00:00,61.75,61.99,61.27,61.72,1348200,24.3185337139,24.4130510919,24.129498958,24.3067190417,2696400,0.0,1.0
PPG,2010-01-11 00:00:00+00:00,61.68,62.0,61.29,61.88,994400,24.2909661454,24.416989316,24.1373754061,24.369730627,1988800,0.0,1.0
PPG,2010-01-12 00:00:00+00:00,60.83,61.32,60.16,61.01,1114700,23.9562170983,24.1491900784,23.6923560847,24.0271051318,2229400,0.0,1.0
PPG,2010-01-13 00:00:00+00:00,61.47,61.52,60.42,61.18,859200,24.2082634396,24.22795456,23.7947499109,24.0940549412,1718400,0.0,1.0
PPG,2010-01-14 00:00:00+00:00,62.79,63.68,62.43,62.81,2242700,24.7281090186,25.078610962,24.5863329516,24.7359854668,4485400,0.0,1.0
PPG,2010-01-15 00:00:00+00:00,62.05,62.97,61.6607,62.74,1503000,24.4366804364,24.7989970521,24.2833653729,24.7084178982,3006000,0.0,1.0
PPG,2010-01-19 00:00:00+00:00,64.23,64.26,62.02,62.21,1666400,25.2952132866,25.3070279588,24.4248657642,24.4996920218,3332800,0.0,1.0
PPG,2010-01-20 00:00:00+00:00,63.13,64.12,62.27,63.85,2117600,24.8620086374,25.2518928217,24.5233213663,25.1455607714,4235200,0.0,1.0
PPG,2010-01-21 00:00:00+00:00,59.1,62.47,59.0,61.26,5474500,23.2749043319,24.6020858479,23.2355220911,24.1255607339,10949000,0.0,1.0
PPG,2010-01-22 00:00:00+00:00,59.92,60.94,58.91,59.3,2977500,23.5978387067,23.9995375632,23.2000780743,23.3536688136,5955000,0.0,1.0
PPG,2010-01-25 00:00:00+00:00,61.08,61.43,60.54,60.75,1784200,24.0546727004,24.1925105433,23.8420085999,23.9247113056,3568400,0.0,1.0
PPG,2010-01-26 00:00:00+00:00,59.97,61.3,59.85,60.69,1323800,23.6175298271,24.1413136302,23.5702711381,23.9010819611,2647600,0.0,1.0
PPG,2010-01-27 00:00:00+00:00,59.51,59.82,58.39,59.82,1630800,23.4363715193,23.5584564659,22.995290422,23.5584564659,3261600,0.0,1.0
PPG,2010-01-28 00:00:00+00:00,59.01,59.82,57.78,59.82,1497200,23.2394603151,23.5584564659,22.7550587529,23.5584564659,2994400,0.0,1.0
PPG,2010-01-29 00:00:00+00:00,58.68,60.16,58.64,59.36,2003400,23.1094989204,23.6923560847,23.0937460241,23.3772981581,4006800,0.0,1.0
PPG,2010-02-01 00:00:00+00:00,59.52,59.54,58.87,59.27,1364400,23.4403097434,23.4481861916,23.184325178,23.3418541413,2728800,0.0,1.0
PPG,2010-02-02 00:00:00+00:00,59.94,60.5,58.89,59.45,1084200,23.6057151549,23.8262557035,23.1922016261,23.4127421748,2168400,0.0,1.0
PPG,2010-02-03 00:00:00+00:00,59.21,60.35,58.85,59.59,1481800,23.3182247968,23.7671823423,23.1764487298,23.467877312,2963600,0.0,1.0
PPG,2010-02-04 00:00:00+00:00,57.73,58.95,57.55,58.7,1446400,22.7353676325,23.2158309706,22.664479599,23.1173753686,2892800,0.0,1.0
PPG,2010-02-05 00:00:00+00:00,58.34,58.5,56.96,57.64,2170000,22.9755993016,23.0386108869,22.4321243781,22.6999236157,4340000,0.0,1.0
PPG,2010-02-08 00:00:00+00:00,57.68,58.85,57.411,58.36,1537000,22.7156765121,23.1764487298,22.6097382842,22.9834757497,3074000,0.0,1.0
PPG,2010-02-09 00:00:00+00:00,59.16,59.53,57.94,58.37,1532200,23.2985336764,23.4442479675,22.8180703382,22.9874139738,3064400,0.0,1.0
PPG,2010-02-10 00:00:00+00:00,59.75,60.06,58.36,59.1,1790400,23.5308888973,23.6529738439,22.9834757497,23.2749043319,3580800,0.0,1.0
PPG,2010-02-11 00:00:00+00:00,60.23,60.4,59.03,59.58,1437300,23.7199236533,23.7868734627,23.2473367633,23.4639390879,2874600,0.0,1.0
PPG,2010-02-12 00:00:00+00:00,60.36,60.74,59.08,59.44,1475700,23.7711205664,23.9207730815,23.2670278837,23.4088039507,2951400,0.0,1.0
PPG,2010-02-16 00:00:00+00:00,61.42,61.42,60.52,60.99,956500,24.1885723192,24.1885723192,23.8341321517,24.0192286836,1913000,0.0,1.0
PPG,2010-02-17 00:00:00+00:00,61.81,61.95,61.07,61.29,1423800,24.5548271589,24.6104439815,24.2608525254,24.3482503894,2847600,0.54,1.0
PPG,2010-02-18 00:00:00+00:00,62.11,62.26,61.45,61.76,996100,24.6740060644,24.7335955172,24.4118124724,24.534964008,1992200,0.0,1.0
PPG,2010-02-19 00:00:00+00:00,62.48,62.88,61.5,61.78,1006700,24.8209933812,24.9798985885,24.4316756233,24.5429092684,2013400,0.0,1.0
PPG,2010-02-22 00:00:00+00:00,62.07,62.72,61.72,62.54,843400,24.6581155437,24.9163365056,24.5190734873,24.8448291623,1686800,0.0,1.0
PPG,2010-02-23 00:00:00+00:00,61.45,62.0576,61.06,61.91,989300,24.4118124724,24.6531894823,24.2568798952,24.5945534608,1978600,0.0,1.0
PPG,2010-02-24 00:00:00+00:00,62.1,62.48,61.32,61.72,1188400,24.6700334342,24.8209933812,24.36016828,24.5190734873,2376800,0.0,1.0
PPG,2010-02-25 00:00:00+00:00,61.06,61.25,60.53,61.14,1883200,24.2568798952,24.3323598687,24.0463304956,24.2886609367,3766400,0.0,1.0
PPG,2010-02-26 00:00:00+00:00,61.54,61.76,60.86,60.99,1012900,24.447566144,24.534964008,24.1774272916,24.229071484,2025800,0.0,1.0
PPG,2010-03-01 00:00:00+00:00,62.38,62.44,61.25,61.69,1014800,24.7812670794,24.8051028604,24.3323598687,24.5071555967,2029600,0.0,1.0
PPG,2010-03-02 00:00:00+00:00,62.6,62.87,62.11,62.65,1241500,24.8686649434,24.9759259583,24.6740060644,24.8885280943,2483000,0.0,1.0
PPG,2010-03-03 00:00:00+00:00,62.94,63.78,62.55,62.78,1224000,25.0037343696,25.3374353049,24.8488017925,24.9401722867,2448000,0.0,1.0
PPG,2010-03-04 00:00:00+00:00,62.91,63.4,62.5,62.94,1156500,24.991816479,25.186475358,24.8289386415,25.0037343696,2313000,0.0,1.0
PPG,2010-03-05 00:00:00+00:00,63.29,63.5,63.12,63.39,1154600,25.142776426,25.2262016598,25.0752417129,25.1825027278,2309200,0.0,1.0
PPG,2010-03-08 00:00:00+00:00,63.55,63.74,63.18,63.44,934000,25.2460648107,25.3215447842,25.099077494,25.2023658787,1868000,0.0,1.0
PPG,2010-03-09 00:00:00+00:00,62.93,63.56,62.69,63.27,793000,24.9997617394,25.2500374409,24.904418615,25.1348311656,1586000,0.0,1.0
PPG,2010-03-10 00:00:00+00:00,63.7,64.0,62.32,62.98,1357500,25.3056542635,25.4248331689,24.7574312983,25.0196248903,2715000,0.0,1.0
PPG,2010-03-11 00:00:00+00:00,63.29,63.33,62.75,63.33,956500,25.142776426,25.1586669467,24.9282543961,25.1586669467,1913000,0.0,1.0
PPG,2010-03-12 00:00:00+00:00,64.16,64.65,63.63,63.86,1252700,25.4883952519,25.6830541308,25.2778458522,25.3692163464,2505400,0.0,1.0
PPG,2010-03-15 00:00:00+00:00,64.49,64.63,64.04,64.33,862800,25.6194920479,25.6751088704,25.4407236897,25.555929965,1725600,0.0,1.0
PPG,2010-03-16 00:00:00+00:00,64.64,64.77,64.08,64.55,876900,25.6790815006,25.730725693,25.4566142104,25.643327829,1753800,0.0,1.0
PPG,2010-03-17 00:00:00+00:00,65.9,66.08,64.52,64.59,1205700,26.1796329036,26.2511402469,25.6314099384,25.6592183497,2411400,0.0,1.0
PPG,2010-03-18 00:00:00+00:00,64.74,65.73,64.5,65.73,1470600,25.7188078025,26.1120981905,25.6234646781,26.1120981905,2941200,0.0,1.0
PPG,2010-03-19 00:00:00+00:00,64.93,65.38,64.68,64.92,1565000,25.7942877759,25.9730561341,25.6949720214,25.7903151457,3130000,0.0,1.0
PPG,2010-03-22 00:00:00+00:00,65.48,65.59,64.09,64.39,989300,26.012782436,26.056481368,25.4605868406,25.5797657461,1978600,0.0,1.0
PPG,2010-03-23 00:00:00+00:00,66.05,66.09,65.11,65.58,601900,26.2392223564,26.2551128771,25.8657951192,26.0525087378,1203800,0.0,1.0
PPG,2010-03-24 00:00:00+00:00,65.43,65.91,65.0,65.62,904400,25.9929192851,26.1836055338,25.8220961872,26.0683992585,1808800,0.0,1.0
PPG,2010-03-25 00:00:00+00:00,64.69,66.06,64.66,65.81,1053300,25.6989446515,26.2431949866,25.687026761,26.143879232,2106600,0.0,1.0
PPG,2010-03-26 00:00:00+00:00,66.07,66.35,64.86,64.94,1333400,26.2471676167,26.3584012619,25.7664793646,25.7982604061,2666800,0.0,1.0
PPG,2010-03-29 00:00:00+00:00,65.76,66.63,65.47,66.3,904000,26.1240160811,26.469634907,26.0088098058,26.3385381109,1808000,0.0,1.0
PPG,2010-03-30 00:00:00+00:00,66.05,66.4,65.29,65.89,597300,26.2392223564,26.3782644128,25.9373024625,26.1756602735,1194600,0.0,1.0
PPG,2010-03-31 00:00:00+00:00,65.4,66.16,65.24,65.82,1139600,25.9810013945,26.2829212884,25.9174393116,26.1478518622,2279200,0.0,1.0
PPG,2010-04-01 00:00:00+00:00,66.5,66.53,65.97,65.97,746500,26.4179907146,26.4299086052,26.2074413149,26.2074413149,1493000,0.0,1.0
PPG,2010-04-05 00:00:00+00:00,66.92,67.12,66.18,66.63,678800,26.5848411823,26.6642937859,26.2908665488,26.469634907,1357600,0.0,1.0
PPG,2010-04-06 00:00:00+00:00,67.6,67.85,66.84,66.88,1053200,26.8549800347,26.9542957893,26.5530601408,26.5689506615,2106400,0.0,1.0
PPG,2010-04-07 00:00:00+00:00,67.45,68.37,67.19,67.26,1254200,26.795390582,27.1608725588,26.6921021972,26.7199106085,2508400,0.0,1.0
PPG,2010-04-08 00:00:00+00:00,67.93,68.0,66.87,67.23,1487100,26.9860768307,27.013885242,26.5649780314,26.7079927179,2974200,0.0,1.0
PPG,2010-04-09 00:00:00+00:00,68.68,68.68,67.84,68.06,1494200,27.2840240944,27.2840240944,26.9503231591,27.0377210231,2988400,0.0,1.0
PPG,2010-04-12 00:00:00+00:00,68.89,69.03,68.56,68.79,1352600,27.3674493283,27.4230661508,27.2363525322,27.3277230264,2705200,0.0,1.0
PPG,2010-04-13 00:00:00+00:00,69.33,69.47,68.2,68.84,1079100,27.5422450563,27.5978618788,27.0933378457,27.3475861773,2158200,0.0,1.0
PPG,2010-04-14 00:00:00+00:00,69.51,69.56,68.73,69.33,1821500,27.6137523996,27.6336155505,27.3038872453,27.5422450563,3643000,0.0,1.0
PPG,2010-04-15 00:00:00+00:00,69.73,70.0,68.21,69.75,2047700,27.7011502636,27.8084112785,27.0973104758,27.709095524,4095400,0.0,1.0
PPG,2010-04-16 00:00:00+00:00,69.16,70.24,68.64,69.75,1717100,27.4747103432,27.9037544029,27.2681335737,27.709095524,3434200,0.0,1.0
PPG,2010-04-19 00:00:00+00:00,70.2,70.3,68.81,69.11,1646000,27.8878638822,27.927590184,27.3356682868,27.4548471923,3292000,0.0,1.0
PPG,2010-04-20 00:00:00+00:00,70.41,70.78,69.86,70.37,1151100,27.971289116,28.1182764328,27.752794456,27.9553985953,2302200,0.0,1.0
PPG,2010-04-21 00:00:00+00:00,70.49,70.68,69.65,70.08,964200,28.0030701575,28.0785501309,27.6693692221,27.84019232,1928400,0.0,1.0
PPG,2010-04-22 00:00:00+00:00,70.25,70.28,69.36,70.02,1831900,27.9077270331,27.9196449236,27.5541629468,27.8163565389,3663800,0.0,1.0
PPG,2010-04-23 00:00:00+00:00,71.27,71.28,69.76,70.24,1357500,28.3129353117,28.3169079419,27.7130681541,27.9037544029,2715000,0.0,1.0
PPG,2010-04-26 00:00:00+00:00,70.72,71.8075,70.69,71.25,958600,28.0944406517,28.526464184,28.0825227611,28.3049900514,1917200,0.0,1.0
PPG,2010-04-27 00:00:00+00:00,68.96,70.98,68.9,70.81,1495600,27.3952577395,28.1977290364,27.3714219584,28.1301943233,2991200,0.0,1.0
PPG,2010-04-28 00:00:00+00:00,69.92,70.1,68.84,69.31,1285900,27.7766302371,27.8481375804,27.3475861773,27.5342997959,2571800,0.0,1.0
PPG,2010-04-29 00:00:00+00:00,71.24,71.31,70.06,70.47,1294900,28.3010174212,28.3288258325,27.8322470596,27.9951248971,2589800,0.0,1.0
PPG,2010-04-30 00:00:00+00:00,70.37,72.24,70.36,71.44,1617000,27.9553985953,28.6982804394,27.9514259651,28.3804700248,3234000,0.0,1.0
PPG,2010-05-03 00:00:00+00:00,71.28,71.38,70.39,70.82,1456400,28.3169079419,28.3566342437,27.9633438557,28.1341669535,2912800,0.0,1.0
PPG,2010-05-04 00:00:00+00:00,68.47,70.77,67.83,70.42,2017400,27.2005988606,28.1143038026,26.9463505289,27.9752617462,4034800,0.0,1.0
PPG,2010-05-05 00:00:00+00:00,67.47,68.23,66.92,67.93,2214000,26.8033358423,27.1052557362,26.5848411823,26.9860768307,4428000,0.0,1.0
PPG,2010-05-06 00:00:00+00:00,64.75,67.35,60.89,66.63,2422200,25.9373024625,26.978800322,24.3910787172,26.6903855301,4844400,0.54,1.0
PPG,2010-05-07 00:00:00+00:00,63.79,66.0,63.35,64.65,2307900,25.5527494067,26.4380225873,25.3764959228,25.8972448525,4615800,0.0,1.0
PPG,2010-05-10 00:00:00+00:00,67.09,67.23,65.75,66.82,1532100,26.8746505361,26.93073119,26.3378785623,26.7664949891,3064200,0.0,1.0
PPG,2010-05-11 00:00:00+00:00,66.43,67.22,65.905,66.26,1423900,26.6102703102,26.926725429,26.3999678578,26.5421723732,2847800,0.0,1.0
PPG,2010-05-12 00:00:00+00:00,67.64,67.68,66.38,66.81,894200,27.0949673909,27.1109904349,26.5902415052,26.7624892281,1788400,0.0,1.0
PPG,2010-05-13 00:00:00+00:00,66.78,67.95,66.64,67.32,895400,26.7504719451,27.2191459819,26.6943912911,26.966783039,1790800,0.0,1.0
PPG,2010-05-14 00:00:00+00:00,65.09,66.3,64.54,66.1,985500,26.0734983364,26.5581954172,25.8531814815,26.4780801972,1971000,0.0,1.0
PPG,2010-05-17 00:00:00+00:00,66.12,66.89,64.815,65.41,2162300,26.4860917192,26.7945353161,25.963339909,26.2016826884,4324600,0.0,1.0
PPG,2010-05-18 00:00:00+00:00,65.63,68.06,65.59,66.66,1977500,26.2898094303,27.2632093529,26.2737863863,26.7024028131,3955000,0.0,1.0
PPG,2010-05-19 00:00:00+00:00,64.36,65.45,63.29,65.45,2591300,25.7810777836,26.2177057324,25.3524613568,26.2177057324,5182600,0.0,1.0
PPG,2010-05-20 00:00:00+00:00,61.56,63.2,61.56,63.15,3127400,24.6594647041,25.3164095078,24.6594647041,25.2963807028,6254800,0.0,1.0
PPG,2010-05-21 00:00:00+00:00,62.69,62.91,60.11,60.25,2628000,25.1121156969,25.2002424389,24.0786293594,24.1347100134,5256000,0.0,1.0
PPG,2010-05-24 00:00:00+00:00,61.53,62.53,61.52,62.46,2180600,24.6474474211,25.0480235209,24.6434416601,25.0199831939,4361200,0.0,1.0
PPG,2010-05-25 00:00:00+00:00,62.22,62.24,59.01,59.55,1946500,24.92384493,24.931856452,23.6379956496,23.8543067435,3893000,0.0,1.0
PPG,2010-05-26 00:00:00+00:00,61.86,62.83,61.46,62.83,3220400,24.7796375341,25.1681963509,24.6194070941,25.1681963509,6440800,0.0,1.0
PPG,2010-05-27 00:00:00+00:00,65.09,65.09,62.7175,63.26,1895300,26.0734983364,26.0734983364,25.1231315396,25.3404440738,3790600,0.0,1.0
PPG,2010-05-28 00:00:00+00:00,64.07,65.05,63.89,64.89,2078200,25.6649107146,26.0574752924,25.5928070167,25.9933831165,4156400,0.0,1.0
PPG,2010-06-01 00:00:00+00:00,62.54,64.19,62.54,63.35,1544100,25.0520292819,25.7129798466,25.0520292819,25.3764959228,3088200,0.0,1.0
PPG,2010-06-02 00:00:00+00:00,64.73,64.76,62.82,62.88,1695100,25.9292909405,25.9413082235,25.1641905899,25.1882251559,3390200,0.0,1.0
PPG,2010-06-03 00:00:00+00:00,63.96,65.16,63.45,64.8,1738500,25.6208473437,26.1015386634,25.4165535328,25.9573312675,3477000,0.0,1.0
PPG,2010-06-04 00:00:00+00:00,61.79,63.06,61.6,62.19,1823200,24.7515972071,25.2603288538,24.6754877481,24.911827647,3646400,0.0,1.0
PPG,2010-06-07 00:00:00+00:00,60.52,62.45,60.46,61.79,2573000,24.2428655603,25.0159774329,24.2188309943,24.7515972071,5146000,0.0,1.0
PPG,2010-06-08 00:00:00+00:00,62.13,62.32,60.28,60.56,2710200,24.887793081,24.96390254,24.1467272964,24.2588886043,5420400,0.0,1.0
PPG,2010-06-09 00:00:00+00:00,61.91,63.25,61.58,62.65,2723700,24.7996663391,25.3364383128,24.6674762261,25.0960926529,5447400,0.0,1.0
PPG,2010-06-10 00:00:00+00:00,63.32,63.69,62.66,62.88,2379600,25.3644786398,25.5126917967,25.1000984139,25.1882251559,4759200,0.0,1.0
PPG,2010-06-11 00:00:00+00:00,64.78,64.93,62.78,62.78,2296000,25.9493197455,26.0094061605,25.1481675459,25.1481675459,4592000,0.0,1.0
PPG,2010-06-14 00:00:00+00:00,64.07,65.61,64.02,65.32,2047500,25.6649107146,26.2817979083,25.6448819096,26.1656308394,4095000,0.0,1.0
PPG,2010-06-15 00:00:00+00:00,65.58,65.6,64.56,64.77,1073900,26.2697806253,26.2777921473,25.8611930035,25.9453139845,2147800,0.0,1.0
PPG,2010-06-16 00:00:00+00:00,66.54,68.5,66.3,68.5,2981600,26.6543336812,27.4394628368,26.5581954172,27.4394628368,5963200,0.0,1.0
PPG,2010-06-17 00:00:00+00:00,66.16,66.94,64.7,66.91,2227100,26.5021147632,26.8145641211,25.9172736575,26.8025468381,4454200,0.0,1.0
PPG,2010-06-18 00:00:00+00:00,66.66,67.29,66.14,66.14,1743400,26.7024028131,26.954765756,26.4941032412,26.4941032412,3486800,0.0,1.0
PPG,2010-06-21 00:00:00+00:00,66.81,68.28,66.4,67.71,1146200,26.7624892281,27.3513360948,26.5982530272,27.1230077179,2292400,0.0,1.0
PPG,2010-06-22 00:00:00+00:00,65.54,67.27,65.5,66.96,1348700,26.2537575813,26.946754234,26.2377345374,26.8225756431,2697400,0.0,1.0
PPG,2010-06-23 00:00:00+00:00,65.1,65.82,64.32,65.59,1456000,26.0775040974,26.3659188893,25.7650547396,26.2737863863,2912000,0.0,1.0
PPG,2010-06-24 00:00:00+00:00,63.11,64.66,63.0,64.61,1512700,25.2803576588,25.9012506135,25.2362942878,25.8812218085,3025400,0.0,1.0
PPG,2010-06-25 00:00:00+00:00,62.95,63.7,62.37,63.21,2615500,25.2162654828,25.5166975577,24.983931345,25.3204152688,5231000,0.0,1.0
PPG,2010-06-28 00:00:00+00:00,62.89,63.49,62.39,63.22,968700,25.1922309169,25.4325765767,24.991942867,25.3244210298,1937400,0.0,1.0
PPG,2010-06-29 00:00:00+00:00,61.0,61.78,60.63,61.78,1744600,24.4351420882,24.7475914461,24.2869289313,24.7475914461,3489200,0.0,1.0
PPG,2010-06-30 00:00:00+00:00,60.41,62.03,60.23,60.99,1181900,24.1988021893,24.847735471,24.1266984914,24.4311363272,2363800,0.0,1.0
PPG,2010-07-01 00:00:00+00:00,61.05,61.33,59.69,60.21,2383600,24.4551708932,24.5673322012,23.9103873975,24.1186869694,4767200,0.0,1.0
PPG,2010-07-02 00:00:00+00:00,60.57,61.68,59.92,61.21,1159000,24.2628943653,24.7075338361,24.0025199004,24.5192630692,2318000,0.0,1.0
PPG,2010-07-06 00:00:00+00:00,60.56,61.87,59.95,61.25,1551100,24.2588886043,24.7836432951,24.0145371834,24.5352861132,3102200,0.0,1.0
PPG,2010-07-07 00:00:00+00:00,63.07,63.07,60.31,60.42,1588800,25.2643346148,25.2643346148,24.1587445794,24.2028079503,3177600,0.0,1.0
PPG,2010-07-08 00:00:00+00:00,64.25,64.6,63.35,63.96,1735800,25.7370144126,25.8772160475,25.3764959228,25.6208473437,3471600,0.0,1.0
PPG,2010-07-09 00:00:00+00:00,64.62,65.08,63.94,64.13,1084700,25.8852275695,26.0694925754,25.6128358217,25.6889452806,2169400,0.0,1.0
PPG,2010-07-12 00:00:00+00:00,63.78,64.47,63.21,64.43,1675400,25.5487436457,25.8251411546,25.3204152688,25.8091181106,3350800,0.0,1.0
PPG,2010-07-13 00:00:00+00:00,65.33,65.6,64.23,64.33,1705800,26.1696366004,26.2777921473,25.7290028906,25.7690605006,3411600,0.0,1.0
PPG,2010-07-14 00:00:00+00:00,64.52,65.66,63.75,65.02,2095700,25.8451699595,26.3018267133,25.5367263627,26.0454580095,4191400,0.0,1.0
PPG,2010-07-15 00:00:00+00:00,64.6,65.22,63.6,64.51,1442400,25.8772160475,26.1255732294,25.4766399477,25.8411641985,2884800,0.0,1.0
PPG,2010-07-16 00:00:00+00:00,62.46,64.48,62.27,64.32,1689300,25.0199831939,25.8291469156,24.943873735,25.7650547396,3378600,0.0,1.0
PPG,2010-07-19 00:00:00+00:00,62.15,63.14,61.57,62.82,1691200,24.895804603,25.2923749418,24.6634704651,25.1641905899,3382400,0.0,1.0
PPG,2010-07-20 00:00:00+00:00,64.64,64.74,61.47,61.47,2793000,25.8932390915,25.9332967015,24.6234128551,24.6234128551,5586000,0.0,1.0
PPG,2010-07-21 00:00:00+00:00,64.8,65.51,64.23,65.14,2069500,25.9573312675,26.2417402984,25.7290028906,26.0935271414,4139000,0.0,1.0
PPG,2010-07-22 00:00:00+00:00,66.0,66.8,65.01,65.44,1512900,26.4380225873,26.7584834671,26.0414522485,26.2136999714,3025800,0.0,1.0
PPG,2010-07-23 00:00:00+00:00,67.65,67.72,65.82,65.98,1273100,27.0989731519,27.1270134789,26.3659188893,26.4300110653,2546200,0.0,1.0
PPG,2010-07-26 00:00:00+00:00,68.2,68.24,67.33,67.85,1644900,27.3192900068,27.3353130508,26.9707888,27.1790883719,3289800,0.0,1.0
PPG,2010-07-27 00:00:00+00:00,68.8,69.53,68.5,68.83,2537100,27.5596356667,27.8520562196,27.4394628368,27.5716529497,5074200,0.0,1.0
PPG,2010-07-28 00:00:00+00:00,68.84,69.18,68.39,68.39,1229900,27.5756587107,27.7118545846,27.3953994658,27.3953994658,2459800,0.0,1.0
PPG,2010-07-29 00:00:00+00:00,68.82,69.76,67.84,69.18,1327800,27.5676471887,27.9441887225,27.1750826109,27.7118545846,2655600,0.0,1.0
PPG,2010-07-30 00:00:00+00:00,69.47,69.71,67.85,67.9,1286600,27.8280216536,27.9241599175,27.1790883719,27.1991171769,2573200,0.0,1.0
PPG,2010-08-02 00:00:00+00:00,71.12,71.28,69.99,70.11,1272300,28.4889722183,28.5530643942,28.0363212255,28.0843903575,2544600,0.0,1.0
PPG,2010-08-03 00:00:00+00:00,70.02,70.99,69.88,70.42,1249100,28.0483385085,28.4368973253,27.9922578545,28.2085689484,2498200,0.0,1.0
PPG,2010-08-04 00:00:00+00:00,70.88,70.93,70.19,70.28,1052900,28.3928339543,28.4128627593,28.1164364455,28.1524882944,2105800,0.0,1.0
PPG,2010-08-05 00:00:00+00:00,70.25,70.85,69.59,70.54,1535300,28.1404710114,28.3808166713,27.8760907856,28.2566380804,3070600,0.0,1.0
PPG,2010-08-06 00:00:00+00:00,69.55,70.09,68.53,69.38,1337000,28.0803845965,28.2984062741,27.668565872,28.0117481424,2674000,0.55,1.0
PPG,2010-08-09 00:00:00+00:00,69.77,70.1593,69.39,69.81,837600,28.1692082429,28.3263857228,28.0157855809,28.1853579968,1675200,0.0,1.0
PPG,2010-08-10 00:00:00+00:00,69.34,69.81,68.63,69.23,1118700,27.9955983885,28.1853579968,27.7089402567,27.9511865653,2237400,0.0,1.0
PPG,2010-08-11 00:00:00+00:00,67.05,67.93,66.72,67.93,1144300,27.0710249776,27.4263195635,26.9377895079,27.4263195635,2288600,0.0,1.0
PPG,2010-08-12 00:00:00+00:00,66.85,67.01,65.76,65.81,930200,26.9902762081,27.0548752237,26.5501954143,26.5703826067,1860400,0.0,1.0
PPG,2010-08-13 00:00:00+00:00,66.31,66.97,66.27,66.5,722000,26.7722545304,27.0387254698,26.7561047765,26.8489658615,1444000,0.0,1.0
PPG,2010-08-16 00:00:00+00:00,66.51,66.78,65.45,65.84,733500,26.8530032999,26.9620141388,26.4250348216,26.5824949221,1467000,0.0,1.0
PPG,2010-08-17 00:00:00+00:00,67.74,68.25,67.28,67.33,1133300,27.3496082324,27.5555175947,27.1638860626,27.1840732549,2266600,0.0,1.0
PPG,2010-08-18 00:00:00+00:00,67.25,67.72,66.7,67.72,1116700,27.1517737471,27.3415333555,26.929714631,27.3415333555,2233400,0.0,1.0
PPG,2010-08-19 00:00:00+00:00,65.59,66.99,65.04,66.86,1200400,26.4815589602,27.0468003468,26.2594998441,26.9943136466,2400800,0.0,1.0
PPG,2010-08-20 00:00:00+00:00,65.4,65.54,64.72,65.0,1027300,26.4048476292,26.4613717678,26.1303018128,26.2433500902,2054600,0.0,1.0
PPG,2010-08-23 00:00:00+00:00,65.01,66.17,64.95,65.82,614100,26.2473875286,26.7157303918,26.2231628978,26.5744200451,1228200,0.0,1.0
PPG,2010-08-24 00:00:00+00:00,64.21,64.71,64.03,64.32,1329200,25.9243924506,26.1262643744,25.851718558,25.9688042738,2658400,0.0,1.0
PPG,2010-08-25 00:00:00+00:00,65.14,65.4,63.12,63.915,1635000,26.2998742288,26.4048476292,25.4843116568,25.8052880156,3270000,0.0,1.0
PPG,2010-08-26 00:00:00+00:00,65.32,66.44,65.17,65.53,1238000,26.3725481214,26.8247412306,26.3119865442,26.4573343294,2476000,0.0,1.0
PPG,2010-08-27 00:00:00+00:00,67.1,67.11,64.97,65.75,1053800,27.09121217,27.0952496085,26.2312377747,26.5461579758,2107600,0.0,1.0
PPG,2010-08-30 00:00:00+00:00,65.48,66.9,65.47,66.72,1049200,26.437147137,27.0104634005,26.4331096985,26.9377895079,2098400,0.0,1.0
PPG,2010-08-31 00:00:00+00:00,65.83,66.13,64.93,65.24,1368700,26.5784574836,26.6995806379,26.2150880208,26.3402486136,2737400,0.0,1.0
PPG,2010-09-01 00:00:00+00:00,68.16,68.4,66.51,66.83,1163900,27.5191806484,27.6160791718,26.8530032999,26.9822013312,2327800,0.0,1.0
PPG,2010-09-02 00:00:00+00:00,68.92,68.93,68.24,68.4,679800,27.8260259725,27.830063411,27.5514801562,27.6160791718,1359600,0.0,1.0
PPG,2010-09-03 00:00:00+00:00,69.98,70.22,69.46,69.46,1204100,28.2539944509,28.3508929743,28.0440476502,28.0440476502,2408200,0.0,1.0
PPG,2010-09-07 00:00:00+00:00,68.28,69.5701,68.08,69.46,1460100,27.5676299101,28.0884998478,27.4868811406,28.0440476502,2920200,0.0,1.0
PPG,2010-09-08 00:00:00+00:00,69.1,69.47,68.21,68.28,1168000,27.8986998651,28.0480850887,27.5393678408,27.5676299101,2336000,0.0,1.0
PPG,2010-09-09 00:00:00+00:00,69.31,69.97,69.18,69.97,718900,27.9834860731,28.2499570124,27.9309993729,28.2499570124,1437800,0.0,1.0
PPG,2010-09-10 00:00:00+00:00,70.77,71.0,69.52,69.55,1709900,28.5729520905,28.6658131754,28.068272281,28.0803845965,3419800,0.0,1.0
PPG,2010-09-13 00:00:00+00:00,71.64,71.91,71.4019,71.49,1506000,28.9242092378,29.0332200767,28.8280778277,28.8636476607,3012000,0.0,1.0
PPG,2010-09-14 00:00:00+00:00,71.34,71.61,70.95,71.22,1329100,28.8030860836,28.9120969224,28.645625983,28.7546368219,2658200,0.0,1.0
PPG,2010-09-15 00:00:00+00:00,71.63,71.89,70.291,71.11,1171200,28.9201717994,29.0251451997,28.3795587875,28.7102249986,2342400,0.0,1.0
PPG,2010-09-16 00:00:00+00:00,72.23,72.31,71.11,71.27,1496000,29.1624181079,29.1947176157,28.7102249986,28.7748240142,2992000,0.0,1.0
PPG,2010-09-17 00:00:00+00:00,72.05,72.7288,71.68,72.29,1246000,29.0897442153,29.363805539,28.9403589917,29.1866427387,2492000,0.0,1.0
PPG,2010-09-20 00:00:00+00:00,72.66,72.93,72.0,72.38,1346800,29.3360279623,29.4450388012,29.0695570229,29.222979685,2693600,0.0,1.0
PPG,2010-09-21 00:00:00+00:00,72.19,72.74,71.63,72.43,1739600,29.146268354,29.3683274701,28.9201717994,29.2431668774,3479200,0.0,1.0
PPG,2010-09-22 00:00:00+00:00,72.08,72.91,72.07,72.07,1444300,29.1018565307,29.4369639242,29.0978190923,29.0978190923,2888600,0.0,1.0
PPG,2010-09-23 00:00:00+00:00,71.45,72.32,71.11,71.61,1048600,28.8474979068,29.1987550542,28.7102249986,28.9120969224,2097200,0.0,1.0
PPG,2010-09-24 00:00:00+00:00,72.92,73.18,72.07,72.51,991500,29.4410013627,29.545974763,29.0978190923,29.2754663852,1983000,0.0,1.0
PPG,2010-09-27 00:00:00+00:00,72.78,73.2,72.58,72.93,668900,29.384477224,29.55404964,29.3037284545,29.4450388012,1337800,0.0,1.0
PPG,2010-09-28 00:00:00+00:00,73.14,73.32,71.64,73.05,1296800,29.5298250091,29.6024989017,28.9242092378,29.4934880629,2593600,0.0,1.0
PPG,2010-09-29 00:00:00+00:00,72.9,73.5,72.53,72.76,1364400,29.4329264857,29.6751727943,29.2835412621,29.3764023471,2728800,0.0,1.0
PPG,2010-09-30 00:00:00+00:00,72.8,73.99,72.33,73.5,1811600,29.392552101,29.8730072796,29.2027924926,29.6751727943,3623200,0.0,1.0
PPG,2010-10-01 00:00:00+00:00,73.09,73.5,72.68,73.5,607600,29.5096378168,29.6751727943,29.3441028393,29.6751727943,1215200,0.0,1.0
PPG,2010-10-04 00:00:00+00:00,72.24,73.07,72.1,72.76,1296900,29.1664555464,29.5015629398,29.1099314077,29.3764023471,2593800,0.0,1.0
PPG,2010-10-05 00:00:00+00:00,74.0,74.3499,72.76,72.93,1408300,29.877044718,30.0183146903,29.3764023471,29.4450388012,2816600,0.0,1.0
PPG,2010-10-06 00:00:00+00:00,74.76,74.96,73.76,73.76,1240000,30.1838900422,30.2646388117,29.7801461946,29.7801461946,2480000,0.0,1.0
PPG,2010-10-07 00:00:00+00:00,74.55,75.0,73.92,75.0,932700,30.0991038342,30.2807885656,29.8447452102,30.2807885656,1865400,0.0,1.0
PPG,2010-10-08 00:00:00+00:00,75.21,75.45,74.4601,74.51,764700,30.3655747736,30.462473297,30.0628072623,30.0829540803,1529400,0.0,1.0
PPG,2010-10-11 00:00:00+00:00,75.0,75.59,74.73,75.37,766600,30.2807885656,30.5189974356,30.1717777267,30.4301737892,1533200,0.0,1.0
PPG,2010-10-12 00:00:00+00:00,75.5,75.65,74.26,74.62,1063400,30.4826604893,30.5432220665,29.9820181184,30.1273659035,2126800,0.0,1.0
PPG,2010-10-13 00:00:00+00:00,76.24,76.62,75.85,75.85,1074400,30.7814309365,30.9348535986,30.623970836,30.623970836,2148800,0.0,1.0
PPG,2010-10-14 00:00:00+00:00,76.33,76.55,75.87,76.19,1490700,30.8177678828,30.9065915293,30.6320457129,30.7612437441,2981400,0.0,1.0
PPG,2010-10-15 00:00:00+00:00,76.77,77.34,75.83,77.04,1527100,30.9954151757,31.2255491688,30.615895959,31.1044260146,3054200,0.0,1.0
PPG,2010-10-18 00:00:00+00:00,76.88,77.07,76.39,76.85,982100,31.0398269989,31.11653833,30.8419925136,31.0277146835,1964200,0.0,1.0
PPG,2010-10-19 00:00:00+00:00,75.77,76.79,75.26,75.81,1303300,30.5916713282,31.0034900527,30.3857619659,30.6078210821,2606600,0.0,1.0
PPG,2010-10-20 00:00:00+00:00,77.46,77.95,75.4,75.93,1264000,31.2739984305,31.4718329158,30.4422861046,30.6562703438,2528000,0.0,1.0
PPG,2010-10-21 00:00:00+00:00,76.67,77.37,75.95,76.49,1669200,30.955040791,31.2376614842,30.6643452207,30.8823668984,3338400,0.0,1.0
PPG,2010-10-22 00:00:00+00:00,76.43,77.38,76.25,77.38,1102300,30.8581422676,31.2416989227,30.785468375,31.2416989227,2204600,0.0,1.0
PPG,2010-10-25 00:00:00+00:00,77.33,78.0,76.62,76.9,1173300,31.2215117303,31.4920201082,30.9348535986,31.0479018759,2346600,0.0,1.0
PPG,2010-10-26 00:00:00+00:00,77.3,77.68,76.26,76.71,1263600,31.2093994149,31.362822077,30.7895058135,30.9711905449,2527200,0.0,1.0
PPG,2010-10-27 00:00:00+00:00,76.77,76.88,75.84,76.3,1004100,30.9954151757,31.0398269989,30.6199333975,30.8056555674,2008200,0.0,1.0
PPG,2010-10-28 00:00:00+00:00,76.6,77.6,76.1,77.22,940100,30.9267787216,31.3305225692,30.7249067979,31.1770999071,1880200,0.0,1.0
PPG,2010-10-29 00:00:00+00:00,76.7,77.16,76.1,76.27,1022500,30.9671531064,31.1528752763,30.7249067979,30.7935432519,2045000,0.0,1.0
PPG,2010-11-01 00:00:00+00:00,76.67,77.86,76.25,77.12,1436300,30.955040791,31.4354959695,30.785468375,31.1367255224,2872600,0.0,1.0
PPG,2010-11-02 00:00:00+00:00,77.64,78.14,77.29,77.29,969900,31.3466723231,31.5485442468,31.2053619764,31.2053619764,1939800,0.0,1.0
PPG,2010-11-03 00:00:00+00:00,77.89,78.22,76.9,77.69,1191200,31.447608285,31.5808437546,31.0479018759,31.3668595155,2382400,0.0,1.0
PPG,2010-11-04 00:00:00+00:00,79.13,79.41,78.53,78.69,1175800,31.9482506559,32.0612989332,31.7060043474,31.770603363,2351600,0.0,1.0
PPG,2010-11-05 00:00:00+00:00,79.67,79.84,78.66,79.06,1273900,32.1662723336,32.2349087877,31.7584910476,31.9199885866,2547800,0.0,1.0
PPG,2010-11-08 00:00:00+00:00,79.09,79.37,78.66,78.96,1073700,32.1541600182,32.2679944448,31.9793428629,32.1013083201,2147400,0.55,1.0
PPG,2010-11-09 00:00:00+00:00,78.26,79.42,77.94,79.2,869700,31.8167222534,32.288322021,31.6866257658,32.1988806858,1739400,0.0,1.0
PPG,2010-11-10 00:00:00+00:00,78.02,78.33,77.12,78.13,1472400,31.7191498877,31.8451808601,31.3532535163,31.7638705553,2944800,0.0,1.0
PPG,2010-11-11 00:00:00+00:00,78.11,78.48,77.14,77.37,1093800,31.7557395248,31.9061635886,31.3613845467,31.4548913972,2187600,0.0,1.0
PPG,2010-11-12 00:00:00+00:00,76.78,77.8,76.4,77.11,1010700,31.2150259982,31.6297085524,31.0605364191,31.349188001,2021400,0.0,1.0
PPG,2010-11-15 00:00:00+00:00,76.86,77.87,76.72,76.91,1150200,31.2475501201,31.6581671591,31.1906329067,31.2678776963,2300400,0.0,1.0
PPG,2010-11-16 00:00:00+00:00,75.58,76.38,75.02,76.29,1544200,30.7271641696,31.0524053886,30.4994953162,31.0158157515,3088400,0.0,1.0
PPG,2010-11-17 00:00:00+00:00,76.08,76.64,75.35,75.68,1128800,30.9304399315,31.1581087848,30.6336573191,30.767819322,2257600,0.0,1.0
PPG,2010-11-18 00:00:00+00:00,77.55,78.02,77.0042,77.12,989000,31.5280706715,31.7191498877,31.3061748498,31.3532535163,1978000,0.0,1.0
PPG,2010-11-19 00:00:00+00:00,77.38,77.74,76.91,77.41,944800,31.4589569124,31.605315461,31.2678776963,31.4711534582,1889600,0.0,1.0
PPG,2010-11-22 00:00:00+00:00,77.35,77.56,76.01,76.93,746700,31.4467603667,31.5321361867,30.9019813248,31.2760087267,1493400,0.0,1.0
PPG,2010-11-23 00:00:00+00:00,75.92,76.4181,75.349,76.3,861600,30.8653916877,31.0678950017,30.6332507676,31.0198812667,1723200,0.0,1.0
PPG,2010-11-24 00:00:00+00:00,77.79,77.82,76.41,76.41,761600,31.6256430372,31.6378395829,31.0646019343,31.0646019343,1523200,0.0,1.0
PPG,2010-11-26 00:00:00+00:00,77.63,78.0,76.87,76.97,615800,31.5605947934,31.7110188572,31.2516156353,31.2922707877,1231600,0.0,1.0
PPG,2010-11-29 00:00:00+00:00,77.8,77.95,76.21,77.0,1277800,31.6297085524,31.690691281,30.9832916296,31.3044673334,2555600,0.0,1.0
PPG,2010-11-30 00:00:00+00:00,77.96,78.5,76.75,77.02,2089900,31.6947567963,31.9142946191,31.2028294524,31.3125983639,4179800,0.0,1.0
PPG,2010-12-01 00:00:00+00:00,79.86,79.95,78.99,79.12,1161300,32.4672046915,32.5037943286,32.1135048658,32.1663565639,2322600,0.0,1.0
PPG,2010-12-02 00:00:00+00:00,80.19,80.29,79.52,79.77,1259500,32.6013666943,32.6420218467,32.3289771734,32.4306150543,2519000,0.0,1.0
PPG,2010-12-03 00:00:00+00:00,80.8,80.99,79.68,79.82,1007900,32.8493631239,32.9266079134,32.3940254172,32.4509426305,2015800,0.0,1.0
PPG,2010-12-06 00:00:00+00:00,79.95,80.5,79.78,80.43,950000,32.5037943286,32.7273976667,32.4346805696,32.6989390601,1900000,0.0,1.0
PPG,2010-12-07 00:00:00+00:00,80.45,80.99,80.32,80.77,1198800,32.7070700905,32.9266079134,32.6542183924,32.8371665782,2397600,0.0,1.0
PPG,2010-12-08 00:00:00+00:00,79.84,80.8,79.6,80.4,1006800,32.459073661,32.8493631239,32.3615012953,32.6867425143,2013600,0.0,1.0
PPG,2010-12-09 00:00:00+00:00,80.05,80.24,79.52,80.24,885600,32.544449481,32.6216942705,32.3289771734,32.6216942705,1771200,0.0,1.0
PPG,2010-12-10 00:00:00+00:00,80.9,80.92,80.18,80.43,976900,32.8900182763,32.8981493067,32.5973011791,32.6989390601,1953800,0.0,1.0
PPG,2010-12-13 00:00:00+00:00,80.46,81.3,80.46,80.98,1219100,32.7111356058,33.0526388858,32.7111356058,32.9225423982,2438200,0.0,1.0
PPG,2010-12-14 00:00:00+00:00,81.33,81.6,80.48,80.7,1045100,33.0648354315,33.1746043429,32.7192666363,32.8087079715,2090200,0.0,1.0
PPG,2010-12-15 00:00:00+00:00,82.1,82.59,81.15,81.15,1387300,33.3778801048,33.5770903515,32.9916561572,32.9916561572,2774600,0.0,1.0
PPG,2010-12-16 00:00:00+00:00,81.46,81.99,81.02,81.99,1759900,33.1176871296,33.3331594372,32.9388044591,33.3331594372,3519800,0.0,1.0
PPG,2010-12-17 00:00:00+00:00,82.01,82.16,81.03,81.64,2307200,33.3412904677,33.4022731963,32.9428699743,33.1908664039,4614400,0.0,1.0
PPG,2010-12-20 00:00:00+00:00,82.36,82.49,81.77,81.95,884300,33.483583501,33.5364351991,33.243718102,33.3168973763,1768600,0.0,1.0
PPG,2010-12-21 00:00:00+00:00,82.48,82.95,82.39,82.5,985000,33.5323696839,33.7234489001,33.4957800467,33.5405007144,1970000,0.0,1.0
PPG,2010-12-22 00:00:00+00:00,82.64,82.85,82.23,82.73,502900,33.5974179277,33.6827937477,33.4307318029,33.6340075648,1005800,0.0,1.0
PPG,2010-12-23 00:00:00+00:00,82.8,83.0,82.4444,82.6,484700,33.6624661715,33.7437764763,33.5178964496,33.5811558667,969400,0.0,1.0
PPG,2010-12-27 00:00:00+00:00,83.02,83.2,82.3,82.42,524400,33.7519075067,33.825086781,33.4591904096,33.5079765924,1048800,0.0,1.0
PPG,2010-12-28 00:00:00+00:00,83.85,84.06,82.93,82.95,967100,34.0893452715,34.1747210915,33.7153178696,33.7234489001,1934200,0.0,1.0
PPG,2010-12-29 00:00:00+00:00,84.21,84.461,83.85,83.85,725800,34.2357038201,34.3377482525,34.0893452715,34.0893452715,1451600,0.0,1.0
PPG,2010-12-30 00:00:00+00:00,83.85,84.278,83.58,83.95,788400,34.0893452715,34.2633493237,33.9795763601,34.1300004239,1576800,0.0,1.0
PPG,2010-12-31 00:00:00+00:00,84.07,84.59,83.69,83.86,754300,34.1787866067,34.3901933991,34.0242970277,34.0934107867,1508600,0.0,1.0
PPG,2011-01-03 00:00:00+00:00,84.69,85.0481,84.31,84.51,931200,34.4308485515,34.5764346522,34.2763589724,34.3576692772,1862400,0.0,1.0
PPG,2011-01-04 00:00:00+00:00,83.43,84.69,82.89,84.65,1171200,33.9185936315,34.4308485515,33.6990558086,34.4145864905,2342400,0.0,1.0
PPG,2011-01-05 00:00:00+00:00,83.9,84.12,83.03,83.28,1240000,34.1096728477,34.1991141829,33.755973022,33.8576109029,2480000,0.0,1.0
PPG,2011-01-06 00:00:00+00:00,83.6,83.988,83.34,83.86,1321200,33.9877073905,34.1454493818,33.8820039944,34.0934107867,2642400,0.0,1.0
PPG,2011-01-07 00:00:00+00:00,82.32,83.54,81.8,83.06,1658100,33.4673214401,33.9633142991,33.2559146477,33.7681695677,3316200,0.0,1.0
PPG,2011-01-10 00:00:00+00:00,82.58,82.88,81.11,82.08,1536200,33.5730248363,33.6949902934,32.9753940963,33.3697490744,3072400,0.0,1.0
PPG,2011-01-11 00:00:00+00:00,82.03,82.99,81.9,82.63,1195900,33.3494214982,33.739710961,33.2965698001,33.5933524124,2391800,0.0,1.0
PPG,2011-01-12 00:00:00+00:00,83.01,83.17,82.41,82.56,821500,33.7478419915,33.8128902353,33.5039110772,33.5648938058,1643000,0.0,1.0
PPG,2011-01-13 00:00:00+00:00,82.54,83.08,82.38,82.8,663100,33.5567627753,33.7763005982,33.4917145315,33.6624661715,1326200,0.0,1.0
PPG,2011-01-14 00:00:00+00:00,83.14,83.32,82.23,82.73,859600,33.8006936896,33.8738729639,33.4307318029,33.6340075648,1719200,0.0,1.0
PPG,2011-01-18 00:00:00+00:00,83.19,83.56,83.03,83.295,1066700,33.8210212658,33.9714453296,33.755973022,33.8637091758,2133400,0.0,1.0
PPG,2011-01-19 00:00:00+00:00,82.79,83.41,82.11,83.24,1716600,33.6584006563,33.910462601,33.3819456201,33.841348842,3433200,0.0,1.0
PPG,2011-01-20 00:00:00+00:00,81.36,81.9,78.75,80.49,3039400,33.0770319772,33.2965698001,32.0159325001,32.7233321515,6078800,0.0,1.0
PPG,2011-01-21 00:00:00+00:00,82.15,82.93,81.81,82.08,1782500,33.398207681,33.7153178696,33.2599801629,33.3697490744,3565000,0.0,1.0
PPG,2011-01-24 00:00:00+00:00,83.31,83.34,82.08,82.25,1545500,33.8698074486,33.8820039944,33.3697490744,33.4388628334,3091000,0.0,1.0
PPG,2011-01-25 00:00:00+00:00,83.58,83.96,82.75,83.13,1167900,33.9795763601,34.1340659391,33.6421385953,33.7966281744,2335800,0.0,1.0
PPG,2011-01-26 00:00:00+00:00,84.79,85.44,83.72,84.0,1432100,34.4715037039,34.7357621944,34.0364935734,34.1503280001,2864200,0.0,1.0
PPG,2011-01-27 00:00:00+00:00,83.92,84.52,83.46,84.0,1259900,34.1178038782,34.3617347924,33.9307901772,34.1503280001,2519800,0.0,1.0
PPG,2011-01-28 00:00:00+00:00,83.23,85.35,82.95,84.22,2213000,33.8372833267,34.6991725572,33.7234489001,34.2397693353,4426000,0.0,1.0
PPG,2011-01-31 00:00:00+00:00,84.28,85.0,83.34,83.43,2145900,34.2641624267,34.5568795239,33.8820039944,33.9185936315,4291800,0.0,1.0
PPG,2011-02-01 00:00:00+00:00,86.01,86.22,84.76,84.76,1592700,34.9674965629,35.0528723829,34.4593071582,34.4593071582,3185400,0.0,1.0
PPG,2011-02-02 00:00:00+00:00,85.15,85.81,84.92,85.64,827300,34.6178622524,34.8861862582,34.524355402,34.8170724991,1654600,0.0,1.0
PPG,2011-02-03 00:00:00+00:00,85.6,85.88,84.42,85.05,904600,34.8008104382,34.9146448648,34.3210796401,34.5772071001,1809200,0.0,1.0
PPG,2011-02-04 00:00:00+00:00,85.85,86.04,84.95,85.61,656800,34.9024483191,34.9796931086,34.5365519477,34.8048759534,1313600,0.0,1.0
PPG,2011-02-07 00:00:00+00:00,86.09,86.88,85.87,86.07,1542400,35.0000206848,35.3211963886,34.9105793496,34.9918896544,3084800,0.0,1.0
PPG,2011-02-08 00:00:00+00:00,86.73,86.9,86.03,86.08,916400,35.2602136601,35.3293274191,34.9756275934,34.9959551696,1832800,0.0,1.0
PPG,2011-02-09 00:00:00+00:00,86.49,86.65,85.65,86.29,834500,35.1626412944,35.2276895382,34.8211380144,35.0813309896,1669000,0.0,1.0
PPG,2011-02-10 00:00:00+00:00,87.52,87.8,85.82,86.07,1041100,35.5813893639,35.6952237905,34.8902517734,34.9918896544,2082200,0.0,1.0
PPG,2011-02-11 00:00:00+00:00,88.38,88.69,87.02,87.11,1015700,35.9310236744,36.0570546467,35.378113602,35.4147032391,2031400,0.0,1.0
PPG,2011-02-14 00:00:00+00:00,88.49,88.86,88.25,88.39,1020400,35.975744342,36.1261684058,35.8781719763,35.9350891896,2040800,0.0,1.0
PPG,2011-02-15 00:00:00+00:00,88.35,88.875,88.0,88.26,1288500,35.9188271286,36.1322666786,35.7765340953,35.8822374915,2577000,0.0,1.0
PPG,2011-02-16 00:00:00+00:00,88.7,89.0199,88.12,88.17,1173200,36.2847235001,36.4155857667,36.0474614975,36.0679151184,2346400,0.55,1.0
PPG,2011-02-17 00:00:00+00:00,89.45,89.6,88.35,88.58,838400,36.5915278138,36.6528886765,36.1415481537,36.2356348099,1676800,0.0,1.0
PPG,2011-02-18 00:00:00+00:00,90.14,90.34,89.12,89.93,1342300,36.8737877824,36.955602266,36.4565339157,36.7878825745,2684600,0.0,1.0
PPG,2011-02-22 00:00:00+00:00,87.06,89.14,86.95,88.74,1368400,35.6138447341,36.4647153641,35.5688467681,36.3010863968,2736800,0.0,1.0
PPG,2011-02-23 00:00:00+00:00,86.55,87.7,85.15,87.08,1739900,35.4052178008,35.8756510818,34.8325164152,35.6220261825,3479800,0.0,1.0
PPG,2011-02-24 00:00:00+00:00,85.95,87.26,84.685,86.41,1298400,35.1597743498,35.6956592178,34.6422977407,35.3479476622,2596800,0.0,1.0
PPG,2011-02-25 00:00:00+00:00,87.43,87.75,86.3,86.73,1382100,35.7652015289,35.8961047027,35.3029496962,35.4788508361,2764200,0.0,1.0
PPG,2011-02-28 00:00:00+00:00,88.38,88.73,87.55,87.58,1337700,36.1538203262,36.2969956726,35.8142902191,35.8265623916,2675400,0.0,1.0
PPG,2011-03-01 00:00:00+00:00,87.74,89.16,87.65,88.87,1859300,35.8920139785,36.4728968125,35.8551974609,36.3542658112,3718600,0.0,1.0
PPG,2011-03-02 00:00:00+00:00,88.01,88.68,87.4,87.41,1558600,36.0024635315,36.2765420517,35.7529293563,35.7570200805,3117200,0.0,1.0
PPG,2011-03-03 00:00:00+00:00,89.74,89.82,88.89,88.91,1041800,36.7101588151,36.7428846085,36.3624472595,36.3706287079,2083600,0.0,1.0
PPG,2011-03-04 00:00:00+00:00,88.57,89.81,87.9,89.49,1108800,36.2315440857,36.7387938843,35.9574655655,36.6078907105,2217600,0.0,1.0
PPG,2011-03-07 00:00:00+00:00,87.52,89.64,86.8604,88.93,1455000,35.8020180465,36.6692515732,35.5321938794,36.3788101563,2910000,0.0,1.0
PPG,2011-03-08 00:00:00+00:00,88.83,89.15,87.19,87.86,806700,36.3379029144,36.4688060883,35.6670241485,35.9411026687,1613400,0.0,1.0
PPG,2011-03-09 00:00:00+00:00,88.05,88.81,87.36,88.51,861800,36.0188264282,36.3297214661,35.7365664596,36.2069997406,1723600,0.0,1.0
PPG,2011-03-10 00:00:00+00:00,86.45,87.3,86.0,87.21,1358600,35.364310559,35.7120221145,35.1802279708,35.6752055969,2717200,0.0,1.0
PPG,2011-03-11 00:00:00+00:00,87.5,88.0,85.95,86.03,1202400,35.7938365982,35.9983728073,35.1597743498,35.1925001433,2404800,0.0,1.0
PPG,2011-03-14 00:00:00+00:00,87.84,88.18,86.75,87.25,903700,35.9329212204,36.0720058426,35.4870322845,35.6915684936,1807400,0.0,1.0
PPG,2011-03-15 00:00:00+00:00,86.8,87.44,85.0108,85.29,1494900,35.5074859054,35.7692922531,34.7755735346,34.8897865538,2989800,0.0,1.0
PPG,2011-03-16 00:00:00+00:00,85.52,87.05,84.69,86.37,1806500,34.98387321,35.6097540099,34.6443431028,35.3315847655,3613000,0.0,1.0
PPG,2011-03-17 00:00:00+00:00,87.16,88.7,86.77,87.02,2055500,35.6547519759,36.2847235001,35.4952137328,35.5974818374,4111000,0.0,1.0
PPG,2011-03-18 00:00:00+00:00,87.46,88.96,87.4,88.57,2021000,35.7774737014,36.3910823288,35.7529293563,36.2315440857,4042000,0.0,1.0
PPG,2011-03-21 00:00:00+00:00,88.56,88.954,88.21,88.87,1423600,36.2274533615,36.3886278943,36.0842780151,36.3542658112,2847200,0.0,1.0
PPG,2011-03-22 00:00:00+00:00,88.09,88.97,87.96,88.95,1031000,36.0351893249,36.395173053,35.9820099106,36.3869916046,2062000,0.0,1.0
PPG,2011-03-23 00:00:00+00:00,88.28,88.6,87.0,87.77,955700,36.1129130844,36.2438162582,35.589300389,35.9042861511,1911400,0.0,1.0
PPG,2011-03-24 00:00:00+00:00,88.68,88.983,87.91,88.78,633600,36.2765420517,36.4004909944,35.9615562896,36.3174492935,1267200,0.0,1.0
PPG,2011-03-25 00:00:00+00:00,89.44,90.0,88.78,89.0,943100,36.5874370896,36.8165176438,36.3174492935,36.4074452255,1886200,0.0,1.0
PPG,2011-03-28 00:00:00+00:00,89.38,89.99,89.27,89.84,993700,36.5628927445,36.8124269196,36.5178947785,36.7510660569,1987400,0.0,1.0
PPG,2011-03-29 00:00:00+00:00,90.59,90.64,89.01,89.39,1325400,37.0578703706,37.0783239915,36.4115359497,36.5669834687,2650800,0.0,1.0
PPG,2011-03-30 00:00:00+00:00,95.93,96.56,93.7,94.44,4751800,39.2423170841,39.5000327076,38.3300855914,38.6327991809,9503600,0.0,1.0
PPG,2011-03-31 00:00:00+00:00,95.21,95.95,95.13,95.54,1910500,38.947784943,39.2504985325,38.9150591495,39.082778841,3821000,0.0,1.0
PPG,2011-04-01 00:00:00+00:00,95.1,96.55,94.65,95.53,1585800,38.902786977,39.4959419834,38.7187043887,39.0786881168,3171600,0.0,1.0
PPG,2011-04-04 00:00:00+00:00,96.49,96.76,95.18,95.2,1445600,39.4713976384,39.5818471913,38.9355127704,38.9436942188,2891200,0.0,1.0
PPG,2011-04-05 00:00:00+00:00,96.35,97.81,95.47,96.16,1317600,39.4141274998,40.0113732305,39.0541437717,39.3364037403,2635200,0.0,1.0
PPG,2011-04-06 00:00:00+00:00,96.41,97.15,96.21,96.85,1117300,39.4386718449,39.7413854344,39.3568573612,39.6186637089,2234600,0.0,1.0
PPG,2011-04-07 00:00:00+00:00,96.07,96.97,95.55,96.39,999000,39.2995872227,39.6677523991,39.0868695652,39.4304903965,1998000,0.0,1.0
PPG,2011-04-08 00:00:00+00:00,95.34,96.701,94.57,96.4,898800,39.0009643573,39.5577119186,38.6859785953,39.4345811207,1797600,0.0,1.0
PPG,2011-04-11 00:00:00+00:00,94.94,96.0,94.5,95.47,785300,38.83733539,39.2709521534,38.657343526,39.0541437717,1570600,0.0,1.0
PPG,2011-04-12 00:00:00+00:00,93.76,94.74,93.47,94.13,965600,38.3546299365,38.7555209064,38.2359989352,38.5059867312,1931200,0.0,1.0
PPG,2011-04-13 00:00:00+00:00,92.27,94.43,91.6,94.29,1754300,37.7451120333,38.6287084567,37.471033513,38.5714383182,3508600,0.0,1.0
PPG,2011-04-14 00:00:00+00:00,92.49,92.88,91.71,92.0,1277100,37.8351079653,37.9946462084,37.516031479,37.6346624803,2554200,0.0,1.0
PPG,2011-04-15 00:00:00+00:00,92.65,93.02,91.8406,92.77,1735200,37.9005595522,38.051916347,37.5694563369,37.9496482424,3470400,0.0,1.0
PPG,2011-04-18 00:00:00+00:00,91.39,91.71,90.144,91.44,1333200,37.3851283052,37.516031479,36.875424072,37.4055819261,2666400,0.0,1.0
PPG,2011-04-19 00:00:00+00:00,93.14,93.19,91.3901,91.51,1121200,38.1010050372,38.1214586581,37.3851692124,37.4342169954,2242400,0.0,1.0
PPG,2011-04-20 00:00:00+00:00,94.54,94.96,93.59,94.45,1607400,38.6737064227,38.8455168384,38.2850876254,38.6368899051,3214800,0.0,1.0
PPG,2011-04-21 00:00:00+00:00,94.64,95.73,93.92,94.61,1075800,38.7146136646,39.1605026005,38.4200815234,38.702341492,2151600,0.0,1.0
PPG,2011-04-25 00:00:00+00:00,93.43,95.0,93.2,94.88,794600,38.2196360385,38.8618797351,38.1255493823,38.8127910449,1589200,0.0,1.0
PPG,2011-04-26 00:00:00+00:00,93.97,94.68,93.56,94.08,811100,38.4405351443,38.7309765613,38.2728154528,38.4855331103,1622200,0.0,1.0
PPG,2011-04-27 00:00:00+00:00,93.6,94.29,92.43,94.2,1118600,38.2891783496,38.5714383182,37.8105636202,38.5346218005,2237200,0.0,1.0
PPG,2011-04-28 00:00:00+00:00,94.14,94.31,93.46,93.56,634900,38.5100774554,38.5796197665,38.231908211,38.2728154528,1269800,0.0,1.0
PPG,2011-04-29 00:00:00+00:00,94.67,94.73,93.74,94.59,1100000,38.7268858371,38.7514301822,38.3464484881,38.6941600436,2200000,0.0,1.0
PPG,2011-05-02 00:00:00+00:00,94.13,95.49,94.01,95.0,765600,38.5059867312,39.0623252201,38.4568980411,38.8618797351,1531200,0.0,1.0
PPG,2011-05-03 00:00:00+00:00,92.1,94.4,91.34,94.24,1276200,37.6755697222,38.6164362842,37.3646746843,38.5509846973,2552400,0.0,1.0
PPG,2011-05-04 00:00:00+00:00,90.39,92.49,89.786,92.03,1158500,36.9760558869,37.8351079653,36.7289761463,37.6469346529,2317000,0.0,1.0
PPG,2011-05-05 00:00:00+00:00,90.24,91.36,89.78,89.97,1180800,36.9146950242,37.3728561327,36.7265217118,36.8042454713,2361600,0.0,1.0
PPG,2011-05-06 00:00:00+00:00,90.39,91.91,89.94,91.09,1456000,37.2092271653,37.8349382539,37.023983751,37.4973835877,2912000,0.57,1.0
PPG,2011-05-09 00:00:00+00:00,91.28,91.62,90.26,90.51,754600,37.5755974738,37.7155591646,37.1557124012,37.2586254092,1509200,0.0,1.0
PPG,2011-05-10 00:00:00+00:00,91.78,92.31,91.3,91.72,783300,37.7814234897,37.9995990666,37.5838305144,37.7567243678,1566600,0.0,1.0
PPG,2011-05-11 00:00:00+00:00,89.99,91.8,89.58,91.78,1167000,37.0445663526,37.7896565304,36.8757890195,37.7814234897,2334000,0.0,1.0
PPG,2011-05-12 00:00:00+00:00,89.71,90.0399,88.53,89.95,1147900,36.9293037836,37.065107789,36.443554386,37.0281002713,2295800,0.0,1.0
PPG,2011-05-13 00:00:00+00:00,88.47,90.04,87.82,89.52,1020700,36.4188552641,37.0651489542,36.1512814433,36.8510898976,2041400,0.0,1.0
PPG,2011-05-16 00:00:00+00:00,88.62,89.7,87.9,88.17,1145600,36.4806030688,36.9251872633,36.1842136059,36.2953596545,2291200,0.0,1.0
PPG,2011-05-17 00:00:00+00:00,87.42,88.52,86.83,88.33,1434600,35.9866206305,36.4394378657,35.7437459317,36.3612239796,2869200,0.0,1.0
PPG,2011-05-18 00:00:00+00:00,89.08,89.23,87.22,87.74,1118500,36.6699630035,36.7317108083,35.9042902242,36.1183492808,2237000,0.0,1.0
PPG,2011-05-19 00:00:00+00:00,88.93,90.08,88.35,89.53,784900,36.6082151987,37.0816150355,36.3694570202,36.8552064179,1569800,0.0,1.0
PPG,2011-05-20 00:00:00+00:00,88.05,88.89,87.01,88.89,863500,36.2459614107,36.5917491175,35.8178432975,36.5917491175,1727000,0.0,1.0
PPG,2011-05-23 00:00:00+00:00,86.66,87.0,86.06,86.94,1054700,35.6737650863,35.8137267771,35.4267738671,35.7890276552,2109400,0.0,1.0
PPG,2011-05-24 00:00:00+00:00,85.93,87.54,85.75,86.93,1015000,35.373259103,36.0360188744,35.2991617372,35.7849111349,2030000,0.0,1.0
PPG,2011-05-25 00:00:00+00:00,87.33,87.65,85.6,85.6,1025200,35.9495719477,36.0813005979,35.2374139324,35.2374139324,2050400,0.0,1.0
PPG,2011-05-26 00:00:00+00:00,87.1,87.66,86.4,87.19,967200,35.8548919803,36.0854171182,35.566735558,35.8919406632,1934400,0.0,1.0
PPG,2011-05-27 00:00:00+00:00,87.8,88.3,87.38,87.56,623300,36.1430484027,36.3488744186,35.9701545493,36.044251915,1246600,0.0,1.0
PPG,2011-05-31 00:00:00+00:00,88.7,88.93,87.79,88.58,953900,36.5135352314,36.6082151987,36.1389318824,36.4641369876,1907800,0.0,1.0
PPG,2011-06-01 00:00:00+00:00,86.76,88.64,86.72,88.43,1132800,35.7149302895,36.4888361095,35.6984642082,36.4023891828,2265600,0.0,1.0
PPG,2011-06-02 00:00:00+00:00,86.17,87.63,85.72,86.63,1009700,35.4720555906,36.0730675572,35.2868121763,35.6614155253,2019400,0.0,1.0
PPG,2011-06-03 00:00:00+00:00,84.93,85.28,84.39,84.95,1092200,34.9616070711,35.1056852822,34.7393149738,34.9698401117,2184400,0.0,1.0
PPG,2011-06-06 00:00:00+00:00,84.1,85.42,84.051,84.88,701100,34.6199358846,35.1633165667,34.599764935,34.9410244695,1402200,0.0,1.0
PPG,2011-06-07 00:00:00+00:00,85.68,86.2598,84.71,84.87,1543000,35.270346095,35.5090219431,34.871043624,34.9369079491,3086000,0.0,1.0
PPG,2011-06-08 00:00:00+00:00,84.45,85.24,84.265,85.23,1076200,34.7640140957,35.089219201,34.6878584698,35.0851026806,2152400,0.0,1.0
PPG,2011-06-09 00:00:00+00:00,85.26,85.75,84.34,84.68,726800,35.0974522416,35.2991617372,34.7187323722,34.8586940631,1453600,0.0,1.0
PPG,2011-06-10 00:00:00+00:00,84.11,85.08,83.95,85.05,1069800,34.6240524049,35.0233548758,34.5581880798,35.0110053149,2139600,0.0,1.0
PPG,2011-06-13 00:00:00+00:00,83.84,84.56,83.4,84.25,1041600,34.5129063563,34.8092958192,34.3317794622,34.6816836894,2083200,0.0,1.0
PPG,2011-06-14 00:00:00+00:00,85.5,85.88,84.86,84.86,723900,35.1962487293,35.3526765014,34.9327914288,34.9327914288,1447800,0.0,1.0
PPG,2011-06-15 00:00:00+00:00,83.97,84.95,83.25,84.46,1182500,34.5664211204,34.9698401117,34.2700316574,34.7681306161,2365000,0.0,1.0
PPG,2011-06-16 00:00:00+00:00,84.11,84.68,82.76,83.72,1239900,34.6240524049,34.8586940631,34.0683221618,34.4635081124,2479800,0.0,1.0
PPG,2011-06-17 00:00:00+00:00,84.75,85.26,84.29,84.72,1689100,34.8875097053,35.0974522416,34.6981497706,34.8751601444,3378200,0.0,1.0
PPG,2011-06-20 00:00:00+00:00,85.43,85.74,84.4,84.48,765100,35.167433087,35.2950452169,34.7434314941,34.7763636567,1530200,0.0,1.0
PPG,2011-06-21 00:00:00+00:00,87.73,87.89,85.83,86.02,931200,36.1142327604,36.1800970855,35.3320938998,35.4103077859,1862400,0.0,1.0
PPG,2011-06-22 00:00:00+00:00,87.74,88.605,87.2,87.74,1110400,36.1183492808,36.4744282884,35.8960571835,36.1183492808,2220800,0.0,1.0
PPG,2011-06-23 00:00:00+00:00,87.01,87.08,85.25,86.34,1230800,35.8178432975,35.8466589397,35.0933357213,35.5420364361,2461600,0.0,1.0
PPG,2011-06-24 00:00:00+00:00,87.16,87.41,86.28,87.16,3253200,35.8795911022,35.9825041102,35.5173373142,35.8795911022,6506400,0.0,1.0
PPG,2011-06-27 00:00:00+00:00,86.96,87.5,85.42,86.71,1389100,35.7972606959,36.0195527931,35.1633165667,35.6943476879,2778200,0.0,1.0
PPG,2011-06-28 00:00:00+00:00,88.46,88.46,86.87,87.49,1310600,36.4147387437,36.4147387437,35.760212013,36.0154362728,2621200,0.0,1.0
PPG,2011-06-29 00:00:00+00:00,89.14,89.39,87.92,88.8,1135400,36.6946621254,36.7975751334,36.1924466465,36.5547004346,2270800,0.0,1.0
PPG,2011-06-30 00:00:00+00:00,90.79,90.97,89.16,89.51,1085700,37.3738879781,37.4479853439,36.7028951661,36.8469733773,2171400,0.0,1.0
PPG,2011-07-01 00:00:00+00:00,91.85,92.01,90.44,90.98,788000,37.810239132,37.8761034571,37.2298097669,37.4521018642,1576000,0.0,1.0
PPG,2011-07-05 00:00:00+00:00,91.49,91.76,91.0,91.6,995700,37.6620444005,37.7731904491,37.4603349048,37.707326124,1991400,0.0,1.0
PPG,2011-07-06 00:00:00+00:00,92.51,93.39,91.58,91.79,1690500,38.081929473,38.4441832611,37.6990930833,37.78554001,3381000,0.0,1.0
PPG,2011-07-07 00:00:00+00:00,93.37,93.85,93.09,93.52,1062900,38.4359502205,38.6335431958,38.3206876515,38.4976980253,2125800,0.0,1.0
PPG,2011-07-08 00:00:00+00:00,92.12,92.23,91.37,92.03,1427600,37.9213851806,37.9666669041,37.6126461566,37.8843364977,2855200,0.0,1.0
PPG,2011-07-11 00:00:00+00:00,90.27,91.17,89.86,90.58,1049700,37.1598289215,37.5303157502,36.9910515884,37.2874410514,2099400,0.0,1.0
PPG,2011-07-12 00:00:00+00:00,89.85,90.69,89.71,90.02,1104600,36.9869350681,37.3327227749,36.9293037836,37.0569159135,2209200,0.0,1.0
PPG,2011-07-13 00:00:00+00:00,89.93,90.93,89.716,90.43,1145200,37.0198672307,37.4315192626,36.9317736958,37.2256932466,2290400,0.0,1.0
PPG,2011-07-14 00:00:00+00:00,88.45,90.24,88.3,89.98,1698400,36.4106222234,37.1474793606,36.3488744186,37.0404498323,3396800,0.0,1.0
PPG,2011-07-15 00:00:00+00:00,89.67,89.75,88.59,88.85,1165400,36.9128377024,36.9457698649,36.4682535079,36.5752830362,2330800,0.0,1.0
PPG,2011-07-18 00:00:00+00:00,88.71,89.49,88.18,89.49,1387900,36.5176517517,36.8387403366,36.2994761748,36.8387403366,2775800,0.0,1.0
PPG,2011-07-19 00:00:00+00:00,89.24,89.91,88.98,89.18,1382600,36.7358273286,37.01163419,36.6287978003,36.7111282067,2765200,0.0,1.0
PPG,2011-07-20 00:00:00+00:00,89.35,89.686,88.7,89.43,841700,36.7811090522,36.9194241349,36.5135352314,36.8140412147,1683400,0.0,1.0
PPG,2011-07-21 00:00:00+00:00,89.98,91.65,89.76,91.55,1423900,37.0404498323,37.7279087256,36.9498863852,37.6867435224,2847800,0.0,1.0
PPG,2011-07-22 00:00:00+00:00,88.94,90.58,88.67,90.0,1434900,36.6123317191,37.2874410514,36.5011856704,37.0486828729,2869800,0.0,1.0
PPG,2011-07-25 00:00:00+00:00,88.55,89.7,87.79,88.15,1479300,36.4517874266,36.9251872633,36.1389318824,36.2871266138,2958600,0.0,1.0
PPG,2011-07-26 00:00:00+00:00,86.59,88.51,86.42,88.48,1708500,35.644949444,36.4353213453,35.5749685986,36.4229717844,3417000,0.0,1.0
PPG,2011-07-27 00:00:00+00:00,85.0,86.53,84.91,86.2,1266300,34.9904227133,35.6202503221,34.9533740304,35.4844051516,2532600,0.0,1.0
PPG,2011-07-28 00:00:00+00:00,84.55,86.3798,84.42,85.33,1218000,34.8051792989,35.5584201869,34.7516645348,35.1262678838,2436000,0.0,1.0
PPG,2011-07-29 00:00:00+00:00,84.2,84.9076,83.05,83.4,1251200,34.6611010878,34.9523860655,34.187701251,34.3317794622,2502400,0.0,1.0
PPG,2011-08-01 00:00:00+00:00,83.9,85.71,82.81,85.42,1502100,34.5376054782,35.282695656,34.0889047634,35.1633165667,3004200,0.0,1.0
PPG,2011-08-02 00:00:00+00:00,81.72,84.18,81.7,83.38,1828600,33.6402040486,34.6528680471,33.631971008,34.3235464216,3657200,0.0,1.0
PPG,2011-08-03 00:00:00+00:00,82.64,82.76,79.65,82.05,2601200,34.018923918,34.0683221618,32.7880843425,33.7760492191,5202400,0.0,1.0
PPG,2011-08-04 00:00:00+00:00,77.68,81.51,77.62,81.51,2747100,31.9771298396,33.5537571219,31.9524307177,33.5537571219,5494200,0.0,1.0
PPG,2011-08-05 00:00:00+00:00,77.88,79.59,76.24,79.15,3049100,32.059460246,32.7633852206,31.3843509137,32.5822583266,6098200,0.0,1.0
PPG,2011-08-08 00:00:00+00:00,72.95,76.61,72.0,75.7,3420700,30.2646573868,31.7830761125,29.8705323078,31.4055457736,6841400,0.57,1.0
PPG,2011-08-09 00:00:00+00:00,77.31,77.52,72.76,74.0899,2747100,32.0734840655,32.1606064514,30.185832371,30.7375659949,5494200,0.0,1.0
PPG,2011-08-10 00:00:00+00:00,73.06,75.88,72.91,75.35,2515700,30.3102929223,31.4802221044,30.2480626467,31.2603417971,5031400,0.0,1.0
PPG,2011-08-11 00:00:00+00:00,74.91,75.75,72.95,73.37,3247500,31.0777996552,31.4262891988,30.2646573868,30.4389021586,6495000,0.0,1.0
PPG,2011-08-12 00:00:00+00:00,75.06,76.28,74.75,76.15,2512300,31.1400299309,31.6461695061,31.0114206945,31.5922366005,5024600,0.0,1.0
PPG,2011-08-15 00:00:00+00:00,76.62,76.67,75.14,75.64,1986100,31.7872247975,31.8079682227,31.1732194112,31.3806536633,3972200,0.0,1.0
PPG,2011-08-16 00:00:00+00:00,75.2,76.02,74.42,75.75,1426600,31.1981115215,31.538303695,30.8745140881,31.4262891988,2853200,0.0,1.0
PPG,2011-08-17 00:00:00+00:00,75.3,76.78,74.78,75.67,1269500,31.2395983719,31.8536037582,31.0238667497,31.3930997185,2539000,0.0,1.0
PPG,2011-08-18 00:00:00+00:00,70.41,73.25,69.86,73.14,2282600,29.210891386,30.3891179381,28.9827137086,30.3434824027,4565200,0.0,1.0
PPG,2011-08-19 00:00:00+00:00,68.88,71.23,68.8,69.39,2051000,28.5761425744,29.5510835595,28.5429530941,28.7877255116,4102000,0.0,1.0
PPG,2011-08-22 00:00:00+00:00,68.94,70.8,68.7,70.33,1347600,28.6010346847,29.3726901026,28.5014662437,29.1777019056,2695200,0.0,1.0
PPG,2011-08-23 00:00:00+00:00,71.14,71.14,68.86,69.24,1449100,29.5137453941,29.5137453941,28.5678452044,28.725495236,2898200,0.0,1.0
PPG,2011-08-24 00:00:00+00:00,71.89,72.0,70.3,70.81,1125100,29.8248967723,29.8705323078,29.1652558505,29.3768387877,2250200,0.0,1.0
PPG,2011-08-25 00:00:00+00:00,71.08,72.74,70.69,72.35,905600,29.4888532838,30.1775350009,29.3270545672,30.0157362843,1811200,0.0,1.0
PPG,2011-08-26 00:00:00+00:00,72.34,72.68,69.14,71.33,1360500,30.0115875992,30.1526428907,28.6840083856,29.5925704099,2721000,0.0,1.0
PPG,2011-08-29 00:00:00+00:00,75.49,75.52,73.28,73.34,1327400,31.3184233877,31.3308694428,30.4015639932,30.4264561035,2654800,0.0,1.0
PPG,2011-08-30 00:00:00+00:00,76.48,76.94,74.92,75.16,1648100,31.7291432069,31.9199827189,31.0819483403,31.1815167813,3296200,0.0,1.0
PPG,2011-08-31 00:00:00+00:00,76.59,77.64,76.07,77.04,1615400,31.7747787424,32.2103906719,31.5590471202,31.9614695693,3230800,0.0,1.0
PPG,2011-09-01 00:00:00+00:00,75.03,77.15,74.95,76.7,1698400,31.1275838757,32.0071051048,31.0943943954,31.8204142779,3396800,0.0,1.0
PPG,2011-09-02 00:00:00+00:00,73.57,74.01,73.34,73.5,2242200,30.5218758595,30.7044180014,30.4264561035,30.4928350642,4484400,0.0,1.0
PPG,2011-09-06 00:00:00+00:00,73.2,73.26,71.3,71.53,2261400,30.3683745129,30.3932666232,29.5801243548,29.6755441108,4522800,0.0,1.0
PPG,2011-09-07 00:00:00+00:00,75.01,75.03,74.3,74.34,2392500,31.1192865056,31.1275838757,30.8247298676,30.8413246078,4785000,0.0,1.0
PPG,2011-09-08 00:00:00+00:00,74.84,75.42,74.35,74.54,2441400,31.0487588599,31.2893825924,30.8454732928,30.9242983086,4882800,0.0,1.0
PPG,2011-09-09 00:00:00+00:00,73.1,73.97,72.65,73.91,2186400,30.3268876625,30.6878232612,30.1401968356,30.6629311509,4372800,0.0,1.0
PPG,2011-09-12 00:00:00+00:00,73.12,73.45,71.53,72.53,1817100,30.3351850326,30.472091639,29.6755441108,30.090412615,3634200,0.0,1.0
PPG,2011-09-13 00:00:00+00:00,74.69,74.91,73.11,73.6,1308500,30.9865285843,31.0777996552,30.3310363475,30.5343219146,2617000,0.0,1.0
PPG,2011-09-14 00:00:00+00:00,76.0,76.93,73.814,75.18,1594400,31.5300063249,31.9158340339,30.6231037745,31.1898141514,3188800,0.0,1.0
PPG,2011-09-15 00:00:00+00:00,77.42,77.719,76.4935,76.78,969500,32.1191196009,32.2431652837,31.7347439317,31.8536037582,1939000,0.0,1.0
PPG,2011-09-16 00:00:00+00:00,78.64,78.77,77.525,77.88,1832900,32.6252591762,32.6791920817,32.1626807939,32.3099591129,3665800,0.0,1.0
PPG,2011-09-19 00:00:00+00:00,77.72,78.0,76.0,76.98,1760900,32.2435801522,32.3597433334,31.5300063249,31.9365774591,3521800,0.0,1.0
PPG,2011-09-20 00:00:00+00:00,77.52,79.13,77.02,78.13,1615300,32.1606064514,32.8285447433,31.9531721992,32.413676239,3230600,0.0,1.0
PPG,2011-09-21 00:00:00+00:00,73.54,77.63,73.5,77.39,1701500,30.5094298044,32.2062419868,30.4928350642,32.1066735458,3403000,0.0,1.0
PPG,2011-09-22 00:00:00+00:00,70.1,71.23,68.91,71.12,2151200,29.0822821497,29.5510835595,28.5885886296,29.505448024,4302400,0.0,1.0
PPG,2011-09-23 00:00:00+00:00,68.82,70.59,68.27,69.5,2148300,28.5512504642,29.2855677168,28.3230727868,28.8333610471,4296600,0.0,1.0
PPG,2011-09-26 00:00:00+00:00,72.44,72.5,68.49,69.56,2115900,30.0530744497,30.0779665599,28.4143438578,28.8582531573,4231800,0.0,1.0
PPG,2011-09-27 00:00:00+00:00,74.52,76.16,73.58,74.46,2176500,30.9160009386,31.5963852856,30.5260245445,30.8911088283,4353000,0.0,1.0
PPG,2011-09-28 00:00:00+00:00,71.5,74.85,71.45,74.7,1575200,29.6630980556,31.052907545,29.6423546304,30.9906772693,3150400,0.0,1.0
PPG,2011-09-29 00:00:00+00:00,72.35,74.14,70.99,74.14,1638900,30.0157362843,30.7583509069,29.4515151185,30.7583509069,3277800,0.0,1.0
PPG,2011-09-30 00:00:00+00:00,70.66,72.19,70.5,71.07,1790000,29.3146085121,29.9493573236,29.2482295514,29.4847045988,3580000,0.0,1.0
PPG,2011-10-03 00:00:00+00:00,68.68,71.56,68.58,70.0,2324800,28.4931688736,29.6879901659,28.4516820232,29.0407952992,4649600,0.0,1.0
PPG,2011-10-04 00:00:00+00:00,70.67,70.77,66.4329,67.66,1900000,29.3187571971,29.3602440475,27.5609178576,28.0700029992,3800000,0.0,1.0
PPG,2011-10-05 00:00:00+00:00,72.76,73.1,70.21,71.16,1417300,30.185832371,30.3268876625,29.1279176851,29.5220427642,2834600,0.0,1.0
PPG,2011-10-06 00:00:00+00:00,73.71,73.81,71.2,72.4,1578000,30.5799574501,30.6214443005,29.5386375044,30.0364797095,3156000,0.0,1.0
PPG,2011-10-07 00:00:00+00:00,73.48,74.65,72.43,73.85,1215900,30.4845376941,30.9699338441,30.0489257646,30.6380390407,2431800,0.0,1.0
PPG,2011-10-10 00:00:00+00:00,76.44,76.65,74.96,74.99,886500,31.7125484668,31.7996708527,31.0985430804,31.1109891356,1773000,0.0,1.0
PPG,2011-10-11 00:00:00+00:00,76.21,76.82,75.66,76.11,884100,31.6171287108,31.8701984984,31.3889510334,31.5756418603,1768200,0.0,1.0
PPG,2011-10-12 00:00:00+00:00,77.76,78.44,76.92,76.92,1132600,32.2601748924,32.5422854753,31.9116853488,31.9116853488,2265200,0.0,1.0
PPG,2011-10-13 00:00:00+00:00,77.67,77.92,76.17,76.76,1115300,32.222836727,32.3265538531,31.6005339706,31.8453063881,2230600,0.0,1.0
PPG,2011-10-14 00:00:00+00:00,79.71,79.83,78.13,78.84,861900,33.0691684757,33.1189526962,32.413676239,32.708232877,1723800,0.0,1.0
PPG,2011-10-17 00:00:00+00:00,77.84,79.89,77.53,79.58,1203300,32.2933643727,33.1438448065,32.1647551364,33.0152355702,2406600,0.0,1.0
PPG,2011-10-18 00:00:00+00:00,80.73,81.19,77.28,77.69,1284700,33.4923343501,33.6831738621,32.0610380103,32.2311340971,2569400,0.0,1.0
PPG,2011-10-19 00:00:00+00:00,78.84,81.0,78.3,80.5,1607100,32.708232877,33.6043488463,32.4842038847,33.3969145941,3214200,0.0,1.0
PPG,2011-10-20 00:00:00+00:00,80.68,80.94,78.29,80.17,1541800,33.4715909249,33.579456736,32.4800551997,33.2600079877,3083600,0.0,1.0
PPG,2011-10-21 00:00:00+00:00,83.68,83.76,81.71,81.97,1626500,34.7161964377,34.749385918,33.8989054843,34.0067712954,3253000,0.0,1.0
PPG,2011-10-24 00:00:00+00:00,84.4,84.85,83.6,83.97,2070600,35.0149017608,35.2015925877,34.6830069574,34.8365083039,4141200,0.0,1.0
PPG,2011-10-25 00:00:00+00:00,82.53,84.655,82.415,84.1,1218600,34.2390976578,35.1206932294,34.1913877798,34.8904412095,2437200,0.0,1.0
PPG,2011-10-26 00:00:00+00:00,84.86,85.4,82.75,84.07,1287800,35.2057412728,35.4297702651,34.3303687287,34.8779951544,2575600,0.0,1.0
PPG,2011-10-27 00:00:00+00:00,86.83,89.96,86.46,87.14,1660700,36.0230322262,37.3215706446,35.8695308796,36.1516414625,3321400,0.0,1.0
PPG,2011-10-28 00:00:00+00:00,89.37,90.0,87.79,88.21,1373800,37.076798227,37.3381653847,36.4213059903,36.5955507621,2747600,0.0,1.0
PPG,2011-10-31 00:00:00+00:00,86.41,88.08,86.35,87.78,1285100,35.8487874544,36.5416178565,35.8238953441,36.4171573052,2570200,0.0,1.0
PPG,2011-11-01 00:00:00+00:00,84.6,86.64,83.08,83.08,1459500,35.0978754616,35.9442072104,34.4672753351,34.4672753351,2919000,0.0,1.0
PPG,2011-11-02 00:00:00+00:00,86.7,87.34,85.35,85.64,764000,35.9690993206,36.2346151634,35.4090268398,35.5293387061,1528000,0.0,1.0
PPG,2011-11-03 00:00:00+00:00,88.66,88.96,86.77,88.0,904100,36.782241589,36.9067021403,35.9981401159,36.5084283762,1808200,0.0,1.0
PPG,2011-11-04 00:00:00+00:00,88.51,88.79,86.55,88.1,689700,36.7200113134,36.8361744946,35.906869045,36.5499152266,1379400,0.0,1.0
PPG,2011-11-07 00:00:00+00:00,88.9,89.36,87.1,88.73,772700,36.88181003,37.072649542,36.1350467223,36.8112823843,1545400,0.0,1.0
PPG,2011-11-08 00:00:00+00:00,89.38,89.59,87.53,88.77,796400,37.3174219595,37.405099948,36.5450206323,37.0627382786,1592800,0.57,1.0
PPG,2011-11-09 00:00:00+00:00,85.42,87.21,84.8,86.8,1391200,35.6640656051,36.4114160784,35.4052067819,36.2402352437,2782400,0.0,1.0
PPG,2011-11-10 00:00:00+00:00,86.22,86.97,85.07,86.31,1024000,35.9980769898,36.311212663,35.5179356242,36.0356532706,2048000,0.0,1.0
PPG,2011-11-11 00:00:00+00:00,88.11,88.58,87.6,87.64,885300,36.7871788862,36.9834105748,36.5742466285,36.5909471977,1770600,0.0,1.0
PPG,2011-11-14 00:00:00+00:00,87.29,88.09,86.62,87.78,1107700,36.4448172169,36.7788286016,36.1650826822,36.64939919,2215400,0.0,1.0
PPG,2011-11-15 00:00:00+00:00,87.35,87.99,86.31,86.85,928000,36.4698680707,36.7370771785,36.0356532706,36.2611109553,1856000,0.0,1.0
PPG,2011-11-16 00:00:00+00:00,84.93,86.81,84.81,85.86,1550900,35.4594836319,36.244410386,35.4093819242,35.8477718667,3101800,0.0,1.0
PPG,2011-11-17 00:00:00+00:00,82.71,85.53,81.9714,84.7,1685200,34.5326020393,35.7099921705,34.2242260283,35.3634553588,3370400,0.0,1.0
PPG,2011-11-18 00:00:00+00:00,83.6,84.25,82.6,83.33,937500,34.9041897048,35.1755739549,34.4866754739,34.7914608625,1875000,0.0,1.0
PPG,2011-11-21 00:00:00+00:00,81.83,82.45,81.112,82.38,1333500,34.1651895161,34.4240483392,33.8654142983,34.3948223431,2667000,0.0,1.0
PPG,2011-11-22 00:00:00+00:00,81.27,82.61,80.64,81.51,1848000,33.9313815468,34.4908506162,33.6683475813,34.0315849622,3696000,0.0,1.0
PPG,2011-11-23 00:00:00+00:00,79.57,80.66,79.39,80.3,919100,33.2216073542,33.6766978659,33.1464547926,33.5263927428,1838200,0.0,1.0
PPG,2011-11-25 00:00:00+00:00,79.45,80.4,79.07,79.22,324400,33.1715056465,33.5681441659,33.0128502387,33.0754773734,648800,0.0,1.0
PPG,2011-11-28 00:00:00+00:00,82.55,83.25,81.95,82.29,939600,34.4657997623,34.758059724,34.2152912238,34.3572460623,1879200,0.0,1.0
PPG,2011-11-29 00:00:00+00:00,83.14,84.06,82.63,83.93,1270200,34.7121331586,35.096246251,34.4992009008,35.041969401,2540400,0.0,1.0
PPG,2011-11-30 00:00:00+00:00,87.75,87.79,85.91,86.34,1280800,36.6368737631,36.6535743323,35.8686475782,36.0481786975,2561600,0.0,1.0
PPG,2011-12-01 00:00:00+00:00,86.55,87.78,86.16,87.19,948300,36.135856686,36.64939919,35.973026136,36.4030657938,1896600,0.0,1.0
PPG,2011-12-02 00:00:00+00:00,84.87,86.98,84.59,86.52,1528400,35.4344327781,36.3153878053,35.3175287934,36.1233312591,3056800,0.0,1.0
PPG,2011-12-05 00:00:00+00:00,85.17,87.05,84.63,86.41,1441300,35.5596870473,36.3446138015,35.3342293626,36.0774046937,2882600,0.0,1.0
PPG,2011-12-06 00:00:00+00:00,85.44,86.25,84.5,85.12,962400,35.6724158897,36.0106024167,35.2799525126,35.5388113358,1924800,0.0,1.0
PPG,2011-12-07 00:00:00+00:00,84.67,85.45,84.12,85.16,1477000,35.3509299319,35.676591032,35.1212971049,35.555511905,2954000,0.0,1.0
PPG,2011-12-08 00:00:00+00:00,82.63,84.53,82.43,84.38,1418600,34.4992009008,35.2924779396,34.4156980546,35.2298508049,2837200,0.0,1.0
PPG,2011-12-09 00:00:00+00:00,83.94,84.35,81.2,81.59,1474200,35.0461445433,35.217325378,33.9021555506,34.0649861007,2948400,0.0,1.0
PPG,2011-12-12 00:00:00+00:00,82.52,82.95,81.89,82.79,948100,34.4532743354,34.6328054547,34.1902403699,34.5660031778,1896200,0.0,1.0
PPG,2011-12-13 00:00:00+00:00,81.36,84.07,80.74,83.21,1462600,33.9689578275,35.1004213933,33.7100990044,34.7413591547,2925200,0.0,1.0
PPG,2011-12-14 00:00:00+00:00,80.2,81.35,79.87,80.84,1434500,33.4846413197,33.9647826852,33.3468616235,33.7518504275,2869000,0.0,1.0
PPG,2011-12-15 00:00:00+00:00,80.12,81.604,79.64,81.41,1410700,33.4512401812,34.0708312999,33.2508333504,33.9898335391,2821400,0.0,1.0
PPG,2011-12-16 00:00:00+00:00,80.87,82.13,80.2,80.9,1461300,33.7643758544,34.2904437853,33.4846413197,33.7769012813,2922600,0.0,1.0
PPG,2011-12-19 00:00:00+00:00,79.13,81.44,78.8,81.0,1131100,33.0379010926,34.002358966,32.9001213964,33.8186527044,2262200,0.0,1.0
PPG,2011-12-20 00:00:00+00:00,80.78,81.37,79.95,80.04,2034200,33.7267995736,33.9731329699,33.3802627619,33.4178390427,4068400,0.0,1.0
PPG,2011-12-21 00:00:00+00:00,82.16,82.23,80.54,81.16,1058500,34.3029692123,34.3321952084,33.6265961582,33.8854549814,2117000,0.0,1.0
PPG,2011-12-22 00:00:00+00:00,82.36,82.65,81.715,82.27,1405400,34.3864720585,34.5075511854,34.1171753795,34.3488957777,2810800,0.0,1.0
PPG,2011-12-23 00:00:00+00:00,83.51,83.55,82.36,82.54,606900,34.866613424,34.8833139933,34.3864720585,34.46162462,1213800,0.0,1.0
PPG,2011-12-27 00:00:00+00:00,83.96,84.44,83.18,83.3,524300,35.0544948279,35.2549016588,34.7288337278,34.7789354355,1048600,0.0,1.0
PPG,2011-12-28 00:00:00+00:00,82.79,84.24,82.64,84.12,699600,34.5660031778,35.1713988126,34.5033760431,35.1212971049,1399200,0.0,1.0
PPG,2011-12-29 00:00:00+00:00,83.99,84.06,82.45,82.85,625500,35.0670202549,35.096246251,34.4240483392,34.5910540316,1251000,0.0,1.0
PPG,2011-12-30 00:00:00+00:00,83.49,84.23,83.49,84.12,557000,34.8582631394,35.1672236703,34.8582631394,35.1212971049,1114000,0.0,1.0
PPG,2012-01-03 00:00:00+00:00,85.12,86.28,84.96,85.3,737200,35.5388113358,36.0231278437,35.4720090588,35.6139638974,1474400,0.0,1.0
PPG,2012-01-04 00:00:00+00:00,85.3,85.68,84.58,85.1,726900,35.6139638974,35.7726193051,35.3133536511,35.5304610512,1453800,0.0,1.0
PPG,2012-01-05 00:00:00+00:00,84.54,84.64,83.27,84.49,1144600,35.2966530819,35.338404505,34.7664100086,35.2757773703,2289200,0.0,1.0
PPG,2012-01-06 00:00:00+00:00,84.76,84.94,84.235,84.48,626700,35.3885062127,35.4636587742,35.1693112414,35.271602228,1253400,0.0,1.0
PPG,2012-01-09 00:00:00+00:00,84.33,84.97,83.92,84.8,855800,35.2089750934,35.4761842012,35.0377942587,35.4052067819,1711600,0.0,1.0
PPG,2012-01-10 00:00:00+00:00,86.14,86.66,85.31,85.41,768000,35.9646758513,36.1817832514,35.6181390397,35.6598904628,1536000,0.0,1.0
PPG,2012-01-11 00:00:00+00:00,86.6,86.6,85.82,85.9,795500,36.1567323976,36.1567323976,35.8310712974,35.8644724359,1591000,0.0,1.0
PPG,2012-01-12 00:00:00+00:00,88.0,88.09,86.45,86.75,682100,36.7412523208,36.7788286016,36.0941052629,36.2193595322,1364200,0.0,1.0
PPG,2012-01-13 00:00:00+00:00,87.52,88.02,86.41,87.7,720100,36.54084549,36.7496026055,36.0774046937,36.6159980516,1440200,0.0,1.0
PPG,2012-01-17 00:00:00+00:00,88.04,89.04,87.6,88.74,691100,36.7579528901,37.175467121,36.5742466285,37.0502128517,1382200,0.0,1.0
PPG,2012-01-18 00:00:00+00:00,89.9,89.98,88.08,88.27,1050000,37.5345293596,37.5679304981,36.7746534593,36.8539811632,2100000,0.0,1.0
PPG,2012-01-19 00:00:00+00:00,87.76,89.4,86.74,89.4,2010600,36.6410489054,37.3257722441,36.2151843899,37.3257722441,4021200,0.0,1.0
PPG,2012-01-20 00:00:00+00:00,88.92,89.2,87.69,87.69,1216600,37.1253654133,37.2422693979,36.6118229093,36.6118229093,2433200,0.0,1.0
PPG,2012-01-23 00:00:00+00:00,88.33,89.0,88.015,88.85,679000,36.879032017,37.1587665518,36.7475150343,37.0961394171,1358000,0.0,1.0
PPG,2012-01-24 00:00:00+00:00,88.5,88.61,87.24,87.5,900400,36.9500094363,36.9959360017,36.4239415053,36.5324952054,1800800,0.0,1.0
PPG,2012-01-25 00:00:00+00:00,89.42,89.69,87.65,88.08,683200,37.3341225287,37.4468513711,36.59512234,36.7746534593,1366400,0.0,1.0
PPG,2012-01-26 00:00:00+00:00,88.83,90.89,88.51,89.95,955000,37.0877891325,37.9478684482,36.9541845786,37.5554050711,1910000,0.0,1.0
PPG,2012-01-27 00:00:00+00:00,89.06,89.52,88.07,88.74,790600,37.1838174056,37.3758739518,36.770478317,37.0502128517,1581200,0.0,1.0
PPG,2012-01-30 00:00:00+00:00,89.47,89.59,87.61,88.03,804800,37.3549982403,37.405099948,36.5784217708,36.7537777478,1609600,0.0,1.0
PPG,2012-01-31 00:00:00+00:00,89.58,90.0,88.53,89.8,1079300,37.4009248057,37.5762807827,36.9625348632,37.4927779365,2158600,0.0,1.0
PPG,2012-02-01 00:00:00+00:00,90.86,91.63,90.3,90.72,1154300,37.9353430213,38.2568289791,37.701535052,37.8768910289,2308600,0.0,1.0
PPG,2012-02-02 00:00:00+00:00,89.8,90.98,89.7,90.98,662900,37.4927779365,37.985444729,37.4510265134,37.985444729,1325800,0.0,1.0
PPG,2012-02-03 00:00:00+00:00,91.22,91.56,90.7,90.97,1093400,38.0856481444,38.2276029829,37.8685407443,37.9812695867,2186800,0.0,1.0
PPG,2012-02-06 00:00:00+00:00,90.88,90.945,90.43,90.67,486400,37.9436933059,37.9708317309,37.755811902,37.8560153174,972800,0.0,1.0
PPG,2012-02-07 00:00:00+00:00,91.27,91.4,89.99,90.57,689200,38.1065238559,38.160800706,37.5721056404,37.8142638943,1378400,0.0,1.0
PPG,2012-02-08 00:00:00+00:00,91.61,91.7,90.37,91.23,612000,38.2484786945,38.2860549752,37.7307610481,38.0898232867,1224000,0.0,1.0
PPG,2012-02-09 00:00:00+00:00,92.03,92.09,91.16,91.61,923200,38.4238346714,38.4488855253,38.0605972905,38.2484786945,1846400,0.0,1.0
PPG,2012-02-10 00:00:00+00:00,90.83,91.16,90.18,91.16,745000,37.9228175943,38.0605972905,37.6514333442,38.0605972905,1490000,0.0,1.0
PPG,2012-02-13 00:00:00+00:00,91.08,91.83,90.83,91.41,517600,38.0271961521,38.3403318253,37.9228175943,38.1649758483,1035200,0.0,1.0
PPG,2012-02-14 00:00:00+00:00,90.52,91.38,89.68,91.04,971600,37.7933881828,38.1524504213,37.4426762288,38.0104955828,1943200,0.0,1.0
PPG,2012-02-15 00:00:00+00:00,89.94,90.62,89.35,90.62,809800,37.7892130404,38.0749220116,37.5413184919,38.0749220116,1619600,0.57,1.0
PPG,2012-02-16 00:00:00+00:00,91.4,91.52,89.9,90.07,702400,38.402647008,38.4530662382,37.7724066304,37.8438338732,1404800,0.0,1.0
PPG,2012-02-17 00:00:00+00:00,92.12,92.45,91.54,91.86,808400,38.7051623892,38.8438152723,38.4614694432,38.5959207238,1616800,0.0,1.0
PPG,2012-02-21 00:00:00+00:00,91.97,92.3,90.9,91.32,1424200,38.6421383515,38.7807912345,38.1925668821,38.3690341878,2848400,0.0,1.0
PPG,2012-02-22 00:00:00+00:00,91.8,93.16,91.73,91.98,1024300,38.5707111087,39.142129051,38.541299891,38.646339954,2048600,0.0,1.0
PPG,2012-02-23 00:00:00+00:00,92.2,92.5,91.48,91.69,505100,38.7387752094,38.8648232849,38.4362598281,38.524493481,1010200,0.0,1.0
PPG,2012-02-24 00:00:00+00:00,91.67,92.56,91.485,92.0,645300,38.5160902759,38.8900329,38.4383606294,38.654743159,1290600,0.0,1.0
PPG,2012-02-27 00:00:00+00:00,92.94,93.18,90.7,91.19,888200,39.0496937956,39.150532256,38.1085348318,38.3144133551,1776400,0.0,1.0
PPG,2012-02-28 00:00:00+00:00,92.93,93.67,92.35,92.79,1060700,39.0454921931,39.3564107794,38.8017992471,38.9866697579,2121400,0.0,1.0
PPG,2012-02-29 00:00:00+00:00,91.25,93.14,90.94,92.92,1170200,38.3396229702,39.133725846,38.2093732922,39.0412905906,2340400,0.0,1.0
PPG,2012-03-01 00:00:00+00:00,92.66,92.98,91.49,91.49,814200,38.9320489251,39.0665002057,38.4404614306,38.4404614306,1628400,0.0,1.0
PPG,2012-03-02 00:00:00+00:00,92.5,93.4,92.11,92.95,557900,38.8648232849,39.2429675114,38.7009607867,39.0538953981,1115800,0.0,1.0
PPG,2012-03-05 00:00:00+00:00,91.62,92.3,91.2,92.16,655100,38.4950822634,38.7807912345,38.3186149576,38.7219687993,1310200,0.0,1.0
PPG,2012-03-06 00:00:00+00:00,90.41,90.96,90.04,90.23,778100,37.9866883588,38.2177764972,37.8312290656,37.9110595134,1556200,0.0,1.0
PPG,2012-03-07 00:00:00+00:00,90.55,90.93,90.0538,90.63,979100,38.045510794,38.2051716897,37.8370272771,38.0791236141,1958200,0.0,1.0
PPG,2012-03-08 00:00:00+00:00,92.94,93.395,91.4,91.51,1028700,39.0496937956,39.2408667102,38.402647008,38.4488646357,2057400,0.0,1.0
PPG,2012-03-09 00:00:00+00:00,92.77,93.64,92.6,93.0,749300,38.9782665528,39.3438059718,38.90683931,39.0749034107,1498600,0.0,1.0
PPG,2012-03-12 00:00:00+00:00,93.09,93.63,92.68,92.96,651400,39.1127178334,39.3396043693,38.9404521302,39.0580970007,1302800,0.0,1.0
PPG,2012-03-13 00:00:00+00:00,94.31,94.41,93.37,93.71,858800,39.6253133405,39.6673293657,39.2303627039,39.3732171895,1717600,0.0,1.0
PPG,2012-03-14 00:00:00+00:00,93.68,94.59,93.25,94.18,765300,39.3606123819,39.742958211,39.1799434737,39.5706925078,1530600,0.0,1.0
PPG,2012-03-15 00:00:00+00:00,93.64,93.97,93.26,93.9,1020300,39.3438059718,39.4824588549,39.1841450762,39.4530476373,2040600,0.0,1.0
PPG,2012-03-16 00:00:00+00:00,93.59,94.52,93.34,94.07,1405200,39.3227979593,39.7135469934,39.2177578963,39.5244748801,2810400,0.0,1.0
PPG,2012-03-19 00:00:00+00:00,94.46,94.77,93.35,93.35,1784900,39.6883373783,39.8185870563,39.2219594988,39.2219594988,3569800,0.0,1.0
PPG,2012-03-20 00:00:00+00:00,93.93,94.19,93.32,93.76,1207400,39.4656524448,39.5748941103,39.2093546913,39.394225202,2414800,0.0,1.0
PPG,2012-03-21 00:00:00+00:00,94.14,94.65,93.38,93.89,786600,39.5538860977,39.7681678261,39.2345643064,39.4488460348,1573200,0.0,1.0
PPG,2012-03-22 00:00:00+00:00,92.96,93.62,92.57,93.6,701800,39.0580970007,39.3354027668,38.8942345025,39.3269995618,1403600,0.0,1.0
PPG,2012-03-23 00:00:00+00:00,93.65,94.17,92.37,93.08,752500,39.3480075744,39.5664909053,38.8102024521,39.1085162309,1505000,0.0,1.0
PPG,2012-03-26 00:00:00+00:00,95.41,95.42,93.83,94.33,803200,40.0874896174,40.0916912199,39.4236364197,39.6337165455,1606400,0.0,1.0
PPG,2012-03-27 00:00:00+00:00,95.74,96.33,95.44,95.57,806700,40.2261425005,40.474037049,40.100094425,40.1547152577,1613400,0.0,1.0
PPG,2012-03-28 00:00:00+00:00,94.78,96.4,94.37,95.76,1155600,39.8227886588,40.5034482666,39.6505229556,40.2345457055,2311200,0.0,1.0
PPG,2012-03-29 00:00:00+00:00,95.69,95.825,94.0,94.0,1034800,40.2051344879,40.2618561219,39.4950636625,39.4950636625,2069600,0.0,1.0
PPG,2012-03-30 00:00:00+00:00,95.8,96.4,95.41,96.4,689900,40.2513521156,40.5034482666,40.0874896174,40.5034482666,1379800,0.0,1.0
PPG,2012-04-02 00:00:00+00:00,97.68,97.8,95.59,95.64,1573700,41.0412533888,41.091672619,40.1631184627,40.1841264753,3147400,0.0,1.0
PPG,2012-04-03 00:00:00+00:00,95.68,97.3725,94.51,97.22,2169900,40.2009328854,40.9120541114,39.7093453908,40.847979673,4339800,0.0,1.0
PPG,2012-04-04 00:00:00+00:00,93.92,95.04,93.73,94.98,2193800,39.4614508423,39.9320303243,39.3816203945,39.9068207092,4387600,0.0,1.0
PPG,2012-04-05 00:00:00+00:00,96.29,98.55,95.3,97.7,5309100,40.4572306389,41.4067928078,40.0412719897,41.0496565939,10618200,0.0,1.0
PPG,2012-04-09 00:00:00+00:00,94.25,95.64,94.2,94.98,2804200,39.6001037254,40.1841264753,39.5790957128,39.9068207092,5608400,0.0,1.0
PPG,2012-04-10 00:00:00+00:00,92.09,94.38,91.8475,94.09,3233800,38.6925575817,39.6547245581,38.5906687206,39.5328780851,6467600,0.0,1.0
PPG,2012-04-11 00:00:00+00:00,94.54,94.88,93.12,93.32,1502500,39.7219501984,39.864804684,39.1253226409,39.2093546913,3005000,0.0,1.0
PPG,2012-04-12 00:00:00+00:00,96.83,97.12,94.44,94.76,1675800,40.6841171749,40.8059636479,39.6799341732,39.8143854538,3351600,0.0,1.0
PPG,2012-04-13 00:00:00+00:00,95.72,96.61,95.6,96.32,1406000,40.2177392954,40.5916819195,40.1673200652,40.4698354465,2812000,0.0,1.0
PPG,2012-04-16 00:00:00+00:00,96.9,97.49,95.51,97.23,1237500,40.7135283925,40.961422941,40.1295056426,40.8521812755,2475000,0.0,1.0
PPG,2012-04-17 00:00:00+00:00,98.34,98.74,97.26,97.57,1226100,41.318559155,41.4866232557,40.8647860831,40.9950357611,2452200,0.0,1.0
PPG,2012-04-18 00:00:00+00:00,98.47,98.89,97.16,97.64,1580600,41.3731799877,41.5496472934,40.8227700579,41.0244469788,3161200,0.0,1.0
PPG,2012-04-19 00:00:00+00:00,101.0,101.9,97.39,98.97,3662900,42.4361854246,42.8143296511,40.9194069158,41.5832601136,7325800,0.0,1.0
PPG,2012-04-20 00:00:00+00:00,101.29,102.18,100.29,101.3,2009500,42.5580318976,42.9319745216,42.1378716458,42.5622335001,4019000,0.0,1.0
PPG,2012-04-23 00:00:00+00:00,101.01,101.04,99.4,100.59,1677000,42.4403870271,42.4529918346,41.7639290218,42.2639197214,3354000,0.0,1.0
PPG,2012-04-24 00:00:00+00:00,102.0,102.16,101.095,101.22,1814800,42.8563456763,42.9235713166,42.4761006485,42.5286206799,3629600,0.0,1.0
PPG,2012-04-25 00:00:00+00:00,104.17,104.27,102.39,102.67,1172200,43.7680934225,43.8101094477,43.0202081745,43.1378530449,2344400,0.0,1.0
PPG,2012-04-26 00:00:00+00:00,105.22,105.82,103.4,103.69,1237100,44.2092616869,44.4613578379,43.4445700287,43.5664165017,2474200,0.0,1.0
PPG,2012-04-27 00:00:00+00:00,105.66,106.11,105.07,105.72,943000,44.3941321976,44.5832043109,44.1462376491,44.4193418127,1886000,0.0,1.0
PPG,2012-04-30 00:00:00+00:00,105.24,106.4,104.91,105.89,1028800,44.2176648919,44.7050507839,44.0790120088,44.4907690555,2057600,0.0,1.0
PPG,2012-05-01 00:00:00+00:00,107.04,107.67,104.982,105.07,1648000,44.973953345,45.2386543036,44.1092635469,44.1462376491,3296000,0.0,1.0
PPG,2012-05-02 00:00:00+00:00,107.19,107.31,106.09,106.24,1202200,45.0369773828,45.087396613,44.5748011059,44.6378251436,2404400,0.0,1.0
PPG,2012-05-03 00:00:00+00:00,107.2,107.95,106.55,107.0,1079600,45.0411789853,45.3562991741,44.7680748217,44.9571469349,2159200,0.0,1.0
PPG,2012-05-04 00:00:00+00:00,105.67,106.75,105.42,106.6,1173200,44.3983338001,44.852106872,44.2932937372,44.7890828342,2346400,0.0,1.0
PPG,2012-05-07 00:00:00+00:00,106.9,107.04,104.95,105.01,1002600,44.9151309098,44.973953345,44.0958184189,44.121028034,2005200,0.0,1.0
PPG,2012-05-08 00:00:00+00:00,106.51,106.74,104.95,106.0,1237200,44.9991629601,45.0963351269,44.3400821769,44.7836942425,2474400,0.59,1.0
PPG,2012-05-09 00:00:00+00:00,105.94,106.7,104.265,104.89,1501400,44.7583449816,45.0794356196,44.0506781151,44.314732916,3002800,0.0,1.0
PPG,2012-05-10 00:00:00+00:00,105.73,107.01,105.48,106.99,974900,44.6696225685,45.2104068009,44.5640006481,45.2019570472,1949800,0.0,1.0
PPG,2012-05-11 00:00:00+00:00,105.19,106.38,104.92,105.19,1036300,44.4414792205,44.9442395615,44.3274075465,44.4414792205,2072600,0.0,1.0
PPG,2012-05-14 00:00:00+00:00,103.12,104.51,102.98,104.0,1414900,43.5669297197,44.154187597,43.5077814443,43.9387188795,2829800,0.0,1.0
PPG,2012-05-15 00:00:00+00:00,102.18,103.61,101.88,102.81,1402500,43.1697912991,43.7739486837,43.0430449946,43.4359585384,2805000,0.0,1.0
PPG,2012-05-16 00:00:00+00:00,101.75,103.46,101.62,102.43,797500,42.988121596,43.7105755314,42.9331981974,43.2754132195,1595000,0.0,1.0
PPG,2012-05-17 00:00:00+00:00,98.85,102.14,98.77,102.0,1315900,41.7629073196,43.1528917918,41.729108305,43.0937435164,2631800,0.0,1.0
PPG,2012-05-18 00:00:00+00:00,97.56,99.75,97.09,99.67,1351000,41.2178982104,42.1431462329,41.0193290001,42.1093472184,2702000,0.0,1.0
PPG,2012-05-21 00:00:00+00:00,99.54,99.72,97.62,98.13,942600,42.0544238198,42.1304716025,41.2432474713,41.4587161889,1885200,0.0,1.0
PPG,2012-05-22 00:00:00+00:00,99.26,100.72,98.74,100.0,826100,41.936127269,42.552959284,41.7164336746,42.2487681533,1652200,0.0,1.0
PPG,2012-05-23 00:00:00+00:00,100.8,101.25,97.87,98.36,1617500,42.5867582986,42.7768777552,41.3488693917,41.5558883556,3235000,0.0,1.0
PPG,2012-05-24 00:00:00+00:00,104.2,104.59,102.24,103.87,2030300,44.0232164158,44.1879866116,43.19514056,43.8837954809,4060600,0.0,1.0
PPG,2012-05-25 00:00:00+00:00,103.18,104.65,102.65,103.52,963800,43.5922789806,44.2133358725,43.3683605094,43.7359247923,1927600,0.0,1.0
PPG,2012-05-29 00:00:00+00:00,105.1,105.95,104.27,104.61,987600,44.4034553291,44.7625698584,44.0527905535,44.1964363652,1975200,0.0,1.0
PPG,2012-05-30 00:00:00+00:00,102.26,104.21,101.72,104.08,1495300,43.2035903136,44.0274412926,42.9754469656,43.972517894,2990600,0.0,1.0
PPG,2012-05-31 00:00:00+00:00,103.44,104.13,101.31,102.41,1248000,43.7021257778,43.9936422781,42.8022270161,43.2669634658,2496000,0.0,1.0
PPG,2012-06-01 00:00:00+00:00,98.96,101.5,98.72,100.38,1481100,41.8093809645,42.8824996756,41.707983921,42.4093134723,2962200,0.0,1.0
PPG,2012-06-04 00:00:00+00:00,97.77,99.0,96.735,98.91,1402700,41.3066206235,41.8262804718,40.8693458731,41.7882565805,2805400,0.0,1.0
PPG,2012-06-05 00:00:00+00:00,98.99,99.16,97.3,97.34,965500,41.822055595,41.8938785008,41.1080514132,41.1249509204,1931000,0.0,1.0
PPG,2012-06-06 00:00:00+00:00,101.81,101.81,99.87,99.9,915600,43.0134708569,43.0134708569,42.1938447547,42.2065193852,1831200,0.0,1.0
PPG,2012-06-07 00:00:00+00:00,102.58,104.46,102.39,103.56,1795500,43.3387863717,44.133063213,43.2585137122,43.7528242996,3591000,0.0,1.0
PPG,2012-06-08 00:00:00+00:00,103.68,103.82,101.77,102.41,580600,43.8035228214,43.8626710968,42.9965713496,43.2669634658,1161200,0.0,1.0
PPG,2012-06-11 00:00:00+00:00,101.96,104.92,101.79,104.79,1030700,43.0768440091,44.3274075465,43.0050211033,44.2724841479,2061400,0.0,1.0
PPG,2012-06-12 00:00:00+00:00,104.15,104.25,101.83,102.46,715400,44.0020920317,44.0443407998,43.0219206105,43.2880878499,1430800,0.0,1.0
PPG,2012-06-13 00:00:00+00:00,101.91,103.63,101.58,103.37,646400,43.0557196251,43.7823984373,42.9162986901,43.6725516401,1292800,0.0,1.0
PPG,2012-06-14 00:00:00+00:00,101.76,102.45,100.62,102.04,1082500,42.9923464728,43.2838629731,42.5107105159,43.1106430237,2165000,0.0,1.0
PPG,2012-06-15 00:00:00+00:00,104.14,104.26,102.2,102.48,1008600,43.9978671549,44.0485656767,43.1782410527,43.2965376035,2017200,0.0,1.0
PPG,2012-06-18 00:00:00+00:00,104.78,104.89,103.325,103.54,578200,44.2682592711,44.314732916,43.6535396944,43.744374546,1156400,0.0,1.0
PPG,2012-06-19 00:00:00+00:00,106.18,106.69,105.21,105.24,774700,44.8597420252,45.0752107428,44.4499289741,44.4626036046,1549400,0.0,1.0
PPG,2012-06-20 00:00:00+00:00,106.04,106.89,105.33,106.03,690600,44.8005937498,45.1597082791,44.5006274959,44.796368873,1381200,0.0,1.0
PPG,2012-06-21 00:00:00+00:00,102.42,106.43,102.25,106.1,849100,43.2711883426,44.9653639456,43.1993654368,44.8259430107,1698200,0.0,1.0
PPG,2012-06-22 00:00:00+00:00,104.19,104.73,102.36,103.82,1656500,44.0189915389,44.247134887,43.2458390817,43.8626710968,3313000,0.0,1.0
PPG,2012-06-25 00:00:00+00:00,101.33,103.23,101.18,103.23,1360000,42.8106767698,43.6134033647,42.7473036175,43.6134033647,2720000,0.0,1.0
PPG,2012-06-26 00:00:00+00:00,102.84,103.46,101.15,101.81,1055900,43.4486331689,43.7105755314,42.7346289871,43.0134708569,2111800,0.0,1.0
PPG,2012-06-27 00:00:00+00:00,103.48,103.92,102.34,102.34,744200,43.7190252851,43.9049198649,43.2373893281,43.2373893281,1488400,0.0,1.0
PPG,2012-06-28 00:00:00+00:00,103.5,103.69,101.651,103.01,1088600,43.7274750387,43.8077476982,42.9462953155,43.5204560747,2177200,0.0,1.0
PPG,2012-06-29 00:00:00+00:00,106.12,106.17,104.83,105.22,770300,44.8343927643,44.8555171484,44.2893836551,44.4541538509,1540600,0.0,1.0
PPG,2012-07-02 00:00:00+00:00,104.7,106.31,103.78,106.31,888200,44.2344602565,44.9146654238,43.8457715895,44.9146654238,1776400,0.0,1.0
PPG,2012-07-03 00:00:00+00:00,104.88,105.24,103.93,104.48,545100,44.3105080392,44.4626036046,43.9091447417,44.1415129666,1090200,0.0,1.0
PPG,2012-07-05 00:00:00+00:00,105.49,106.12,104.02,104.4,619600,44.5682255249,44.8343927643,43.9471686331,44.1077139521,1239200,0.0,1.0
PPG,2012-07-06 00:00:00+00:00,105.57,105.8899,103.86,104.19,886700,44.6020245395,44.7371783488,43.879570604,44.0189915389,1773400,0.0,1.0
PPG,2012-07-09 00:00:00+00:00,103.37,105.57,103.0,105.38,1028500,43.6725516401,44.6020245395,43.5162311979,44.52175188,2057000,0.0,1.0
PPG,2012-07-10 00:00:00+00:00,102.14,104.44,101.62,103.49,625100,43.1528917918,44.1246134593,42.9331981974,43.7232501619,1250200,0.0,1.0
PPG,2012-07-11 00:00:00+00:00,100.88,102.2,99.83,102.16,1398000,42.6205573131,43.1782410527,42.1769452475,43.1613415454,2796000,0.0,1.0
PPG,2012-07-12 00:00:00+00:00,100.66,101.26,99.12,99.89,752700,42.5276100231,42.7811026321,41.8769789936,42.2022945084,1505400,0.0,1.0
PPG,2012-07-13 00:00:00+00:00,103.34,103.45,101.28,101.28,1021300,43.6598770096,43.7063506546,42.7895523857,42.7895523857,2042600,0.0,1.0
PPG,2012-07-16 00:00:00+00:00,102.13,103.3876,101.6,102.9,660100,43.148666915,43.6799874233,42.9247484438,43.4739824298,1320200,0.0,1.0
PPG,2012-07-17 00:00:00+00:00,104.13,104.32,101.92,102.59,905200,43.9936422781,44.0739149375,43.0599445019,43.3430112485,1810400,0.0,1.0
PPG,2012-07-18 00:00:00+00:00,104.19,104.86,103.48,103.48,837400,44.0189915389,44.3020582856,43.7190252851,43.7190252851,1674800,0.0,1.0
PPG,2012-07-19 00:00:00+00:00,111.96,112.18,106.85,109.25,4232000,47.3017208245,47.3946681144,45.1428087718,46.1567792075,8464000,0.0,1.0
PPG,2012-07-20 00:00:00+00:00,113.85,114.62,109.46,110.56,2990900,48.1002225426,48.4255380573,46.2455016206,46.7102380703,5981800,0.0,1.0
PPG,2012-07-23 00:00:00+00:00,110.75,112.49,110.16,110.9,2089900,46.7905107298,47.5256392957,46.5412429977,46.853883882,4179800,0.0,1.0
PPG,2012-07-24 00:00:00+00:00,108.56,111.03,107.64,111.03,1454000,45.8652627072,46.9088072806,45.4765740402,46.9088072806,2908000,0.0,1.0
PPG,2012-07-25 00:00:00+00:00,107.49,109.65,107.3,109.08,1326300,45.413200888,46.3257742801,45.3329282285,46.0849563016,2652600,0.0,1.0
PPG,2012-07-26 00:00:00+00:00,108.23,109.79,107.92,109.79,1203100,45.7258417723,46.3849225555,45.5948705911,46.3849225555,2406200,0.0,1.0
PPG,2012-07-27 00:00:00+00:00,110.42,110.68,108.79,109.0,1233700,46.6510897949,46.7609365921,45.962434874,46.0511572871,2467400,0.0,1.0
PPG,2012-07-30 00:00:00+00:00,110.99,111.86,110.1,110.26,721300,46.8919077734,47.2594720563,46.5158937368,46.5834917659,1442600,0.0,1.0
PPG,2012-07-31 00:00:00+00:00,109.46,111.14,109.38,110.83,1082600,46.2455016206,46.9552809256,46.2117026061,46.8243097443,2165200,0.0,1.0
PPG,2012-08-01 00:00:00+00:00,108.06,111.09,108.06,109.93,930600,45.6540188665,46.9341565415,45.6540188665,46.4440708309,1861200,0.0,1.0
PPG,2012-08-02 00:00:00+00:00,107.64,108.04,105.87,107.25,1063200,45.4765740402,45.6455691129,44.7287708439,45.3118038444,2126400,0.0,1.0
PPG,2012-08-03 00:00:00+00:00,109.2,109.68,108.44,109.49,1067900,46.1356548234,46.3384489106,45.8145641855,46.2581762511,2135800,0.0,1.0
PPG,2012-08-06 00:00:00+00:00,109.9,110.54,108.83,109.11,1026900,46.4313962005,46.7017883167,45.9793343813,46.0976309321,2053800,0.0,1.0
PPG,2012-08-07 00:00:00+00:00,111.52,111.77,109.71,110.64,1047300,47.1158262446,47.221448165,46.351123541,46.7440370848,2094600,0.0,1.0
PPG,2012-08-08 00:00:00+00:00,111.11,111.5,108.64,110.41,976600,47.1918740273,47.3575191616,46.1427881768,46.8945622478,1953200,0.59,1.0
PPG,2012-08-09 00:00:00+00:00,111.37,111.868,110.45,110.75,528700,47.3023041168,47.5138202113,46.9115514923,47.0389708264,1057400,0.0,1.0
PPG,2012-08-10 00:00:00+00:00,110.82,110.82,109.82,110.74,650600,47.0687020043,47.0687020043,46.6439708908,47.0347235152,1301200,0.0,1.0
PPG,2012-08-13 00:00:00+00:00,110.14,110.99,109.15,110.84,459900,46.7798848471,47.1409062936,46.3594010447,47.0771966266,919800,0.0,1.0
PPG,2012-08-14 00:00:00+00:00,108.48,110.82,108.14,110.23,852800,46.0748311986,47.0687020043,45.93042262,46.8181106473,1705600,0.0,1.0
PPG,2012-08-15 00:00:00+00:00,109.43,109.55,107.96,108.31,493300,46.4783257565,46.5292934901,45.8539710196,46.0026269093,986600,0.0,1.0
PPG,2012-08-16 00:00:00+00:00,110.04,110.29,108.85,109.76,450800,46.7374117358,46.8435945141,46.2319817106,46.618487024,901600,0.0,1.0
PPG,2012-08-17 00:00:00+00:00,110.25,110.65,110.05,110.56,621900,46.8266052696,46.996497715,46.7416590469,46.9582719148,1243800,0.0,1.0
PPG,2012-08-20 00:00:00+00:00,109.16,110.2,108.8,109.84,698800,46.3636483558,46.8053687139,46.2107451549,46.652465513,1397600,0.0,1.0
PPG,2012-08-21 00:00:00+00:00,107.47,109.54,107.16,109.16,941500,45.6458527739,46.525046179,45.5141861287,46.3636483558,1883000,0.0,1.0
PPG,2012-08-22 00:00:00+00:00,111.05,111.07,106.86,106.9,1226300,47.1663901604,47.1748847827,45.3867667946,45.4037560392,2452600,0.0,1.0
PPG,2012-08-23 00:00:00+00:00,108.99,110.7,108.74,110.55,1012700,46.2914440665,47.0177342707,46.1852612881,46.9540246037,2025400,0.0,1.0
PPG,2012-08-24 00:00:00+00:00,109.15,109.48,108.17,108.96,760900,46.3594010447,46.4995623122,45.9431645534,46.2787021331,1521800,0.0,1.0
PPG,2012-08-27 00:00:00+00:00,109.38,109.81,108.56,109.5,926400,46.4570892008,46.6397235796,46.1088096877,46.5080569344,1852800,0.0,1.0
PPG,2012-08-28 00:00:00+00:00,108.89,109.34,108.65,108.96,677700,46.2489709552,46.4400999563,46.1470354879,46.2787021331,1355400,0.0,1.0
PPG,2012-08-29 00:00:00+00:00,109.71,109.9,108.26,109.05,715500,46.5972504683,46.6779493799,45.9813903536,46.3169279333,1431000,0.0,1.0
PPG,2012-08-30 00:00:00+00:00,108.49,109.57,108.29,109.24,816000,46.0790785097,46.5377881124,45.994132287,46.3976268449,1632000,0.0,1.0
PPG,2012-08-31 00:00:00+00:00,110.02,110.27,108.61,109.42,649100,46.7289171135,46.8350998919,46.1300462434,46.4740784454,1298200,0.0,1.0
PPG,2012-09-04 00:00:00+00:00,108.17,109.99,107.645,109.7,803800,45.9431645534,46.7161751801,45.7201807188,46.5930031571,1607600,0.0,1.0
PPG,2012-09-05 00:00:00+00:00,108.77,108.97,107.434,108.4,727600,46.1980032215,46.2829494443,45.6305624538,46.0408527095,1455200,0.0,1.0
PPG,2012-09-06 00:00:00+00:00,113.0,113.01,109.35,109.59,1299000,47.9946158319,47.998863143,46.4443472674,46.5462827347,2598000,0.0,1.0
PPG,2012-09-07 00:00:00+00:00,113.14,113.7,111.03,113.0,1329800,48.0540781878,48.2919276114,47.1578955382,47.9946158319,2659600,0.0,1.0
PPG,2012-09-10 00:00:00+00:00,115.79,116.79,114.35,114.73,1560000,49.1796156387,49.6043467523,48.5680028352,48.7294006583,3120000,0.0,1.0
PPG,2012-09-11 00:00:00+00:00,115.87,116.48,114.79,115.93,983300,49.2135941278,49.4726801071,48.7548845252,49.2390779946,1966600,0.0,1.0
PPG,2012-09-12 00:00:00+00:00,115.77,116.85,115.27,116.23,1091600,49.1711210164,49.6298306191,48.9587554597,49.3664973287,2183200,0.0,1.0
PPG,2012-09-13 00:00:00+00:00,118.58,119.638,115.8,115.96,1227000,50.3646154455,50.8139809637,49.1838629498,49.251819928,2454000,0.0,1.0
PPG,2012-09-14 00:00:00+00:00,118.84,119.86,118.14,118.79,1266000,50.4750455351,50.9082712709,50.1777337556,50.4538089794,2532000,0.0,1.0
PPG,2012-09-17 00:00:00+00:00,118.5,119.03,117.78,118.2,684900,50.3306369564,50.5557444466,50.0248305547,50.2032176224,1369800,0.0,1.0
PPG,2012-09-18 00:00:00+00:00,117.45,118.5,116.8,118.5,745600,49.8846692872,50.3306369564,49.6085940634,50.3306369564,1491200,0.0,1.0
PPG,2012-09-19 00:00:00+00:00,117.24,117.95,116.2401,117.42,841900,49.7954757534,50.097034844,49.3707871129,49.8719273538,1683800,0.0,1.0
PPG,2012-09-20 00:00:00+00:00,118.37,118.46,116.01,116.36,1109100,50.2754219117,50.3136477119,49.2730564837,49.4217123734,2218200,0.0,1.0
PPG,2012-09-21 00:00:00+00:00,117.59,119.3,117.38,119.29,1255300,49.9441316431,50.6704218473,49.8549381093,50.6661745362,2510600,0.0,1.0
PPG,2012-09-24 00:00:00+00:00,116.81,117.35,116.08,117.0,615900,49.6128413745,49.8421961759,49.3027876616,49.6935402861,1231800,0.0,1.0
PPG,2012-09-25 00:00:00+00:00,115.03,117.445,115.0,117.23,706200,48.8568199924,49.8825456316,48.844078059,49.7912284422,1412400,0.0,1.0
PPG,2012-09-26 00:00:00+00:00,114.6,115.8,114.08,115.05,626700,48.6741856136,49.1838629498,48.4533254345,48.8653146147,1253400,0.0,1.0
PPG,2012-09-27 00:00:00+00:00,115.23,116.035,114.3,115.02,505700,48.9417662151,49.2836747615,48.5467662795,48.8525726813,1011400,0.0,1.0
PPG,2012-09-28 00:00:00+00:00,114.84,115.21,113.19,114.26,529200,48.7761210808,48.9332715928,48.0753147435,48.529777035,1058400,0.0,1.0
PPG,2012-10-01 00:00:00+00:00,115.55,116.31,114.74,115.28,781600,49.0776801715,49.4004758178,48.7336479695,48.9630027708,1563200,0.0,1.0
PPG,2012-10-02 00:00:00+00:00,114.63,115.909,114.0,115.63,448600,48.686927547,49.2301586412,48.4193469454,49.1116586605,897200,0.0,1.0
PPG,2012-10-03 00:00:00+00:00,116.61,116.64,114.17,114.39,943800,49.5278951518,49.5406370852,48.4915512347,48.5849920797,1887600,0.0,1.0
PPG,2012-10-04 00:00:00+00:00,117.02,117.6476,116.16,117.05,742900,49.7020349084,49.9685961553,49.3367661507,49.7147768418,1485800,0.0,1.0
PPG,2012-10-05 00:00:00+00:00,117.94,118.41,117.03,118.22,861800,50.0927875329,50.2924111562,49.7062822195,50.2117122446,1723600,0.0,1.0
PPG,2012-10-08 00:00:00+00:00,117.72,118.03,116.38,117.53,634800,49.9993466879,50.1310133331,49.4302069957,49.9186477763,1269600,0.0,1.0
PPG,2012-10-09 00:00:00+00:00,115.71,117.64,115.57,117.64,533500,49.1456371496,49.9653681988,49.0861747937,49.9653681988,1067000,0.0,1.0
PPG,2012-10-10 00:00:00+00:00,115.36,115.97,114.41,115.1,768900,48.9969812599,49.2560672391,48.593486702,48.8865511704,1537800,0.0,1.0
PPG,2012-10-11 00:00:00+00:00,115.46,117.07,115.46,116.47,511400,49.0394543712,49.7232714641,49.0394543712,49.4684327959,1022800,0.0,1.0
PPG,2012-10-12 00:00:00+00:00,114.23,116.15,113.395,115.59,725000,48.5170351016,49.3325188396,48.1623846217,49.094669416,1450000,0.0,1.0
PPG,2012-10-15 00:00:00+00:00,116.14,116.25,113.76,114.37,618500,49.3282715285,49.3749919509,48.3174114782,48.5764974575,1237000,0.0,1.0
PPG,2012-10-16 00:00:00+00:00,117.82,118.9,115.94,116.98,894300,50.0418197992,50.5005294019,49.2433253057,49.6850456638,1788600,0.0,1.0
PPG,2012-10-17 00:00:00+00:00,118.97,120.0,117.44,118.05,1127200,50.5302605798,50.9677336268,49.8804219761,50.1395079553,2254400,0.0,1.0
PPG,2012-10-18 00:00:00+00:00,119.09,120.0,117.6,118.87,1032800,50.5812283134,50.9677336268,49.9483789542,50.4877874685,2065600,0.0,1.0
PPG,2012-10-19 00:00:00+00:00,117.73,119.64,116.93,119.44,922100,50.003593999,50.8148304259,49.6638091082,50.7298842032,1844200,0.0,1.0
PPG,2012-10-22 00:00:00+00:00,117.7,118.33,116.33,117.33,384400,49.9908520656,50.2584326671,49.40897044,49.8337015536,768800,0.0,1.0
PPG,2012-10-23 00:00:00+00:00,115.54,116.31,113.7,114.57,735900,49.0734328603,49.4004758178,48.2919276114,48.6614436802,1471800,0.0,1.0
PPG,2012-10-24 00:00:00+00:00,117.17,117.73,115.94,116.3,884300,49.7657445754,50.003593999,49.2433253057,49.3962285066,1768600,0.0,1.0
PPG,2012-10-25 00:00:00+00:00,116.02,118.0,115.502,117.97,637200,49.2773037948,50.1182713997,49.057293078,50.1055294663,1274400,0.0,1.0
PPG,2012-10-26 00:00:00+00:00,116.12,116.63,115.14,116.02,524800,49.3197769062,49.5363897741,48.9035404149,49.2773037948,1049600,0.0,1.0
PPG,2012-10-31 00:00:00+00:00,117.08,117.48,115.95,116.44,749700,49.7275187752,49.8974112206,49.2475726169,49.4556908625,1499400,0.0,1.0
PPG,2012-11-01 00:00:00+00:00,121.8,121.94,117.38,118.68,938900,51.7322496312,51.7917119871,49.8549381093,50.4070885569,1877800,0.0,1.0
PPG,2012-11-02 00:00:00+00:00,119.92,128.42,119.87,122.93,677800,50.9337551377,54.5439696029,50.912518582,52.2121957895,1355600,0.0,1.0
PPG,2012-11-05 00:00:00+00:00,121.78,121.89,119.27,119.84,497200,51.7237550089,51.7704754314,50.6576799139,50.8997766486,994400,0.0,1.0
PPG,2012-11-06 00:00:00+00:00,123.19,123.75,121.72,122.08,1227600,52.322625879,52.5604753026,51.6982711421,51.851174343,2455200,0.0,1.0
PPG,2012-11-07 00:00:00+00:00,120.64,122.59,119.69,122.54,658600,51.4901528965,52.3224290747,51.0846850147,52.3010886599,1317200,0.59,1.0
PPG,2012-11-08 00:00:00+00:00,117.61,121.3599,117.58,120.66,826200,50.1969237579,51.7974121891,50.184119509,51.4986890624,1652400,0.0,1.0
PPG,2012-11-09 00:00:00+00:00,117.38,118.55,116.77,117.37,669300,50.0987578497,50.5981235567,49.8384047888,50.0944897667,1338600,0.0,1.0
PPG,2012-11-12 00:00:00+00:00,117.47,118.61,116.75,117.84,932700,50.1371705964,50.6237320544,49.8298686229,50.2950896661,1865400,0.0,1.0
PPG,2012-11-13 00:00:00+00:00,117.45,118.51,116.29,116.48,537300,50.1286344304,50.5810512248,49.6335368064,49.7146303828,1074600,0.0,1.0
PPG,2012-11-14 00:00:00+00:00,116.31,118.12,115.99,117.83,894900,49.6420729724,50.4145959891,49.5054943175,50.2908215831,1789800,0.0,1.0
PPG,2012-11-15 00:00:00+00:00,115.25,117.06,114.21,116.26,754000,49.189656178,49.9621791948,48.7457755496,49.6207325575,1508000,0.0,1.0
PPG,2012-11-16 00:00:00+00:00,115.62,115.76,113.81,115.37,752300,49.3475752477,49.4073284093,48.575052231,49.2408731736,1504600,0.0,1.0
PPG,2012-11-19 00:00:00+00:00,120.05,120.525,117.28,117.28,970300,51.2383360015,51.4410699424,50.05607702,50.05607702,1940600,0.0,1.0
PPG,2012-11-20 00:00:00+00:00,121.55,121.59,119.05,119.83,974900,51.8785484463,51.8956207782,50.8115277049,51.1444381762,1949800,0.0,1.0
PPG,2012-11-21 00:00:00+00:00,121.75,121.94,120.89,121.53,617400,51.9639101056,52.045003682,51.5968549706,51.8700122804,1234800,0.0,1.0
PPG,2012-11-23 00:00:00+00:00,123.37,123.45,122.07,122.52,215200,52.6553395461,52.6894842098,52.1004887605,52.292552494,430400,0.0,1.0
PPG,2012-11-26 00:00:00+00:00,123.01,123.2,122.16,122.52,714400,52.5016885593,52.5827821356,52.1389015072,52.292552494,1428800,0.0,1.0
PPG,2012-11-27 00:00:00+00:00,122.39,123.11,122.0,122.73,1317800,52.2370674154,52.5443693889,52.0706121798,52.3821822363,2635600,0.0,1.0
PPG,2012-11-28 00:00:00+00:00,121.9,122.18,119.95,121.17,1428900,52.0279313501,52.1474376732,51.1956551718,51.7163612936,2857800,0.0,1.0
PPG,2012-11-29 00:00:00+00:00,122.64,123.1,121.4,122.41,960400,52.3437694896,52.540101306,51.8145272018,52.2456035814,1920800,0.0,1.0
PPG,2012-11-30 00:00:00+00:00,124.27,124.87,121.95,122.62,1561100,53.039467013,53.2955519909,52.0492717649,52.3352333236,3122200,0.0,1.0
PPG,2012-12-03 00:00:00+00:00,120.94,125.0,120.7701,124.99,1592000,51.6181953854,53.3510370694,51.5456806558,53.3467689865,3184000,0.0,1.0
PPG,2012-12-04 00:00:00+00:00,120.31,121.8377,119.4,121.0,1293300,51.3493061586,52.0013411932,50.9609106087,51.6438038832,2586600,0.0,1.0
PPG,2012-12-05 00:00:00+00:00,119.46,121.2,119.03,120.21,1516800,50.9865191065,51.7291655425,50.802991539,51.3066253289,3033600,0.0,1.0
PPG,2012-12-06 00:00:00+00:00,123.21,123.35,118.75,119.67,1413500,52.5870502186,52.6468033801,50.683485216,51.0761488488,2827000,0.0,1.0
PPG,2012-12-07 00:00:00+00:00,121.37,123.346,120.12,122.55,1591500,51.8017229529,52.6450961469,51.2682125822,52.3053567429,3183000,0.0,1.0
PPG,2012-12-10 00:00:00+00:00,123.84,124.38,121.0313,121.17,1108100,52.8559394454,53.0864159256,51.6571629829,51.7163612936,2216200,0.0,1.0
PPG,2012-12-11 00:00:00+00:00,125.04,125.695,123.72,124.25,1359200,53.3681094013,53.6476688355,52.8047224498,53.030930847,2718400,0.0,1.0
PPG,2012-12-12 00:00:00+00:00,124.55,125.76,124.2,125.76,1381700,53.158973336,53.6754113748,53.0095904322,53.6754113748,2763400,0.0,1.0
PPG,2012-12-13 00:00:00+00:00,125.21,125.85,124.25,124.72,1481400,53.4406668117,53.7138241215,53.030930847,53.2315307464,2962800,0.0,1.0
PPG,2012-12-14 00:00:00+00:00,129.93,132.88,128.1,129.05,3486800,55.4552019715,56.7142864463,54.6741427888,55.0796106705,6973600,0.0,1.0
PPG,2012-12-17 00:00:00+00:00,130.2,131.8,128.72,130.56,2149000,55.5704402115,56.253333486,54.9387639326,55.7240911983,4298000,0.0,1.0
PPG,2012-12-18 00:00:00+00:00,132.47,133.255,130.23,130.77,2066800,56.5392950447,56.8743395575,55.5832444604,55.8137209406,4133600,0.0,1.0
PPG,2012-12-19 00:00:00+00:00,131.21,132.72,131.155,132.37,1284000,56.001516591,56.6459971188,55.9780421347,56.4966142151,2568000,0.0,1.0
PPG,2012-12-20 00:00:00+00:00,134.39,134.5,131.89,132.01,1302700,57.3587669741,57.4057158867,56.2917462327,56.3429632283,2605400,0.0,1.0
PPG,2012-12-21 00:00:00+00:00,133.26,134.25,132.33,132.81,3380500,56.876473599,57.2990138126,56.4795418832,56.6844098655,6761000,0.0,1.0
PPG,2012-12-24 00:00:00+00:00,135.24,135.51,132.4,132.9,941800,57.7215540262,57.8367922662,56.5094184639,56.7228226122,1883600,0.0,1.0
PPG,2012-12-26 00:00:00+00:00,134.74,136.22,134.72,136.2,1358200,57.5081498779,58.1398261568,57.499613712,58.1312899909,2716400,0.0,1.0
PPG,2012-12-27 00:00:00+00:00,133.12,136.79,131.45,134.45,3384300,56.8167204375,58.3831068858,56.1039505822,57.3843754719,6768600,0.0,1.0
PPG,2012-12-28 00:00:00+00:00,132.7,133.73,131.001,132.18,2614500,56.6374609529,57.0770734984,55.9123136571,56.4155206387,5229000,0.0,1.0
PPG,2012-12-31 00:00:00+00:00,135.35,135.89,132.14,132.29,2239700,57.7685029388,57.9989794189,56.3984483068,56.4624695513,4479400,0.0,1.0
PPG,2013-01-02 00:00:00+00:00,138.55,140.41,137.42,138.34,3188800,59.1342894878,59.9281529194,58.6519961127,59.0446597455,6377600,0.0,1.0
PPG,2013-01-03 00:00:00+00:00,137.75,138.97,137.18,138.69,2635700,58.7928428505,59.3135489723,58.5495621215,59.1940426493,5271400,0.0,1.0
PPG,2013-01-04 00:00:00+00:00,139.47,139.6099,137.25,138.0,1951200,59.5269531206,59.5866636013,58.5794387022,58.8995449247,3902400,0.0,1.0
PPG,2013-01-07 00:00:00+00:00,138.26,139.27,137.08,139.14,2674500,59.0105150818,59.4415914613,58.5068812918,59.3861063827,5349000,0.0,1.0
PPG,2013-01-08 00:00:00+00:00,140.23,140.48,136.2,138.29,4553500,59.851327426,59.9580295001,58.1312899909,59.0233193307,9107000,0.0,1.0
PPG,2013-01-09 00:00:00+00:00,141.4,142.735,140.48,140.69,3486700,60.3506931329,60.9204822088,59.9580295001,60.0476592424,6973400,0.0,1.0
PPG,2013-01-10 00:00:00+00:00,141.77,142.3799,139.99,142.26,3156200,60.5086122027,60.7689225827,59.7488934348,60.717748268,6312400,0.0,1.0
PPG,2013-01-11 00:00:00+00:00,142.1,142.87,140.92,141.83,2850200,60.6494589405,60.9781013289,60.1458251506,60.5342207005,5700400,0.0,1.0
PPG,2013-01-14 00:00:00+00:00,141.03,142.75,140.0,140.5,2935300,60.1927740632,60.9268843333,59.7531615178,59.966565666,5870600,0.0,1.0
PPG,2013-01-15 00:00:00+00:00,140.14,141.5,139.3,139.88,2436400,59.8129146793,60.3933739626,59.4543957102,59.7019445222,4872800,0.0,1.0
PPG,2013-01-16 00:00:00+00:00,139.13,139.69,137.0,139.44,4828300,59.3818382998,59.6208509458,58.4727366281,59.5141488717,9656600,0.0,1.0
PPG,2013-01-17 00:00:00+00:00,141.98,142.75,139.12,139.53,4282500,60.5982419449,60.9268843333,59.3775702168,59.5525616184,8565000,0.0,1.0
PPG,2013-01-18 00:00:00+00:00,142.73,143.4999,137.75,141.47,5588400,60.9183481674,61.2469478749,58.7928428505,60.3805697137,11176800,0.0,1.0
PPG,2013-01-22 00:00:00+00:00,142.77,143.74,141.04,142.79,5836600,60.9354204992,61.3494245469,60.1970421462,60.9439566652,11673200,0.0,1.0
PPG,2013-01-23 00:00:00+00:00,143.41,143.77,141.86,142.36,11796200,61.208577809,61.3622287958,60.5470249494,60.7604290976,23592400,0.0,1.0
PPG,2013-01-24 00:00:00+00:00,143.98,146.11,142.53,143.0,10460000,61.4518585381,62.3609602097,60.8329865081,61.0335864074,20920000,0.0,1.0
PPG,2013-01-25 00:00:00+00:00,144.21,147.9885,142.67,145.0,13008900,61.5500244463,63.1627195948,60.8927396696,61.8872030005,26017800,0.0,1.0
PPG,2013-01-28 00:00:00+00:00,140.0,141.75,137.17,138.7,8192300,59.7531615178,60.5000760367,58.5452940385,59.1983107322,16384600,0.0,1.0
PPG,2013-01-29 00:00:00+00:00,141.06,141.3,139.13,140.0,5175900,60.2055783121,60.3080123033,59.3818382998,59.7531615178,10351800,0.0,1.0
PPG,2013-01-30 00:00:00+00:00,140.23,142.906,139.76,140.79,2004800,59.851327426,60.9934664276,59.6507275266,60.090340072,4009600,0.0,1.0
PPG,2013-01-31 00:00:00+00:00,137.87,140.197,137.77,139.17,2417400,58.8440598461,59.8372427522,58.8013790165,59.3989106316,4834800,0.0,1.0
PPG,2013-02-01 00:00:00+00:00,140.56,140.92,137.95,139.35,10083700,59.9921741638,60.1458251506,58.8782045098,59.475736125,20167400,0.0,1.0
PPG,2013-02-04 00:00:00+00:00,138.94,140.29,138.36,139.74,5811000,59.3007447234,59.8769359238,59.0531959114,59.6421913607,11622000,0.0,1.0
PPG,2013-02-05 00:00:00+00:00,138.37,140.44,137.0,139.43,6171500,59.0574639944,59.9409571683,58.4727366281,59.5098807887,12343000,0.0,1.0
PPG,2013-02-06 00:00:00+00:00,138.33,138.87,136.86,137.93,4672500,59.0403916625,59.2708681427,58.4129834666,58.8696683439,9345000,0.0,1.0
PPG,2013-02-07 00:00:00+00:00,137.97,139.0,136.031,138.77,7747000,58.8867406758,59.3263532212,58.0591593887,59.228187313,15494000,0.0,1.0
PPG,2013-02-08 00:00:00+00:00,138.88,139.28,137.39,137.99,4359700,59.2751362256,59.4458595442,58.6391918638,58.8952768417,8719400,0.0,1.0
PPG,2013-02-11 00:00:00+00:00,139.35,139.7,138.15,139.15,4025800,59.475736125,59.6251190288,58.9635661691,59.3903744657,8051600,0.0,1.0
PPG,2013-02-12 00:00:00+00:00,136.45,138.39,135.452,138.39,4474100,58.237992065,59.0660001603,57.812037385,59.0660001603,8948200,0.0,1.0
PPG,2013-02-13 00:00:00+00:00,139.11,139.77,136.95,137.02,3813000,59.3733021338,59.6549956096,58.4513962133,58.481272794,7626000,0.0,1.0
PPG,2013-02-14 00:00:00+00:00,139.0,139.36,137.91,138.66,2413100,59.3263532212,59.480004208,58.861132178,59.1812384004,4826200,0.0,1.0
PPG,2013-02-15 00:00:00+00:00,139.39,140.07,138.5,139.78,1738800,59.4928084569,59.7830380985,59.1129490729,59.6592636925,3477600,0.0,1.0
PPG,2013-02-19 00:00:00+00:00,135.71,139.2499,135.53,138.68,2968600,57.9221539255,59.4330126145,57.8453284322,59.1897745663,5937200,0.0,1.0
PPG,2013-02-20 00:00:00+00:00,131.51,135.5,131.49,135.28,2590600,56.381375975,58.0919811772,56.3728015128,57.9976620933,5181200,0.59,1.0
PPG,2013-02-21 00:00:00+00:00,130.08,130.65,128.2,130.65,2199200,55.7683019301,56.0126741018,54.9623024864,56.0126741018,4398400,0.0,1.0
PPG,2013-02-22 00:00:00+00:00,132.32,132.37,130.1,130.37,1644900,56.7286416927,56.7500778481,55.7768763923,55.8926316315,3289800,0.0,1.0
PPG,2013-02-25 00:00:00+00:00,130.3,133.78,130.28,132.85,1985800,55.8626210139,57.3545774309,55.8540465517,56.9558649401,3971600,0.0,1.0
PPG,2013-02-26 00:00:00+00:00,132.68,133.06,130.63,130.63,1728400,56.8829820117,57.0458967929,56.0040996397,56.0040996397,3456800,0.0,1.0
PPG,2013-02-27 00:00:00+00:00,134.66,135.42,131.86,132.11,1044400,57.7318537662,58.0576833285,56.5314290629,56.63860984,2088800,0.0,1.0
PPG,2013-02-28 00:00:00+00:00,134.66,135.88,134.61,134.92,1350300,57.7318537662,58.2548959583,57.7104176108,57.8433217743,2700600,0.0,1.0
PPG,2013-03-01 00:00:00+00:00,134.81,135.42,132.711,133.64,927100,57.7961622324,58.0576833285,56.8962724281,57.2945561957,1854200,0.0,1.0
PPG,2013-03-04 00:00:00+00:00,135.59,135.65,134.18,134.6,787300,58.1305662569,58.1562896434,57.5260666742,57.7061303797,1574600,0.0,1.0
PPG,2013-03-05 00:00:00+00:00,136.22,136.95,135.79,136.0,836900,58.4006618152,58.7136296842,58.2163108786,58.3063427313,1673800,0.0,1.0
PPG,2013-03-06 00:00:00+00:00,135.45,136.91,134.76,136.56,1299200,58.0705450218,58.6964807599,57.774726077,58.546427672,2598400,0.0,1.0
PPG,2013-03-07 00:00:00+00:00,135.47,135.96,134.91,135.72,966400,58.0791194839,58.289193807,57.8390345433,58.186300261,1932800,0.0,1.0
PPG,2013-03-08 00:00:00+00:00,137.34,137.54,135.48,136.21,1051900,58.8808316965,58.9665763181,58.083406715,58.3963745841,2103800,0.0,1.0
PPG,2013-03-11 00:00:00+00:00,137.78,137.96,136.91,136.91,870400,59.0694698641,59.1466400236,58.6964807599,58.6964807599,1740800,0.0,1.0
PPG,2013-03-12 00:00:00+00:00,139.14,139.29,137.55,137.55,1298800,59.6525332915,59.7168417577,58.9708635492,58.9708635492,2597600,0.0,1.0
PPG,2013-03-13 00:00:00+00:00,141.52,141.66,138.96,139.06,1324000,60.6728942893,60.7329155244,59.575363132,59.6182354428,2648000,0.0,1.0
PPG,2013-03-14 00:00:00+00:00,142.23,143.23,141.61,141.8,974700,60.9772876962,61.4060108045,60.711479369,60.7929367596,1949400,0.0,1.0
PPG,2013-03-15 00:00:00+00:00,141.3,143.5,139.11,142.12,1592600,60.5785752054,61.5217660437,59.6396715982,60.9301281542,3185200,0.0,1.0
PPG,2013-03-18 00:00:00+00:00,141.1,141.86,138.72,139.01,668600,60.4928305838,60.8186601461,59.472469586,59.5967992874,1337200,0.0,1.0
PPG,2013-03-19 00:00:00+00:00,140.87,141.71,139.545,141.69,866100,60.3942242688,60.7543516798,59.8261661503,60.7457772177,1732200,0.0,1.0
PPG,2013-03-20 00:00:00+00:00,141.01,142.16,140.84,141.36,864500,60.454245504,60.9472770786,60.3813625756,60.6042985919,1729000,0.0,1.0
PPG,2013-03-21 00:00:00+00:00,137.29,140.06,137.27,139.13,1016400,58.8593955411,60.0469585511,58.8508210789,59.6482460604,2032800,0.0,1.0
PPG,2013-03-22 00:00:00+00:00,135.97,138.24,135.6,136.99,734400,58.2934810381,59.266682494,58.134853488,58.7307786086,1468800,0.0,1.0
PPG,2013-03-25 00:00:00+00:00,133.89,136.47,132.64,136.31,1155400,57.4017369728,58.5078425922,56.8658330874,58.4392468949,2310800,0.0,1.0
PPG,2013-03-26 00:00:00+00:00,134.04,135.9,133.83,134.69,1194100,57.466045439,58.2634704205,57.3760135863,57.7447154594,2388200,0.0,1.0
PPG,2013-03-27 00:00:00+00:00,133.42,133.695,131.951,133.07,936500,57.2002371119,57.3181359667,56.5704428657,57.050184024,1873000,0.0,1.0
PPG,2013-03-28 00:00:00+00:00,133.94,134.09,132.87,133.33,1053400,57.4231731282,57.4874815944,56.9644394023,57.1616520321,2106800,0.0,1.0
PPG,2013-04-01 00:00:00+00:00,134.16,134.47,133.2,133.65,1658400,57.517492212,57.6503963756,57.105918028,57.2988434268,3316800,0.0,1.0
PPG,2013-04-02 00:00:00+00:00,133.69,134.99,133.19,134.76,841000,57.3159923511,57.8733323919,57.101630797,57.774726077,1682000,0.0,1.0
PPG,2013-04-03 00:00:00+00:00,132.72,134.05,132.2,134.05,1368100,56.900130936,57.4703326701,56.6771949197,57.4703326701,2736200,0.0,1.0
PPG,2013-04-04 00:00:00+00:00,133.9,134.89,132.5,133.04,915300,57.4060242039,57.8304600811,56.8058118522,57.0373223307,1830600,0.0,1.0
PPG,2013-04-05 00:00:00+00:00,131.73,132.75,130.63,131.73,884300,56.4756950588,56.9129926293,56.0040996397,56.4756950588,1768600,0.0,1.0
PPG,2013-04-08 00:00:00+00:00,131.45,132.06,130.56,131.6,1015900,56.3556525885,56.6171736846,55.9740890221,56.4199610547,2031800,0.0,1.0
PPG,2013-04-09 00:00:00+00:00,132.65,132.95,131.38,131.52,1280900,56.8701203185,56.998737251,56.3256419709,56.3856632061,2561800,0.0,1.0
PPG,2013-04-10 00:00:00+00:00,134.66,134.88,132.82,133.11,1041100,57.7318537662,57.82617285,56.9430032469,57.0673329483,2082200,0.0,1.0
PPG,2013-04-11 00:00:00+00:00,137.61,138.13,134.62,134.69,1087000,58.9965869357,59.2195229521,57.7147048419,57.7447154594,2174000,0.0,1.0
PPG,2013-04-12 00:00:00+00:00,136.25,137.44,135.52,136.95,690000,58.4135235084,58.9237040073,58.1005556393,58.7136296842,1380000,0.0,1.0
PPG,2013-04-15 00:00:00+00:00,131.44,135.46,131.39,135.17,1238700,56.3513653574,58.0748322528,56.329929202,57.9505025514,2477400,0.0,1.0
PPG,2013-04-16 00:00:00+00:00,134.55,134.67,132.11,132.71,1311500,57.6846942243,57.7361409973,56.63860984,56.895843705,2623000,0.0,1.0
PPG,2013-04-17 00:00:00+00:00,132.4,133.976,131.75,133.39,1099300,56.7629395414,57.4386071601,56.484269521,57.1873754186,2198600,0.0,1.0
PPG,2013-04-18 00:00:00+00:00,140.65,142.0,135.66,135.66,2390500,60.299905185,60.8786813812,58.1605768745,58.1605768745,4781000,0.0,1.0
PPG,2013-04-19 00:00:00+00:00,141.59,142.23,139.6,140.66,1803500,60.7029049068,60.9772876962,59.8497459213,60.3041924161,3607000,0.0,1.0
PPG,2013-04-22 00:00:00+00:00,143.55,144.05,140.81,141.62,1105700,61.5432021991,61.7575637533,60.3685008823,60.7157666001,2211400,0.0,1.0
PPG,2013-04-23 00:00:00+00:00,144.8,144.88,143.12,143.95,796700,62.0791060845,62.1134039332,61.3588512626,61.7146914425,1593400,0.0,1.0
PPG,2013-04-24 00:00:00+00:00,144.98,145.85,144.35,145.0,891900,62.156276244,62.5292653483,61.8861806858,62.1648507062,1783800,0.0,1.0
PPG,2013-04-25 00:00:00+00:00,146.91,148.56,145.46,146.0,967900,62.9837118431,63.6911049718,62.362063336,62.5935738145,1935800,0.0,1.0
PPG,2013-04-26 00:00:00+00:00,144.93,146.85,144.25,146.76,572400,62.1348400886,62.9579884566,61.843308375,62.9194033768,1144800,0.0,1.0
PPG,2013-04-29 00:00:00+00:00,147.02,147.21,144.88,145.64,556200,63.030871385,63.1123287756,62.1134039332,62.4392334955,1112400,0.0,1.0
PPG,2013-04-30 00:00:00+00:00,147.14,147.357,145.631,147.1,817900,63.082318158,63.1753510725,62.4353749875,63.0651692337,1635800,0.0,1.0
PPG,2013-05-01 00:00:00+00:00,145.2,147.09,145.11,145.82,1072200,62.2505953279,63.0608820026,62.2120102481,62.516403655,2144400,0.0,1.0
PPG,2013-05-02 00:00:00+00:00,148.48,148.88,145.31,145.88,823500,63.6568071231,63.8282963665,62.2977548698,62.5421270415,1647000,0.0,1.0
PPG,2013-05-03 00:00:00+00:00,152.28,152.58,150.01,150.6,1020600,65.2859549348,65.4145718673,64.3127534789,64.5657001128,2041200,0.0,1.0
PPG,2013-05-06 00:00:00+00:00,151.76,152.13,150.61,152.13,572100,65.0630189184,65.2216464685,64.5699873439,65.2216464685,1144200,0.0,1.0
PPG,2013-05-07 00:00:00+00:00,153.22,153.38,151.78,151.88,508800,65.6889546566,65.7575503539,65.0715933806,65.1144656914,1017600,0.0,1.0
PPG,2013-05-08 00:00:00+00:00,155.14,155.18,152.38,152.96,966200,66.7736241206,66.7908404734,65.5856957812,65.835332896,1932400,0.61,1.0
PPG,2013-05-09 00:00:00+00:00,153.92,155.1299,153.58,154.66,886000,66.2485253619,66.7692769916,66.1021863636,66.5670278877,1772000,0.0,1.0
PPG,2013-05-10 00:00:00+00:00,154.13,154.6,153.11,153.79,540800,66.3389112138,66.5412033586,65.8998942188,66.1925722155,1081600,0.0,1.0
PPG,2013-05-13 00:00:00+00:00,153.21,153.97,152.4301,153.65,381700,65.9429351007,66.2700458028,65.607259263,66.1323149809,763400,0.0,1.0
PPG,2013-05-14 00:00:00+00:00,156.81,156.86,153.34,153.49,624300,67.4924068477,67.5139272886,65.9988882471,66.0634495699,1248600,0.0,1.0
PPG,2013-05-15 00:00:00+00:00,156.47,157.85,155.574,156.06,824300,67.3460678494,67.9400320191,66.9604215479,67.1696002338,1648600,0.0,1.0
PPG,2013-05-16 00:00:00+00:00,155.55,157.3999,155.4,156.07,495500,66.9500917363,67.7463050098,66.8855304135,67.1739043219,991000,0.0,1.0
PPG,2013-05-17 00:00:00+00:00,158.84,158.89,155.89,156.71,572400,68.3661367495,68.3876571904,67.0964307346,67.4493659659,1144800,0.0,1.0
PPG,2013-05-20 00:00:00+00:00,157.06,158.475,155.8,158.36,646500,67.6000090524,68.2090375307,67.0576939409,68.1595405166,1293000,0.0,1.0
PPG,2013-05-21 00:00:00+00:00,158.94,159.43,157.02,157.54,705200,68.4091776314,68.6200779525,67.5827926996,67.8066052853,1410400,0.0,1.0
PPG,2013-05-22 00:00:00+00:00,157.55,160.83,156.591,158.89,646300,67.8109093735,69.2226502986,67.3981473164,68.3876571904,1292600,0.0,1.0
PPG,2013-05-23 00:00:00+00:00,156.86,157.898,154.36,155.43,558800,67.5139272886,67.9606916424,66.4379052421,66.898442678,1117600,0.0,1.0
PPG,2013-05-24 00:00:00+00:00,156.83,157.43,154.33,155.64,550300,67.5010150241,67.7592603153,66.4249929775,66.9888285299,1100600,0.0,1.0
PPG,2013-05-28 00:00:00+00:00,157.33,159.5,156.08,158.89,568500,67.7162194334,68.6502065698,67.1782084101,68.3876571904,1137000,0.0,1.0
PPG,2013-05-29 00:00:00+00:00,157.1,157.92,155.58,156.21,383900,67.6172254051,67.9701606364,66.9630040008,67.2341615565,767800,0.0,1.0
PPG,2013-05-30 00:00:00+00:00,156.31,157.63,155.72,157.39,404800,67.2772024384,67.845342079,67.0232612354,67.7420439625,809600,0.0,1.0
PPG,2013-05-31 00:00:00+00:00,153.61,156.54,153.61,155.63,550300,66.1150986281,67.3761964667,66.1150986281,66.9845244417,1100600,0.0,1.0
PPG,2013-06-03 00:00:00+00:00,155.14,155.29,152.2,154.47,661600,66.7736241206,66.8381854434,65.5082221939,66.4852502121,1323200,0.0,1.0
PPG,2013-06-04 00:00:00+00:00,153.56,156.21,152.8475,154.89,566000,66.0935781872,67.2341615565,65.7869119039,66.666021916,1132000,0.0,1.0
PPG,2013-06-05 00:00:00+00:00,149.99,153.45,149.93,153.06,573100,64.5570187047,66.0462332172,64.5311941756,65.8783737779,1146200,0.0,1.0
PPG,2013-06-06 00:00:00+00:00,151.27,151.58,149.04,149.15,444100,65.1079419926,65.2413687263,64.148130327,64.1954752971,888200,0.0,1.0
PPG,2013-06-07 00:00:00+00:00,154.92,155.34,152.52,153.09,683500,66.6789341805,66.8597058843,65.6459530158,65.8912860425,1367000,0.0,1.0
PPG,2013-06-10 00:00:00+00:00,154.27,155.99,153.1,155.99,318300,66.3991684484,67.1394716165,65.8955901306,67.1394716165,636600,0.0,1.0
PPG,2013-06-11 00:00:00+00:00,151.9,153.83,151.01,151.79,440600,65.3790995483,66.2097885682,64.9960356997,65.3317545782,881200,0.0,1.0
PPG,2013-06-12 00:00:00+00:00,150.95,153.69,150.68,153.35,409300,64.9702111706,66.1495313336,64.8540007896,66.0031923353,818600,0.0,1.0
PPG,2013-06-13 00:00:00+00:00,155.27,155.9,150.46,150.46,827600,66.829577267,67.1007348228,64.7593108495,64.7593108495,1655200,0.0,1.0
PPG,2013-06-14 00:00:00+00:00,153.83,155.72,153.11,154.37,459700,66.2097885682,67.0232612354,65.8998942188,66.4422093303,919400,0.0,1.0
PPG,2013-06-17 00:00:00+00:00,156.11,156.94,154.36,155.0,557800,67.1911206747,67.5483599941,66.4379052421,66.713366886,1115600,0.0,1.0
PPG,2013-06-18 00:00:00+00:00,156.57,156.75,155.11,156.04,516200,67.3891087313,67.4665823186,66.7607118561,67.1609920574,1032400,0.0,1.0
PPG,2013-06-19 00:00:00+00:00,154.17,157.22,154.09,156.32,501000,66.3561275666,67.6688744634,66.3216948611,67.2815065266,1002000,0.0,1.0
PPG,2013-06-20 00:00:00+00:00,150.08,152.76,149.61,152.25,1065200,64.5957554984,65.7492511323,64.3934633537,65.5297426348,2130400,0.0,1.0
PPG,2013-06-21 00:00:00+00:00,148.9,152.04,147.63,151.91,1046300,64.0878730924,65.4393567829,63.5412538928,65.3834036365,2092600,0.0,1.0
PPG,2013-06-24 00:00:00+00:00,146.68,148.87,145.21,148.83,769200,63.1323655151,64.0749608279,62.4996645517,64.0577444751,1538400,0.0,1.0
PPG,2013-06-25 00:00:00+00:00,147.83,150.235,146.77,149.18,650200,63.6273356565,64.6624688653,63.1711023088,64.2083875617,1300400,0.0,1.0
PPG,2013-06-26 00:00:00+00:00,149.0,149.96,146.9,148.69,762300,64.1309139743,64.5441064402,63.2270554552,63.9974872405,1524600,0.0,1.0
PPG,2013-06-27 00:00:00+00:00,149.03,150.52,148.34,150.1,779900,64.1438262389,64.7851353786,63.846844154,64.6043636748,1559800,0.0,1.0
PPG,2013-06-28 00:00:00+00:00,146.41,148.24,146.0,147.92,2336000,63.0161551341,63.8038032721,62.8396875184,63.6660724502,4672000,0.0,1.0
PPG,2013-07-01 00:00:00+00:00,148.44,150.19,146.56,147.05,681500,63.8898850359,64.6431004685,63.0807164569,63.291616778,1363000,0.0,1.0
PPG,2013-07-02 00:00:00+00:00,149.08,149.82,147.74,147.85,701900,64.1653466798,64.4838492056,63.5885988628,63.6359438329,1403800,0.0,1.0
PPG,2013-07-03 00:00:00+00:00,149.59,149.94,144.58,147.14,369200,64.3848551773,64.5354982638,62.228506996,63.3303535717,738400,0.0,1.0
PPG,2013-07-05 00:00:00+00:00,152.42,152.7,150.57,150.57,644600,65.602912134,65.7234266032,64.8066558195,64.8066558195,1289200,0.0,1.0
PPG,2013-07-08 00:00:00+00:00,153.23,153.65,151.31,153.3,601500,65.9515432771,66.1323149809,65.1251583453,65.9816718944,1203000,0.0,1.0
PPG,2013-07-09 00:00:00+00:00,156.53,156.79,153.035,154.53,858000,67.3718923785,67.4837986713,65.8676135574,66.5110747413,1716000,0.0,1.0
PPG,2013-07-10 00:00:00+00:00,156.04,157.0,155.36,156.58,582200,67.1609920574,67.5741845233,66.8683140607,67.3934128194,1164400,0.0,1.0
PPG,2013-07-11 00:00:00+00:00,158.03,159.51,157.13,159.12,885500,68.0175056064,68.654510658,67.6301376697,68.4866512187,1771000,0.0,1.0
PPG,2013-07-12 00:00:00+00:00,157.73,158.13,156.19,157.91,792300,67.8883829608,68.0605464883,67.2255533802,67.9658565482,1584600,0.0,1.0
PPG,2013-07-15 00:00:00+00:00,156.99,158.04,156.71,157.98,425300,67.5698804351,68.0218096946,67.4493659659,67.9959851655,850600,0.0,1.0
PPG,2013-07-16 00:00:00+00:00,154.84,157.09,154.135,157.04,569700,66.644501475,67.6129213169,66.3410632579,67.591400876,1139400,0.0,1.0
PPG,2013-07-17 00:00:00+00:00,156.86,156.93,155.38,155.64,647000,67.5139272886,67.544055906,66.8769222371,66.9888285299,1294000,0.0,1.0
PPG,2013-07-18 00:00:00+00:00,160.0,161.47,156.18,156.79,1368400,68.8654109791,69.4981119425,67.221249292,67.4837986713,2736800,0.0,1.0
PPG,2013-07-19 00:00:00+00:00,159.16,160.94,159.02,160.07,878400,68.5038675715,69.2699952686,68.4436103369,68.8955395964,1756800,0.0,1.0
PPG,2013-07-22 00:00:00+00:00,159.73,161.13,158.915,159.01,1008500,68.7492005981,69.3517729442,68.3984174109,68.4393062487,2017000,0.0,1.0
PPG,2013-07-23 00:00:00+00:00,159.13,161.34,158.94,160.77,671100,68.4909553069,69.4421587961,68.4091776314,69.1968257695,1342200,0.0,1.0
PPG,2013-07-24 00:00:00+00:00,157.08,159.87,156.175,159.56,852000,67.6086172287,68.8094578327,67.2190972479,68.6760310989,1704000,0.0,1.0
PPG,2013-07-25 00:00:00+00:00,158.73,158.79,156.94,157.09,563800,68.3187917795,68.3446163086,67.5483599941,67.6129213169,1127600,0.0,1.0
PPG,2013-07-26 00:00:00+00:00,157.11,158.5,156.38,158.5,522200,67.6215294933,68.2197977512,67.3073310557,68.2197977512,1044400,0.0,1.0
PPG,2013-07-29 00:00:00+00:00,161.17,161.48,157.42,158.23,774200,69.3689892969,69.5024160307,67.7549562271,68.1035873702,1548400,0.0,1.0
PPG,2013-07-30 00:00:00+00:00,161.05,161.64,160.0,161.09,653500,69.3173402387,69.5712814417,68.8654109791,69.3345565914,1307000,0.0,1.0
PPG,2013-07-31 00:00:00+00:00,160.44,162.26,160.01,161.5,631500,69.0547908593,69.8381349092,68.8697150673,69.511024207,1263000,0.0,1.0
PPG,2013-08-01 00:00:00+00:00,162.76,165.64,156.26,156.26,476800,70.0533393185,71.2929167161,67.2556819975,67.2556819975,953600,0.0,1.0
PPG,2013-08-02 00:00:00+00:00,162.36,163.54,160.45,162.49,499000,69.8811757911,70.389058197,69.0590949475,69.9371289375,998000,0.0,1.0
PPG,2013-08-05 00:00:00+00:00,161.89,162.54,160.68,161.62,723500,69.6788836463,69.9586493784,69.1580889758,69.5626732653,1447000,0.0,1.0
PPG,2013-08-06 00:00:00+00:00,161.42,161.646,159.54,161.57,661200,69.4765915016,69.5738638946,68.6674229225,69.5411528243,1322400,0.0,1.0
PPG,2013-08-07 00:00:00+00:00,161.09,161.93,160.1,160.94,526600,69.3345565914,69.6960999991,68.908451861,69.2699952686,1053200,0.0,1.0
PPG,2013-08-08 00:00:00+00:00,161.83,162.72,160.385,162.03,796300,69.9156084965,70.3001162612,69.2913234179,70.0020147358,1592600,0.61,1.0
PPG,2013-08-09 00:00:00+00:00,161.69,162.726,160.81,161.47,412900,69.8551241291,70.3027084484,69.4749366763,69.7600772659,825800,0.0,1.0
PPG,2013-08-12 00:00:00+00:00,161.34,161.91,160.272,161.02,750600,69.7039132104,69.9501709922,69.2425038927,69.5656632275,1501200,0.0,1.0
PPG,2013-08-13 00:00:00+00:00,162.76,163.3,160.405,160.87,663900,70.3173975091,70.5506943551,69.2999640418,69.5008585481,1327800,0.0,1.0
PPG,2013-08-14 00:00:00+00:00,162.37,163.43,161.96,162.96,664300,70.1489053425,70.6068584106,69.9717725521,70.4038037484,1328600,0.0,1.0
PPG,2013-08-15 00:00:00+00:00,158.77,161.0,158.29,161.0,578700,68.5935930359,69.5570226036,68.3862180617,69.5570226036,1157400,0.0,1.0
PPG,2013-08-16 00:00:00+00:00,158.59,159.38,157.57,158.06,688900,68.5158274205,68.8571320656,68.0751556003,68.2868508865,1377800,0.0,1.0
PPG,2013-08-19 00:00:00+00:00,156.81,159.33,156.52,158.15,525800,67.7468118911,68.8355305058,67.6215228442,68.3257336942,1051600,0.0,1.0
PPG,2013-08-20 00:00:00+00:00,158.97,160.052,156.81,156.95,806800,68.6799992751,69.1474570295,67.7468118911,67.8072962586,1613600,0.0,1.0
PPG,2013-08-21 00:00:00+00:00,159.11,160.56,157.7975,158.81,443700,68.7404836426,69.3669288773,68.1734426975,68.6108742837,887400,0.0,1.0
PPG,2013-08-22 00:00:00+00:00,160.15,160.48,157.86,159.43,330300,69.1897960868,69.3323663815,68.2004446473,68.8787336254,660600,0.0,1.0
PPG,2013-08-23 00:00:00+00:00,162.24,162.42,158.69,160.46,700900,70.092741287,70.1705069024,68.5590305402,69.3237257576,1401800,0.0,1.0
PPG,2013-08-26 00:00:00+00:00,160.27,162.85,159.76,162.64,429200,69.2416398303,70.3562803168,69.0213039202,70.2655537655,858400,0.0,1.0
PPG,2013-08-27 00:00:00+00:00,157.76,159.0,157.0,158.28,536000,68.1572415276,68.692960211,67.8288978184,68.3818977497,1072000,0.0,1.0
PPG,2013-08-28 00:00:00+00:00,155.76,157.7,155.6,156.94,819200,67.293179135,68.1313196558,67.2240541436,67.8029759467,1638400,0.0,1.0
PPG,2013-08-29 00:00:00+00:00,156.19,157.24,155.27,155.29,706200,67.4789525494,67.9325853055,67.0814838488,67.0901244728,1412400,0.0,1.0
PPG,2013-08-30 00:00:00+00:00,156.21,157.25,155.7,156.54,374200,67.4875931734,67.9369056175,67.2672572633,67.6301634681,748400,0.0,1.0
PPG,2013-09-03 00:00:00+00:00,157.21,159.92,156.47,158.54,496100,67.9196243697,69.0904289116,67.5999212844,68.4942258607,992200,0.0,1.0
PPG,2013-09-04 00:00:00+00:00,158.94,159.43,156.35,156.9,565100,68.6670383393,68.8787336254,67.5480775408,67.7856946988,1130200,0.0,1.0
PPG,2013-09-05 00:00:00+00:00,160.57,161.34,158.34,158.85,319500,69.3712491892,69.7039132104,68.4078196215,68.6281555316,639000,0.0,1.0
PPG,2013-09-06 00:00:00+00:00,159.25,161.18,157.58,160.98,645100,68.8009680101,69.634788219,68.0794759123,69.5483819797,1290200,0.0,1.0
PPG,2013-09-09 00:00:00+00:00,161.64,161.96,159.54,159.54,417300,69.8335225693,69.9717725521,68.926257057,68.926257057,834600,0.0,1.0
PPG,2013-09-10 00:00:00+00:00,163.71,163.71,162.21,162.83,620100,70.7278271456,70.7278271456,70.0797803511,70.3476396928,1240200,0.0,1.0
PPG,2013-09-11 00:00:00+00:00,164.42,164.71,163.14,163.58,403000,71.034569295,71.1598583419,70.4815693637,70.6716630901,806000,0.0,1.0
PPG,2013-09-12 00:00:00+00:00,162.87,165.52,162.31,164.19,445600,70.3649209407,71.5098036109,70.1229834708,70.9352021198,891200,0.0,1.0
PPG,2013-09-13 00:00:00+00:00,162.44,163.98,162.17,163.31,456900,70.1791475263,70.8444755686,70.0624991033,70.5550146671,913800,0.0,1.0
PPG,2013-09-16 00:00:00+00:00,165.2,165.89,164.35,165.2,429200,71.3715536281,71.6696551535,71.0043271112,71.3715536281,858400,0.0,1.0
PPG,2013-09-17 00:00:00+00:00,165.36,165.53,164.24,165.2,439200,71.4406786195,71.5141239228,70.9568036796,71.3715536281,878400,0.0,1.0
PPG,2013-09-18 00:00:00+00:00,167.81,167.98,163.62,164.65,555200,72.4991550504,72.5726003538,70.6889443379,71.1339364701,1110400,0.0,1.0
PPG,2013-09-19 00:00:00+00:00,167.99,168.97,167.2,167.79,460200,72.5769206657,73.0003112381,72.2356160207,72.4905144265,920400,0.0,1.0
PPG,2013-09-20 00:00:00+00:00,166.28,172.21,166.16,167.99,707700,71.8381473201,74.4000923141,71.7863035765,72.5769206657,1415400,0.0,1.0
PPG,2013-09-23 00:00:00+00:00,163.42,166.16,163.33,166.16,938200,70.6025380987,71.7863035765,70.563655291,71.7863035765,1876400,0.0,1.0
PPG,2013-09-24 00:00:00+00:00,163.47,165.18,163.21,163.68,795600,70.6241396585,71.3629130041,70.5118115474,70.7148662097,1591200,0.0,1.0
PPG,2013-09-25 00:00:00+00:00,164.64,165.34,163.4,163.94,889700,71.1296161581,71.4320379955,70.5938974747,70.8271943207,1779400,0.0,1.0
PPG,2013-09-26 00:00:00+00:00,166.65,166.96,164.79,165.1,456800,71.9979988627,72.1319285335,71.1944208376,71.3283505084,913600,0.0,1.0
PPG,2013-09-27 00:00:00+00:00,165.27,166.31,164.88,165.44,655600,71.4017958118,71.851108256,71.2333036452,71.4752411152,1311200,0.0,1.0
PPG,2013-09-30 00:00:00+00:00,167.06,167.13,163.521,163.78,752400,72.1751316532,72.2053738369,70.6461732495,70.7580693293,1504800,0.0,1.0
PPG,2013-10-01 00:00:00+00:00,166.81,167.81,166.1,167.13,592900,72.0671238541,72.4991550504,71.7603817047,72.2053738369,1185800,0.0,1.0
PPG,2013-10-02 00:00:00+00:00,166.64,166.64,164.86,165.53,666900,71.9936785507,71.9936785507,71.2246630213,71.5141239228,1333800,0.0,1.0
PPG,2013-10-03 00:00:00+00:00,166.49,166.83,165.06,166.19,770400,71.9288738713,72.075764478,71.3110692606,71.7992645124,1540800,0.0,1.0
PPG,2013-10-04 00:00:00+00:00,170.9,171.0,165.97,166.14,923100,73.8341314469,73.8773345666,71.7042176492,71.7776629526,1846200,0.0,1.0
PPG,2013-10-07 00:00:00+00:00,167.91,170.2,167.511,168.77,921500,72.54235817,73.5317096095,72.3699777227,72.9139049988,1843000,0.0,1.0
PPG,2013-10-08 00:00:00+00:00,162.81,168.01,162.7,167.91,870400,70.3389990689,72.5855612897,70.2914756373,72.54235817,1740800,0.0,1.0
PPG,2013-10-09 00:00:00+00:00,162.48,164.22,160.76,162.98,1115500,70.1964287741,70.9481630557,69.4533351165,70.4124443723,2231000,0.0,1.0
PPG,2013-10-10 00:00:00+00:00,164.73,165.95,163.8,164.7,1150700,71.1684989658,71.6955770253,70.7667099532,71.1555380299,2301400,0.0,1.0
PPG,2013-10-11 00:00:00+00:00,166.75,166.79,164.565,164.87,909300,72.0412019823,72.0584832302,71.0972138184,71.2289833333,1818600,0.0,1.0
PPG,2013-10-14 00:00:00+00:00,166.13,166.5,164.68,165.46,619100,71.7733426406,71.9331941832,71.146897406,71.4838817391,1238200,0.0,1.0
PPG,2013-10-15 00:00:00+00:00,165.48,166.63,164.888,166.12,455800,71.492522363,71.9893582388,71.2367598948,71.7690223287,911600,0.0,1.0
PPG,2013-10-16 00:00:00+00:00,166.22,168.01,165.56,167.2,958000,71.8122254483,72.5855612897,71.5270848587,72.2356160207,1916000,0.0,1.0
PPG,2013-10-17 00:00:00+00:00,174.47,174.74,167.24,169.75,1534800,75.3764828177,75.4931312407,72.2528972685,73.3372955712,3069600,0.0,1.0
PPG,2013-10-18 00:00:00+00:00,175.77,176.58,173.55,175.36,1353900,75.9381233729,76.2880686419,74.9790141171,75.7609905824,2707800,0.0,1.0
PPG,2013-10-21 00:00:00+00:00,176.61,177.02,174.45,175.3,842700,76.3010295778,76.4781623683,75.3678421938,75.7350687107,1685400,0.0,1.0
PPG,2013-10-22 00:00:00+00:00,180.12,180.73,176.51,177.85,909600,77.8174590768,78.0809981065,76.2578264582,76.8367482612,1819200,0.0,1.0
PPG,2013-10-23 00:00:00+00:00,178.45,180.44,178.32,180.28,717600,77.095966979,77.9557090596,77.0398029235,77.8865840682,1435200,0.0,1.0
PPG,2013-10-24 00:00:00+00:00,179.46,179.61,177.95,178.75,361800,77.5323184872,77.5971231667,76.8799513808,77.2255763379,723600,0.0,1.0
PPG,2013-10-25 00:00:00+00:00,181.92,181.95,179.09,179.46,569800,78.5951152301,78.608076166,77.3724669446,77.5323184872,1139600,0.0,1.0
PPG,2013-10-28 00:00:00+00:00,180.89,182.07,180.33,181.93,500800,78.1501230979,78.6599199096,77.908185628,78.5994355421,1001600,0.0,1.0
PPG,2013-10-29 00:00:00+00:00,185.51,185.68,181.2,181.2,827300,80.1461072248,80.2195525282,78.2840527688,78.2840527688,1654600,0.0,1.0
PPG,2013-10-30 00:00:00+00:00,181.66,187.28,179.13,186.28,1188200,78.4827871191,80.9108024423,77.3897481925,80.478771246,2376400,0.0,1.0
PPG,2013-10-31 00:00:00+00:00,182.58,184.565,181.55,181.74,917700,78.8802558197,79.7378377443,78.4352636875,78.5173496148,1835400,0.0,1.0
PPG,2013-11-01 00:00:00+00:00,182.75,183.39,181.7101,182.8,733300,78.9537011231,79.2302010887,78.504431882,78.9753026829,1466600,0.0,1.0
PPG,2013-11-04 00:00:00+00:00,183.46,183.6,181.67,183.5,607700,79.2604432724,79.3209276399,78.4871074311,79.2777245203,1215400,0.0,1.0
PPG,2013-11-05 00:00:00+00:00,183.32,184.46,181.61,182.94,551400,79.1999589049,79.6924744687,78.4611855593,79.0357870504,1102800,0.0,1.0
PPG,2013-11-06 00:00:00+00:00,182.8,184.84,182.34,182.34,862100,79.2388417126,80.1231263794,79.0394441897,79.0394441897,1724200,0.61,1.0
PPG,2013-11-07 00:00:00+00:00,179.64,184.32,179.352,183.29,884200,77.8690674248,79.897720484,77.7442272365,79.4512434218,1768400,0.0,1.0
PPG,2013-11-08 00:00:00+00:00,181.57,181.79,179.38,180.0,1103600,78.7056700753,78.801034108,77.7563644771,78.0251176601,2207200,0.0,1.0
PPG,2013-11-11 00:00:00+00:00,182.16,183.15,181.58,181.73,748600,78.961419072,79.3905572192,78.710004804,78.7750257354,1497200,0.0,1.0
PPG,2013-11-12 00:00:00+00:00,182.51,182.99,181.375,182.18,615200,79.1131345786,79.321201559,78.6211428645,78.9700885296,1230400,0.0,1.0
PPG,2013-11-13 00:00:00+00:00,184.62,184.9,181.57,181.68,981000,80.0277623467,80.149134752,78.7056700753,78.7533520916,1962000,0.0,1.0
PPG,2013-11-14 00:00:00+00:00,185.58,185.608,183.72,185.0,517200,80.4438963076,80.4560335481,79.6376367584,80.1924820396,1034400,0.0,1.0
PPG,2013-11-15 00:00:00+00:00,184.9,186.89,184.67,186.38,683900,80.149134752,81.011745775,80.0494359905,80.7906746083,1367800,0.0,1.0
PPG,2013-11-18 00:00:00+00:00,184.65,185.535,184.11,184.97,462400,80.040766533,80.4243900282,79.80669118,80.1794778533,924800,0.0,1.0
PPG,2013-11-19 00:00:00+00:00,184.76,185.5,184.05,184.23,312800,80.0884485494,80.4092184775,79.7806828075,79.8587079251,625600,0.0,1.0
PPG,2013-11-20 00:00:00+00:00,182.2,184.7,181.801,184.65,668700,78.9787579871,80.0624401768,78.8058023096,80.040766533,1337400,0.0,1.0
PPG,2013-11-21 00:00:00+00:00,183.32,183.92,182.45,183.31,666500,79.4642476081,79.7243313336,79.087126206,79.4599128793,1333000,0.0,1.0
PPG,2013-11-22 00:00:00+00:00,183.78,184.23,182.55,183.59,674600,79.663645131,79.8587079251,79.1304734936,79.5812852846,1349200,0.0,1.0
PPG,2013-11-25 00:00:00+00:00,184.19,185.54,183.82,183.82,487200,79.8413690101,80.4265573925,79.680984046,79.680984046,974400,0.0,1.0
PPG,2013-11-26 00:00:00+00:00,185.13,185.99,183.7602,184.18,483200,80.2488335134,80.6216201867,79.655062368,79.8370342813,966400,0.0,1.0
PPG,2013-11-27 00:00:00+00:00,184.54,185.55,184.06,185.2,454700,79.9930845167,80.4308921213,79.7850175362,80.2791766147,909400,0.0,1.0
PPG,2013-11-29 00:00:00+00:00,184.06,185.57,183.75,185.0,197200,79.7850175362,80.4395615788,79.6506409447,80.1924820396,394400,0.0,1.0
PPG,2013-12-02 00:00:00+00:00,183.66,185.53,183.35,184.34,509200,79.6116283859,80.4222226638,79.4772517943,79.9063899415,1018400,0.0,1.0
PPG,2013-12-03 00:00:00+00:00,181.66,183.23,180.32,182.32,671400,78.7446826341,79.4252350492,78.1638289804,79.0307747322,1342800,0.0,1.0
PPG,2013-12-04 00:00:00+00:00,182.95,184.6,181.71,181.71,964800,79.303862644,80.0190928892,78.7663562779,78.7663562779,1929600,0.0,1.0
PPG,2013-12-05 00:00:00+00:00,181.78,183.29,180.85,182.0,578000,78.7966993792,79.4512434218,78.3935696046,78.8920634119,1156000,0.0,1.0
PPG,2013-12-06 00:00:00+00:00,187.84,187.96,182.96,185.0,947200,81.4235450071,81.4755617522,79.3081973728,80.1924820396,1894400,0.0,1.0
PPG,2013-12-09 00:00:00+00:00,186.71,189.0,186.03,188.19,708500,80.9337206573,81.9263735431,80.6389591017,81.5752605137,1417000,0.0,1.0
PPG,2013-12-10 00:00:00+00:00,187.35,188.0,185.905,186.71,551800,81.2111432979,81.4929006672,80.5847749922,80.9337206573,1103600,0.0,1.0
PPG,2013-12-11 00:00:00+00:00,182.35,187.23,181.49,187.09,1082000,79.0437789185,81.1591265528,78.6709922452,81.0984403502,2164000,0.0,1.0
PPG,2013-12-12 00:00:00+00:00,183.92,184.59,182.05,182.22,898900,79.7243313336,80.0147581605,78.9137370557,78.9874274446,1797800,0.0,1.0
PPG,2013-12-13 00:00:00+00:00,182.91,185.14,182.29,183.93,676700,79.286523729,80.2531682422,79.0177705459,79.7286660624,1353400,0.0,1.0
PPG,2013-12-16 00:00:00+00:00,182.4,184.3,181.5,182.91,954000,79.0654525623,79.8890510264,78.675326974,79.286523729,1908000,0.0,1.0
PPG,2013-12-17 00:00:00+00:00,183.61,184.0,181.91,183.21,893400,79.5899547421,79.7590091637,78.8530508531,79.4165655917,1786800,0.0,1.0
PPG,2013-12-18 00:00:00+00:00,185.23,185.63,180.9001,183.76,959500,80.292180801,80.4655699514,78.4152865957,79.6549756735,1919000,0.0,1.0
PPG,2013-12-19 00:00:00+00:00,185.3,185.8099,184.35,184.86,717600,80.3225239023,80.5435517217,79.9107246702,80.1317958369,1435200,0.0,1.0
PPG,2013-12-20 00:00:00+00:00,186.62,187.35,184.77,185.02,2267200,80.8947080985,81.2111432979,80.0927832781,80.2011514971,4534400,0.0,1.0
PPG,2013-12-23 00:00:00+00:00,185.5,187.42,185.08,187.4,686800,80.4092184775,81.2414863992,80.2271598696,81.2328169417,1373600,0.0,1.0
PPG,2013-12-24 00:00:00+00:00,187.58,187.6,185.61,185.61,186500,81.3108420594,81.3195115169,80.4569004939,80.4569004939,373000,0.0,1.0
PPG,2013-12-26 00:00:00+00:00,188.08,188.37,187.25,187.84,304900,81.5275784973,81.6532856313,81.1677960103,81.4235450071,609800,0.0,1.0
PPG,2013-12-27 00:00:00+00:00,187.78,188.58,187.25,188.58,391500,81.3975366345,81.7443149353,81.1677960103,81.7443149353,783000,0.0,1.0
PPG,2013-12-30 00:00:00+00:00,188.47,188.83,187.1,187.82,507600,81.6966329189,81.8526831542,81.1027750789,81.4148755496,1015200,0.0,1.0
PPG,2013-12-31 00:00:00+00:00,189.66,190.07,188.26,188.77,519400,82.2124656412,82.3901895203,81.605603615,81.8266747817,1038800,0.0,1.0
PPG,2014-01-02 00:00:00+00:00,188.94,190.29,188.53,189.5,684200,81.9003651706,82.485553553,81.7226412915,82.1431099811,1368400,0.0,1.0
PPG,2014-01-03 00:00:00+00:00,189.41,190.1,188.88,189.4,407100,82.1040974222,82.4031937066,81.874356798,82.0997626935,814200,0.0,1.0
PPG,2014-01-06 00:00:00+00:00,187.52,189.99,186.93,189.63,782400,81.2848336868,82.3555116903,81.02908469,82.1994614549,1564800,0.0,1.0
PPG,2014-01-07 00:00:00+00:00,188.28,189.14,186.02,187.6,1167400,81.6142730725,81.9870597457,80.634624373,81.3195115169,2334800,0.0,1.0
PPG,2014-01-08 00:00:00+00:00,189.47,190.195,187.41,188.55,1003300,82.1301057948,82.4443736298,81.2371516705,81.731310749,2006600,0.0,1.0
PPG,2014-01-09 00:00:00+00:00,190.13,191.23,189.25,189.71,1183000,82.4161978929,82.8930180564,82.0347417621,82.234139285,2366000,0.0,1.0
PPG,2014-01-10 00:00:00+00:00,190.58,191.54,189.63,190.57,1045100,82.611260687,83.0273946479,82.1994614549,82.6069259583,2090200,0.0,1.0
PPG,2014-01-13 00:00:00+00:00,187.76,191.35,187.19,189.93,1304500,81.388867177,82.9450348015,81.1417876378,82.3295033177,2609000,0.0,1.0
PPG,2014-01-14 00:00:00+00:00,190.89,191.01,187.57,188.57,959700,82.7456372786,82.7976540237,81.3065073306,81.7399802065,1919400,0.0,1.0
PPG,2014-01-15 00:00:00+00:00,190.7,191.55,190.43,191.27,1055700,82.6632774321,83.0317293766,82.5462397556,82.9103569714,2111400,0.0,1.0
PPG,2014-01-16 00:00:00+00:00,187.67,189.894,182.57,182.57,1647100,81.3498546182,82.3138982942,79.1391429512,79.1391429512,3294200,0.0,1.0
PPG,2014-01-17 00:00:00+00:00,189.48,192.23,188.5,188.5,1828200,82.1344405236,83.3264909322,81.7096371052,81.7096371052,3656400,0.0,1.0
PPG,2014-01-21 00:00:00+00:00,190.0,191.5399,189.11,190.33,1169800,82.359846419,83.0273513006,81.9740555595,82.5028924681,2339600,0.0,1.0
PPG,2014-01-22 00:00:00+00:00,187.16,190.69,186.59,190.15,1421900,81.1287834515,82.6589427034,80.8817039122,82.4248673504,2843800,0.0,1.0
PPG,2014-01-23 00:00:00+00:00,186.89,188.04,185.77,186.71,1228100,81.011745775,81.5102395823,80.526256154,80.9337206573,2456200,0.0,1.0
PPG,2014-01-24 00:00:00+00:00,181.6,185.7,181.59,185.23,1188600,78.7186742615,80.4959130527,78.7143395328,80.292180801,2377200,0.0,1.0
PPG,2014-01-27 00:00:00+00:00,183.19,184.49,180.43,182.0,1390500,79.4078961342,79.9714108729,78.2115109968,78.8920634119,2781000,0.0,1.0
PPG,2014-01-28 00:00:00+00:00,182.43,184.66,181.718,183.09,1016600,79.0784567485,80.0451012618,78.7698240609,79.3645488466,2033200,0.0,1.0
PPG,2014-01-29 00:00:00+00:00,183.2,184.87,181.66,182.05,795500,79.412230863,80.1361305657,78.7446826341,78.9137370557,1591000,0.0,1.0
PPG,2014-01-30 00:00:00+00:00,184.67,185.649,182.87,183.7,595000,80.0494359905,80.473805936,79.2691848139,79.6289673009,1190000,0.0,1.0
PPG,2014-01-31 00:00:00+00:00,182.36,184.5,181.43,182.21,1360600,79.0481136472,79.9757456016,78.6449838726,78.9830927158,2721200,0.0,1.0
PPG,2014-02-03 00:00:00+00:00,176.87,183.33,176.67,182.51,1283400,76.6683475586,79.4685823368,76.5816529834,79.1131345786,2566800,0.0,1.0
PPG,2014-02-04 00:00:00+00:00,177.24,179.44,176.795,177.73,969000,76.8287325227,77.7823728496,76.6358370929,77.0411342318,1938000,0.0,1.0
PPG,2014-02-05 00:00:00+00:00,177.22,177.63,173.825,175.89,1129300,76.8200630651,76.9977869443,75.3484226515,76.2435441402,2258600,0.0,1.0
PPG,2014-02-06 00:00:00+00:00,178.92,179.31,176.824,177.43,829500,77.5569669542,77.7260213758,76.6484078063,76.9110923691,1659000,0.0,1.0
PPG,2014-02-07 00:00:00+00:00,182.54,182.55,180.5,180.6,798400,79.1261387649,79.1304734936,78.2418540981,78.2852013857,1596800,0.0,1.0
PPG,2014-02-10 00:00:00+00:00,183.93,184.91,181.73,182.13,1005300,79.7286660624,80.1534694807,78.7750257354,78.9484148858,2010600,0.0,1.0
PPG,2014-02-11 00:00:00+00:00,185.16,186.62,183.51,184.41,996100,80.2618376997,80.8947080985,79.5466074545,79.9367330428,1992200,0.0,1.0
PPG,2014-02-12 00:00:00+00:00,185.76,187.07,185.25,186.03,680900,80.5219214252,81.0897708927,80.3008502585,80.6389591017,1361800,0.0,1.0
PPG,2014-02-13 00:00:00+00:00,187.23,187.84,184.16,185.0,687200,81.1591265528,81.4235450071,79.8283648238,80.1924820396,1374400,0.0,1.0
PPG,2014-02-14 00:00:00+00:00,188.9,189.48,187.0951,187.23,707500,81.8830262555,82.1344405236,81.1006510618,81.1591265528,1415000,0.0,1.0
PPG,2014-02-18 00:00:00+00:00,186.59,188.5,186.22,188.46,1309900,80.8817039122,81.7096371052,80.7213189482,81.6922981901,2619800,0.0,1.0
PPG,2014-02-19 00:00:00+00:00,187.06,188.73,185.59,185.65,859000,81.3498546182,82.0761149476,80.7105715738,80.7366647593,1718000,0.61,1.0
PPG,2014-02-20 00:00:00+00:00,188.75,188.88,186.09,187.0,845400,82.0848126761,82.1413479113,80.9280147862,81.3237614327,1690800,0.0,1.0
PPG,2014-02-21 00:00:00+00:00,189.87,190.805,188.7,188.77,1130000,82.5718854718,82.978504279,82.0630683548,82.0935104046,2260000,0.0,1.0
PPG,2014-02-24 00:00:00+00:00,188.52,190.99,188.5,189.49,847700,81.9847887984,83.0589582676,81.9760910699,82.4066286304,1695400,0.0,1.0
PPG,2014-02-25 00:00:00+00:00,190.77,192.0,188.3001,188.31,839600,82.9632832541,83.4981935566,81.8891572736,81.8934626492,1679200,0.0,1.0
PPG,2014-02-26 00:00:00+00:00,193.13,194.12,190.25,190.4,890600,83.9896152166,84.4201527771,82.7371423132,82.8023752769,1781200,0.0,1.0
PPG,2014-02-27 00:00:00+00:00,193.69,194.67,191.2003,192.8,793100,84.2331516144,84.6593403107,83.1504148827,83.8461026964,1586200,0.0,1.0
PPG,2014-02-28 00:00:00+00:00,197.82,198.15,193.75,194.04,1439900,86.0292325488,86.1727450689,84.2592447999,84.3853618631,2879800,0.0,1.0
PPG,2014-03-03 00:00:00+00:00,197.06,198.34,193.23,193.23,807700,85.6987188659,86.2553734896,84.033103859,84.033103859,1615400,0.0,1.0
PPG,2014-03-04 00:00:00+00:00,200.19,200.41,198.68,199.75,677000,87.0599133755,87.1555883889,86.4032348741,86.8685633486,1354000,0.0,1.0
PPG,2014-03-05 00:00:00+00:00,199.54,200.9575,199.11,200.0,597100,86.7772371994,87.3936887065,86.5902360367,86.9772849548,1194200,0.0,1.0
PPG,2014-03-06 00:00:00+00:00,200.14,201.29,199.445,199.76,489600,87.0381690542,87.5382884427,86.735922989,86.8729122128,979200,0.0,1.0
PPG,2014-03-07 00:00:00+00:00,200.07,201.24,199.24,200.34,770000,87.0077270045,87.5165441215,86.6467712719,87.1251463392,1540000,0.0,1.0
PPG,2014-03-10 00:00:00+00:00,200.3,200.83,198.64,199.32,489600,87.1077508822,87.3382406873,86.3858394171,86.6815621859,979200,0.0,1.0
PPG,2014-03-11 00:00:00+00:00,197.51,201.0,197.4501,201.0,886000,85.8944177571,87.4121713795,85.8683680602,87.4121713795,1772000,0.0,1.0
PPG,2014-03-12 00:00:00+00:00,197.21,198.025,196.2,197.21,802800,85.7639518296,86.1183842658,85.3247165406,85.7639518296,1605600,0.0,1.0
PPG,2014-03-13 00:00:00+00:00,194.91,198.8,194.51,198.23,511200,84.7637130527,86.455421245,84.5897584828,86.2075359829,1022400,0.0,1.0
PPG,2014-03-14 00:00:00+00:00,194.58,196.12,194.2525,194.59,607000,84.6202005325,85.2899256266,84.4777752284,84.6245493967,1214000,0.0,1.0
PPG,2014-03-17 00:00:00+00:00,195.96,197.19,194.7425,195.19,834400,85.2203437987,85.7552541012,84.6908695765,84.8854812516,1668800,0.0,1.0
PPG,2014-03-18 00:00:00+00:00,197.96,198.81,196.44,196.47,611600,86.0901166482,86.4597701093,85.4290892826,85.4421358753,1223200,0.0,1.0
PPG,2014-03-19 00:00:00+00:00,195.16,199.22,194.45,198.89,747600,84.8724346589,86.6380735434,84.5636652973,86.4945610233,1495200,0.0,1.0
PPG,2014-03-20 00:00:00+00:00,194.74,196.13,194.01,194.48,916900,84.6897823605,85.2942744909,84.3723152704,84.57671189,1833800,0.0,1.0
PPG,2014-03-21 00:00:00+00:00,195.12,198.14,194.54,196.47,1512400,84.8550392019,86.1683962047,84.6028050755,85.4421358753,3024800,0.0,1.0
PPG,2014-03-24 00:00:00+00:00,193.21,196.4,192.2504,196.1,504400,84.0244061306,85.4116938256,83.6070891173,85.2812278981,1008800,0.0,1.0
PPG,2014-03-25 00:00:00+00:00,192.87,195.09,192.41,194.14,777700,83.8765447461,84.8419926091,83.6764969907,84.4288505056,1555400,0.0,1.0
PPG,2014-03-26 00:00:00+00:00,190.41,194.0,190.41,193.41,746200,82.8067241412,84.3679664061,82.8067241412,84.1113834155,1492400,0.0,1.0
PPG,2014-03-27 00:00:00+00:00,189.53,190.96,188.0344,190.43,600700,82.4240240874,83.0459116748,81.7736079505,82.8154218697,1201400,0.0,1.0
PPG,2014-03-28 00:00:00+00:00,190.81,191.71,189.41,190.03,506400,82.9806787111,83.3720764934,82.3718377164,82.6414672998,1012800,0.0,1.0
PPG,2014-03-31 00:00:00+00:00,193.46,194.98,192.01,192.72,813900,84.1331277367,84.7941551024,83.5025424208,83.8113117824,1627800,0.0,1.0
PPG,2014-04-01 00:00:00+00:00,196.64,196.72,193.38,195.08,546800,85.5160665675,85.5508574815,84.0983368228,84.8376437449,1093600,0.0,1.0
PPG,2014-04-02 00:00:00+00:00,197.26,197.99,195.46,196.17,729100,85.7856961509,86.103163241,85.0029005863,85.3116699479,1458200,0.0,1.0
PPG,2014-04-03 00:00:00+00:00,197.37,200.05,196.155,197.25,612300,85.8335336576,86.999029276,85.3051466515,85.7813472866,1224600,0.0,1.0
PPG,2014-04-04 00:00:00+00:00,197.76,201.59,196.7101,200.47,1418200,86.0031393633,87.6687543702,85.5465521059,87.1816815744,2836400,0.0,1.0
PPG,2014-04-07 00:00:00+00:00,193.07,197.735,192.29,197.27,1163500,83.9635220311,85.9922672027,83.6243106198,85.7900450151,2327000,0.0,1.0
PPG,2014-04-08 00:00:00+00:00,192.5,194.13,190.3,192.88,929300,83.715636769,84.4245016413,82.7588866345,83.8808936104,1858600,0.0,1.0
PPG,2014-04-09 00:00:00+00:00,195.69,195.97,191.71,192.69,716000,85.102924464,85.2246926629,83.3720764934,83.7982651897,1432000,0.0,1.0
PPG,2014-04-10 00:00:00+00:00,189.96,196.191,189.89,195.98,923500,82.61102525,85.3208025628,82.5805832003,85.2290415272,1847000,0.0,1.0
PPG,2014-04-11 00:00:00+00:00,187.82,190.77,187.63,189.4,686700,81.680368301,82.9632832541,81.5977398803,82.3674888522,1373400,0.0,1.0
PPG,2014-04-14 00:00:00+00:00,188.56,189.7,187.14,189.16,652100,82.0021842554,82.4979547796,81.3846455322,82.2631161102,1304200,0.0,1.0
PPG,2014-04-15 00:00:00+00:00,188.53,189.155,185.18,188.64,937700,81.9891376626,82.2609416781,80.5322681396,82.0369751693,1875400,0.0,1.0
PPG,2014-04-16 00:00:00+00:00,191.63,191.93,188.49,190.0,1017200,83.3372855794,83.4677515068,81.9717422056,82.628420707,2034400,0.0,1.0
PPG,2014-04-17 00:00:00+00:00,199.46,200.0,196.48,199.99,1794100,86.7424462854,86.9772849548,85.4464847396,86.9729360905,3588200,0.0,1.0
PPG,2014-04-21 00:00:00+00:00,196.54,199.42,196.39,198.1,1261500,85.472577925,86.7250508284,85.4073449613,86.1510007477,2523000,0.0,1.0
PPG,2014-04-22 00:00:00+00:00,196.36,197.99,196.28,196.87,889000,85.3942983686,86.103163241,85.3595074546,85.6160904452,1778000,0.0,1.0
PPG,2014-04-23 00:00:00+00:00,196.3,198.12,195.9284,196.66,771100,85.3682051831,86.1596984762,85.2066013877,85.524764296,1542200,0.0,1.0
PPG,2014-04-24 00:00:00+00:00,194.51,196.94,194.27,196.63,768400,84.5897584828,85.646532495,84.4853857408,85.5117177033,1536800,0.0,1.0
PPG,2014-04-25 00:00:00+00:00,192.98,194.3,191.76,193.87,714500,83.9243822529,84.4984323336,83.3938208146,84.3114311709,1429000,0.0,1.0
PPG,2014-04-28 00:00:00+00:00,191.47,194.57,190.07,193.77,791900,83.2677037514,84.6158516682,82.6588627568,84.2679425284,1583800,0.0,1.0
PPG,2014-04-29 00:00:00+00:00,193.0,193.45,191.184,192.35,493700,83.9330799813,84.1287788725,83.143326234,83.6504038052,987400,0.0,1.0
PPG,2014-04-30 00:00:00+00:00,193.62,194.0,192.26,192.29,558700,84.2027095647,84.3679664061,83.611264027,83.6243106198,1117400,0.0,1.0
PPG,2014-05-01 00:00:00+00:00,192.64,194.21,192.25,193.15,394500,83.7765208684,84.4592925553,83.6069151628,83.9983129451,789000,0.0,1.0
PPG,2014-05-02 00:00:00+00:00,195.18,195.57,192.18,192.41,758100,84.8811323874,85.050738093,83.576473113,83.6764969907,1516200,0.0,1.0
PPG,2014-05-05 00:00:00+00:00,195.89,196.21,193.585,194.86,444000,85.1899017489,85.3290654049,84.1874885398,84.7419687314,888000,0.0,1.0
PPG,2014-05-06 00:00:00+00:00,195.47,196.49,193.01,194.73,620300,85.0072494505,85.4508336038,83.9374288456,84.6854334962,1240600,0.0,1.0
PPG,2014-05-07 00:00:00+00:00,198.74,198.9,195.0,196.32,809900,86.4293280595,86.4989098875,84.8028528309,85.3769029116,1619800,0.0,1.0
PPG,2014-05-08 00:00:00+00:00,196.28,198.88,194.97,197.62,600400,85.6508813592,86.7854457139,85.0792354728,86.2356183728,1200800,0.67,1.0
PPG,2014-05-09 00:00:00+00:00,196.62,196.84,194.81,196.25,502500,85.7992474671,85.8952490664,85.0094161279,85.637790232,1005000,0.0,1.0
PPG,2014-05-12 00:00:00+00:00,199.41,199.65,196.72,197.83,344400,87.0167222939,87.1214513112,85.8428845577,86.3272562629,688800,0.0,1.0
PPG,2014-05-13 00:00:00+00:00,197.73,199.5,197.56,199.3,475000,86.2836191724,87.0559956754,86.2094361184,86.9687214942,950000,0.0,1.0
PPG,2014-05-14 00:00:00+00:00,196.56,198.41,196.33,197.59,433100,85.7730652128,86.5803513882,85.6726999045,86.2225272456,866200,0.0,1.0
PPG,2014-05-15 00:00:00+00:00,194.63,196.45,193.0,196.3,466900,84.9308693649,85.7250644132,84.2195847887,85.6596087773,933800,0.0,1.0
PPG,2014-05-16 00:00:00+00:00,195.36,195.58,192.96,194.83,735700,85.249420126,85.3454217253,84.2021299525,85.018143546,1471400,0.0,1.0
PPG,2014-05-19 00:00:00+00:00,196.04,198.468,195.355,195.93,493200,85.5461523419,86.6056609007,85.2472382715,85.4981515422,986400,0.0,1.0
PPG,2014-05-20 00:00:00+00:00,195.69,197.24,195.52,196.28,770200,85.3934225249,86.0697974286,85.3192394709,85.6508813592,1540400,0.0,1.0
PPG,2014-05-21 00:00:00+00:00,197.17,197.8923,195.72,196.02,593200,86.0392514652,86.3544421704,85.406513652,85.5374249237,1186400,0.0,1.0
PPG,2014-05-22 00:00:00+00:00,196.35,198.04,196.3,197.01,345700,85.6814273226,86.4188941531,85.6596087773,85.9694321203,691400,0.0,1.0
PPG,2014-05-23 00:00:00+00:00,198.86,199.03,196.27,196.27,302600,86.7767182958,86.8509013497,85.6465176501,85.6465176501,605200,0.0,1.0
PPG,2014-05-27 00:00:00+00:00,198.12,199.71,197.83,199.5,678900,86.4538038256,87.1476335656,86.3272562629,87.0559956754,1357800,0.0,1.0
PPG,2014-05-28 00:00:00+00:00,200.25,200.92,197.9501,198.5,726500,87.3832738546,87.6756423614,86.3796644087,86.6196247697,1453000,0.0,1.0
PPG,2014-05-29 00:00:00+00:00,201.0,201.0,198.0188,200.43,522300,87.7105520338,87.7105520338,86.4096430899,87.4618206176,1044600,0.0,1.0
PPG,2014-05-30 00:00:00+00:00,201.61,202.88,200.14,200.93,539100,87.9767382863,88.5309293364,87.335273055,87.6800060704,1078200,0.0,1.0
PPG,2014-06-02 00:00:00+00:00,202.33,203.05,200.96,201.81,307700,88.2909253383,88.6051123904,87.6930971976,88.0640124674,615400,0.0,1.0
PPG,2014-06-03 00:00:00+00:00,201.72,202.3,200.93,201.41,416100,88.0247390859,88.2778342112,87.6800060704,87.8894641051,832200,0.0,1.0
PPG,2014-06-04 00:00:00+00:00,203.86,204.75,200.0701,201.63,786800,88.958572824,89.34694293,87.3047707287,87.9854657044,1573600,0.0,1.0
PPG,2014-06-05 00:00:00+00:00,203.15,203.79,201.1,203.58,493100,88.648749481,88.9280268606,87.7541891244,88.8363889704,986200,0.0,1.0
PPG,2014-06-06 00:00:00+00:00,204.93,205.8,204.01,204.24,436800,89.425489693,89.8051323809,89.0240284598,89.1243937681,873600,0.0,1.0
PPG,2014-06-09 00:00:00+00:00,205.11,205.65,204.36,204.63,420200,89.504036456,89.7396767451,89.1767582768,89.2945784213,840400,0.0,1.0
PPG,2014-06-10 00:00:00+00:00,205.8,205.89,203.26,204.4,417200,89.8051323809,89.8444057624,88.6967502806,89.194213113,834400,0.0,1.0
PPG,2014-06-11 00:00:00+00:00,205.6,205.92,204.292,204.5,381700,89.7178581998,89.8574968896,89.1470850552,89.2378502036,763400,0.0,1.0
PPG,2014-06-12 00:00:00+00:00,203.58,205.71,203.35,205.37,642000,88.8363889704,89.7658589994,88.7360236621,89.6174928915,1284000,0.0,1.0
PPG,2014-06-13 00:00:00+00:00,204.27,204.75,203.21,203.83,252100,89.1374848953,89.34694293,88.6749317353,88.9454816968,504200,0.0,1.0
PPG,2014-06-16 00:00:00+00:00,203.02,204.25,201.81,203.75,430500,88.5920212632,89.1287574772,88.0640124674,88.9105720243,861000,0.0,1.0
PPG,2014-06-17 00:00:00+00:00,202.51,204.12,202.045,202.52,362800,88.3694721013,89.0720292594,88.1665596302,88.3738358104,725600,0.0,1.0
PPG,2014-06-18 00:00:00+00:00,203.59,204.0,201.2701,202.25,561400,88.8407526794,89.0196647508,87.8284158154,88.2560156659,1122800,0.0,1.0
PPG,2014-06-19 00:00:00+00:00,203.22,204.05,202.975,203.41,425100,88.6792954444,89.041483296,88.5723845725,88.7622059164,850200,0.0,1.0
PPG,2014-06-20 00:00:00+00:00,204.57,205.46,203.28,203.83,753500,89.268396167,89.656766273,88.7054776987,88.9454816968,1507000,0.0,1.0
PPG,2014-06-23 00:00:00+00:00,204.37,205.07,203.7,204.88,299900,89.1811219858,89.4865816198,88.8887534791,89.4036711477,599800,0.0,1.0
PPG,2014-06-24 00:00:00+00:00,203.03,205.49,202.521,203.6,525400,88.5963849723,89.6698574002,88.3742721813,88.8451163885,1050800,0.0,1.0
PPG,2014-06-25 00:00:00+00:00,204.47,205.845,203.42,203.42,614700,89.2247590764,89.8247690717,88.7665696255,88.7665696255,1229400,0.0,1.0
PPG,2014-06-26 00:00:00+00:00,202.58,204.77,201.91,204.73,477600,88.4000180647,89.3556703481,88.107649558,89.3382155119,955200,0.0,1.0
PPG,2014-06-27 00:00:00+00:00,204.05,204.2,201.6,201.61,737000,89.041483296,89.1069389319,87.9723745772,87.9767382863,1474000,0.0,1.0
PPG,2014-06-30 00:00:00+00:00,210.15,213.01,208.6,211.93,1459500,91.7033458204,92.9513666106,91.0269709167,92.4800860325,2919000,0.0,1.0
PPG,2014-07-01 00:00:00+00:00,208.86,210.99,208.83,210.22,679300,91.1404273522,92.0698973812,91.127336225,91.7338917838,1358600,0.0,1.0
PPG,2014-07-02 00:00:00+00:00,208.31,209.48,207.94,208.57,462800,90.9004233541,91.4109773137,90.738966119,91.0138797895,925600,0.0,1.0
PPG,2014-07-03 00:00:00+00:00,210.16,210.36,208.38,208.69,288600,91.7077095295,91.7949837106,90.9309693175,91.0662442982,577200,0.0,1.0
PPG,2014-07-07 00:00:00+00:00,208.38,209.06,207.3101,209.0,622000,90.9309693175,91.2277015333,90.4640960855,91.201519279,1244000,0.0,1.0
PPG,2014-07-08 00:00:00+00:00,206.8,208.86,206.69,207.9,480000,90.2415032865,91.1404273522,90.1935024869,90.7215112828,960000,0.0,1.0
PPG,2014-07-09 00:00:00+00:00,207.82,208.1,206.3801,207.8,424700,90.6866016103,90.8087854639,90.0582711433,90.6778741922,849400,0.0,1.0
PPG,2014-07-10 00:00:00+00:00,207.39,207.81,205.0,205.65,594000,90.4989621209,90.6822379012,89.4560356564,89.7396767451,1188000,0.0,1.0
PPG,2014-07-11 00:00:00+00:00,208.03,208.2,205.79,207.04,350500,90.7782395005,90.8524225544,89.8007686718,90.3462323039,701000,0.0,1.0
PPG,2014-07-14 00:00:00+00:00,207.99,208.94,207.91,208.49,315600,90.7607846643,91.1753370246,90.7258749918,90.9789701171,631200,0.0,1.0
PPG,2014-07-15 00:00:00+00:00,205.56,209.49,205.38,208.72,756200,89.7004033636,91.4153410227,89.6218566005,91.0793354254,1512400,0.0,1.0
PPG,2014-07-16 00:00:00+00:00,205.79,207.19,204.95,206.75,1017900,89.8007686718,90.4116879397,89.4342171111,90.2196847413,2035800,0.0,1.0
PPG,2014-07-17 00:00:00+00:00,207.7,209.75,205.02,205.02,945500,90.6342371016,91.5287974582,89.4647630745,89.4647630745,1891000,0.0,1.0
PPG,2014-07-18 00:00:00+00:00,209.55,210.5,207.96,208.2,699000,91.4415232771,91.8560756374,90.7476935371,90.8524225544,1398000,0.0,1.0
PPG,2014-07-21 00:00:00+00:00,208.75,209.81,208.22,208.59,688800,91.0924265525,91.5549797125,90.8611499726,91.0226072076,1377600,0.0,1.0
PPG,2014-07-22 00:00:00+00:00,210.11,211.09,208.95,209.28,581500,91.6858909842,92.1135344717,91.1797007337,91.3237031325,1163000,0.0,1.0
PPG,2014-07-23 00:00:00+00:00,210.31,211.66,209.73,210.17,742500,91.7731651653,92.362265888,91.5200700401,91.7120732386,1485000,0.0,1.0
PPG,2014-07-24 00:00:00+00:00,210.02,211.32,209.42,210.0,457300,91.6466176027,92.21389978,91.3847950593,91.6378901846,914600,0.0,1.0
PPG,2014-07-25 00:00:00+00:00,208.87,210.5,208.53,210.0,314700,91.1447910612,91.8560756374,90.9964249533,91.6378901846,629400,0.0,1.0
PPG,2014-07-28 00:00:00+00:00,208.67,209.64,207.55,209.28,480000,91.0575168801,91.4807966586,90.5687814658,91.3237031325,960000,0.0,1.0
PPG,2014-07-29 00:00:00+00:00,204.99,208.57,204.91,208.5,714900,89.4516719473,91.0138797895,89.4167622749,90.9833338261,1429800,0.0,1.0
PPG,2014-07-30 00:00:00+00:00,204.43,206.67,203.6,205.25,635200,89.2073042402,90.1847750688,88.8451163885,89.5651283828,1270400,0.0,1.0
PPG,2014-07-31 00:00:00+00:00,198.36,203.82,198.34,203.82,793300,86.5585328429,88.9411179877,86.5498054248,88.9411179877,1586600,0.0,1.0
PPG,2014-08-01 00:00:00+00:00,198.39,199.24,196.5,196.98,704600,86.5716239701,86.9425392399,85.7468829584,85.9563409932,1409200,0.0,1.0
PPG,2014-08-04 00:00:00+00:00,200.62,200.99,198.11,198.11,495500,87.5447310897,87.7061883248,86.4494401165,86.4494401165,991000,0.0,1.0
PPG,2014-08-05 00:00:00+00:00,198.21,200.695,197.68,199.26,529700,86.4930772071,87.5774589076,86.2618006271,86.951266658,1059400,0.0,1.0
PPG,2014-08-06 00:00:00+00:00,198.89,199.81,197.63,197.9,593300,86.7898094229,87.1912706561,86.2399820818,86.3578022263,1186600,0.0,1.0
PPG,2014-08-07 00:00:00+00:00,197.32,200.0,197.0,199.63,517800,86.3970756079,87.5705205837,86.2569627749,87.4085151206,1035600,0.67,1.0
PPG,2014-08-08 00:00:00+00:00,200.22,200.38,197.02,197.79,381700,87.6668481563,87.7369045728,86.265719827,86.6028663312,763400,0.0,1.0
PPG,2014-08-11 00:00:00+00:00,199.18,201.11,199.16,200.65,376900,87.2114814493,88.0565369729,87.2027243972,87.8551247756,753800,0.0,1.0
PPG,2014-08-12 00:00:00+00:00,199.53,199.99,198.47,199.35,278900,87.3647298603,87.5661420576,86.9006061012,87.2859163918,557800,0.0,1.0
PPG,2014-08-13 00:00:00+00:00,202.01,202.11,199.2,200.72,407800,88.4506043155,88.4943895758,87.2202385013,87.8857744578,815600,0.0,1.0
PPG,2014-08-14 00:00:00+00:00,201.57,202.1,200.9205,201.55,433700,88.2579491703,88.4900110498,87.9735639047,88.2491921182,867400,0.0,1.0
PPG,2014-08-15 00:00:00+00:00,202.27,203.77,200.87,202.06,441100,88.5644459923,89.2212248967,87.9514523482,88.4724969457,882200,0.0,1.0
PPG,2014-08-18 00:00:00+00:00,203.77,203.93,202.22,202.3,487200,89.2212248967,89.2912813131,88.5425533622,88.5775815704,974400,0.0,1.0
PPG,2014-08-19 00:00:00+00:00,204.63,205.29,203.822,204.1,407300,89.5977781352,89.8867608531,89.243993232,89.3657162556,814600,0.0,1.0
PPG,2014-08-20 00:00:00+00:00,204.08,204.74,203.19,204.0,469900,89.3569592036,89.6459419215,88.967270387,89.3219309953,939800,0.0,1.0
PPG,2014-08-21 00:00:00+00:00,205.08,206.0,204.08,204.7,464500,89.7948118065,90.1976362012,89.3569592036,89.6284278174,929000,0.0,1.0
PPG,2014-08-22 00:00:00+00:00,204.55,205.45,204.43,205.1,322400,89.562749927,89.9568172696,89.5102076146,89.8035688586,644800,0.0,1.0
PPG,2014-08-25 00:00:00+00:00,206.23,206.36,204.92,205.11,460500,90.2983422999,90.3552631382,89.72475539,89.8079473846,921000,0.0,1.0
PPG,2014-08-26 00:00:00+00:00,203.53,206.12,203.3,205.73,435800,89.116140272,90.2501785135,89.0154341733,90.0794159984,871600,0.0,1.0
PPG,2014-08-27 00:00:00+00:00,205.24,206.65,204.57,206.11,429500,89.864868223,90.4822403931,89.571506979,90.2457999875,859000,0.0,1.0
PPG,2014-08-28 00:00:00+00:00,205.44,206.12,204.361,204.69,379000,89.9524387435,90.2501785135,89.479995785,89.6240492914,758000,0.0,1.0
PPG,2014-08-29 00:00:00+00:00,205.86,206.1999,205.21,205.94,388500,90.1363368368,90.2851629365,89.8517326449,90.171365045,777000,0.0,1.0
PPG,2014-09-02 00:00:00+00:00,205.19,206.54,204.57,206.39,429000,89.8429755928,90.4340766068,89.571506979,90.3683987163,858000,0.0,1.0
PPG,2014-09-03 00:00:00+00:00,203.53,206.12,203.3,205.73,587200,89.116140272,90.2501785135,89.0154341733,90.0794159984,1174400,0.0,1.0
PPG,2014-09-04 00:00:00+00:00,203.62,205.01,203.22,203.83,399500,89.1555470062,89.7641621243,88.9804059651,89.2474960528,799000,0.0,1.0
PPG,2014-09-05 00:00:00+00:00,203.96,204.01,202.95,203.75,529600,89.3044168912,89.3263095214,88.8621857623,89.2124678446,1059200,0.0,1.0
PPG,2014-09-08 00:00:00+00:00,203.92,205.37,203.232,203.71,328000,89.2869027871,89.9217890613,88.9856601963,89.1949537405,656000,0.0,1.0
PPG,2014-09-09 00:00:00+00:00,201.46,204.29,201.1064,204.12,418400,88.2097853839,89.4489082502,88.0549607035,89.3744733077,836800,0.0,1.0
PPG,2014-09-10 00:00:00+00:00,202.46,202.65,200.12,201.18,402100,88.6476379869,88.7308299814,87.623062896,88.0871866551,804200,0.0,1.0
PPG,2014-09-11 00:00:00+00:00,201.42,202.13,200.45,200.99,450400,88.1922712798,88.5031466279,87.767554255,88.0039946606,900800,0.0,1.0
PPG,2014-09-12 00:00:00+00:00,199.68,201.7825,198.95,201.32,474900,87.4304077507,88.3509928484,87.1107753506,88.1484860195,949800,0.0,1.0
PPG,2014-09-15 00:00:00+00:00,199.71,200.385,198.4834,199.76,496300,87.4435433288,87.7390938358,86.9064733261,87.465435959,992600,0.0,1.0
PPG,2014-09-16 00:00:00+00:00,200.52,201.87,198.53,199.38,811800,87.7982039372,88.3893049511,86.9268772574,87.2990519699,1623600,0.0,1.0
PPG,2014-09-17 00:00:00+00:00,201.83,202.9,200.83,201.46,679300,88.371790847,88.8402931321,87.9339382441,88.2097853839,1358600,0.0,1.0
PPG,2014-09-18 00:00:00+00:00,203.16,204.035,201.89,202.21,528800,88.9541348089,89.3372558364,88.3980620032,88.5381748361,1057600,0.0,1.0
PPG,2014-09-19 00:00:00+00:00,202.81,205.16,202.78,203.96,729500,88.8008863979,89.8298400147,88.7877508198,89.3044168912,1459000,0.0,1.0
PPG,2014-09-22 00:00:00+00:00,199.68,203.46,199.52,202.96,678128,87.4304077507,89.0854905898,87.3603513343,88.8665642883,1356256,0.0,1.0
PPG,2014-09-23 00:00:00+00:00,198.28,199.93,198.09,199.24,672096,86.8174141067,87.5398709015,86.7342221121,87.2377526055,1344192,0.0,1.0
PPG,2014-09-24 00:00:00+00:00,200.54,200.83,198.48,198.7,587661,87.8069609892,87.9339382441,86.9049846272,87.0013121999,1175322,0.0,1.0
PPG,2014-09-25 00:00:00+00:00,197.41,199.62,197.41,199.39,498968,86.4364823421,87.4041365946,86.4364823421,87.3034304959,997936,0.0,1.0
PPG,2014-09-26 00:00:00+00:00,198.45,198.7,197.0,197.12,383420,86.8918490491,87.0013121999,86.2569627749,86.3095050873,766840,0.0,1.0
PPG,2014-09-29 00:00:00+00:00,199.46,199.89,196.725,197.28,549696,87.3340801781,87.5223567974,86.1365533091,86.3795615037,1099392,0.0,1.0
PPG,2014-09-30 00:00:00+00:00,196.74,199.38,196.38,199.08,799372,86.1431210982,87.2990519699,85.9854941611,87.167696189,1598744,0.0,1.0
PPG,2014-10-01 00:00:00+00:00,191.17,196.5,189.67,196.5,1514490,83.7042820999,86.0380364735,83.0475031955,86.0380364735,3028980,0.0,1.0
PPG,2014-10-02 00:00:00+00:00,191.17,191.9,187.89,190.87,862423,83.7042820999,84.0239145,82.2681255623,83.572926319,1724846,0.0,1.0
PPG,2014-10-03 00:00:00+00:00,191.85,193.66,190.73,192.03,721348,84.0020218699,84.7945350812,83.5116269546,84.0808353384,1442696,0.0,1.0
PPG,2014-10-06 00:00:00+00:00,191.27,193.54,190.56,193.54,469662,83.7480673602,84.7419927688,83.4371920121,84.7419927688,939324,0.0,1.0
PPG,2014-10-07 00:00:00+00:00,186.42,190.39,186.33,190.39,1174047,81.624482236,83.3627570696,81.5850755018,83.3627570696,2348094,0.0,1.0
PPG,2014-10-08 00:00:00+00:00,189.53,189.76,185.08,186.45,1425080,82.9862038311,83.0869099298,81.0377597481,81.6376178141,2850160,0.0,1.0
PPG,2014-10-09 00:00:00+00:00,186.03,190.26,185.61,189.99,1102493,81.4537197209,83.3058362312,81.2698216277,83.1876160285,2204986,0.0,1.0
PPG,2014-10-10 00:00:00+00:00,183.55,187.41,183.46,185.78,1001973,80.3678452657,82.0579563129,80.3284385314,81.3442565702,2003946,0.0,1.0
PPG,2014-10-13 00:00:00+00:00,176.59,183.99,176.18,183.29,1250532,77.3203911494,80.5605004109,77.1408715822,80.2540035889,2501064,0.0,1.0
PPG,2014-10-14 00:00:00+00:00,177.58,179.96,175.42,177.12,1273028,77.7538652262,78.7959544212,76.8081036039,77.5524530289,2546056,0.0,1.0
PPG,2014-10-15 00:00:00+00:00,180.5,181.14,173.013,175.37,1694421,79.0323948268,79.3126204926,75.7541923887,76.7862109738,3388842,0.0,1.0
PPG,2014-10-16 00:00:00+00:00,181.83,183.5,171.56,173.9,2049254,79.6147387886,80.3459526355,75.1179925567,76.1425676475,4098508,0.0,1.0
PPG,2014-10-17 00:00:00+00:00,187.25,188.37,183.65,184.64,1727386,81.9878998965,82.4782948117,80.411630526,80.8451046028,3454772,0.0,1.0
PPG,2014-10-20 00:00:00+00:00,191.18,191.27,186.77,187.78,1206719,83.7086606259,83.7480673602,81.7777306471,82.219961776,2413438,0.0,1.0
PPG,2014-10-21 00:00:00+00:00,196.04,196.275,191.95,191.95,1199405,85.8366242761,85.9395196378,84.0458071302,84.0458071302,2398810,0.0,1.0
PPG,2014-10-22 00:00:00+00:00,193.71,198.5,193.3,197.26,1468715,84.8164277113,86.9137416793,84.6369081441,86.3708044517,2937430,0.0,1.0
PPG,2014-10-23 00:00:00+00:00,194.9,196.57,194.11,195.97,856019,85.3374723088,86.0686861557,84.9915687525,85.8059745939,1712038,0.0,1.0
PPG,2014-10-24 00:00:00+00:00,195.85,196.11,192.62,194.86,807489,85.7534322816,85.8672739583,84.3391683741,85.3199582047,1614978,0.0,1.0
PPG,2014-10-27 00:00:00+00:00,192.6,193.84,191.2,193.16,1050142,84.3304113221,84.8733485497,83.717417678,84.5756087797,2100284,0.0,1.0
PPG,2014-10-28 00:00:00+00:00,195.39,196.86,193.96,194.77,1122911,85.5520200842,86.1956634105,84.925890862,85.2805514704,2245822,0.0,1.0
PPG,2014-10-29 00:00:00+00:00,192.05,195.428,190.78,195.01,1873360,84.0895923905,85.5686584831,83.5335195848,85.3856360951,3746720,0.0,1.0
PPG,2014-10-30 00:00:00+00:00,192.35,193.44,190.78,191.34,684052,84.2209481713,84.6982075085,83.5335195848,83.7787170424,1368104,0.0,1.0
PPG,2014-10-31 00:00:00+00:00,203.69,204.5,193.55,194.79,2699086,89.1861966884,89.5408572968,84.7463712948,85.2893085225,5398172,0.0,1.0
PPG,2014-11-03 00:00:00+00:00,200.37,204.784,199.88,204.05,1204585,87.7325260468,89.665207436,87.5179782713,89.3438236255,2409170,0.0,1.0
PPG,2014-11-04 00:00:00+00:00,198.47,200.79,197.27,200.25,856300,86.9006061012,87.91642414,86.3751829777,87.6799837344,1712600,0.0,1.0
PPG,2014-11-05 00:00:00+00:00,205.25,205.46,199.65,200.42,1481680,89.869246749,89.9611957956,87.4172721727,87.7544186769,2963360,0.0,1.0
PPG,2014-11-06 00:00:00+00:00,206.09,206.26,203.16,205.0,995107,90.5304041794,90.6050811104,89.2433253098,90.0515932688,1990214,0.67,1.0
PPG,2014-11-07 00:00:00+00:00,206.9,207.49,203.06,203.06,909694,90.8862177918,91.14539067,89.1993977033,89.1993977033,1819388,0.0,1.0
PPG,2014-11-10 00:00:00+00:00,206.27,207.33,205.34,206.57,616033,90.6094738711,91.0751064997,90.2009471309,90.7412566905,1232066,0.0,1.0
PPG,2014-11-11 00:00:00+00:00,205.26,207.01,204.71,206.25,704846,90.1658050457,90.9345381589,89.9242032101,90.6006883498,1409692,0.0,1.0
PPG,2014-11-12 00:00:00+00:00,203.9,205.594,203.16,205.24,1038283,89.5683895976,90.3125232513,89.2433253098,90.1570195244,2076566,0.0,1.0
PPG,2014-11-13 00:00:00+00:00,205.23,206.99,203.01,204.23,989989,90.1526267637,90.9257526377,89.1774339,89.713350699,1979978,0.0,1.0
PPG,2014-11-14 00:00:00+00:00,203.9,206.35,203.471,205.11,803221,89.5683895976,90.6446159562,89.3799401659,90.099913636,1606442,0.0,1.0
PPG,2014-11-17 00:00:00+00:00,205.33,206.37,203.41,204.0,546610,90.1965543702,90.6534014775,89.3531443259,89.6123172041,1093220,0.0,1.0
PPG,2014-11-18 00:00:00+00:00,208.5,208.75,204.35,204.95,901522,91.5890594954,91.6988785116,89.7660638268,90.0296294656,1803044,0.0,1.0
PPG,2014-11-19 00:00:00+00:00,210.66,211.08,208.02,208.69,1359327,92.5378957952,92.7223917424,91.3782069843,91.6725219477,2718654,0.0,1.0
PPG,2014-11-20 00:00:00+00:00,212.66,212.88,209.61,209.84,702885,93.4164479247,93.5130886589,92.0766559272,92.1776894221,1405770,0.0,1.0
PPG,2014-11-21 00:00:00+00:00,215.35,217.73,213.7,215.04,1290386,94.5981005388,95.6435775728,93.873295032,94.4619249587,2580772,0.0,1.0
PPG,2014-11-24 00:00:00+00:00,215.57,216.54,214.45,215.6,1184001,94.694741273,95.1208390558,94.2027520805,94.7079195549,2368002,0.0,1.0
PPG,2014-11-25 00:00:00+00:00,215.4,217.44,215.18,215.18,681987,94.620064342,95.516187514,94.5234236078,94.5234236078,1363974,0.0,1.0
PPG,2014-11-26 00:00:00+00:00,216.95,217.13,214.5501,215.15,454614,95.3009422423,95.380011934,94.2467236146,94.5102453258,909228,0.0,1.0
PPG,2014-11-28 00:00:00+00:00,218.82,219.54,216.48,218.3,643176,96.1223884834,96.43866725,95.0944824919,95.8939649297,1286352,0.0,1.0
PPG,2014-12-01 00:00:00+00:00,219.87,220.78,216.785,217.46,1597910,96.5836283513,96.9833695702,95.2284616916,95.5249730353,3195820,0.0,1.0
PPG,2014-12-02 00:00:00+00:00,219.13,222.24,217.945,221.21,907622,96.2585640634,97.6247126247,95.7380219267,97.1722582781,1815244,0.0,1.0
PPG,2014-12-03 00:00:00+00:00,223.26,223.63,219.13,219.6,795751,98.0727742107,98.2353063547,96.2585640634,96.4650238138,1591502,0.0,1.0
PPG,2014-12-04 00:00:00+00:00,223.71,225.165,222.46,223.11,1026424,98.2704484399,98.909595114,97.721353359,98.006882801,2052848,0.0,1.0
PPG,2014-12-05 00:00:00+00:00,222.85,225.45,222.45,223.9,764040,97.8926710242,99.0347887925,97.7169605983,98.3539108922,1528080,0.0,1.0
PPG,2014-12-08 00:00:00+00:00,222.84,223.95,221.67,222.4,902581,97.8882782636,98.3758746954,97.3743252678,97.6949967951,1805162,0.0,1.0
PPG,2014-12-09 00:00:00+00:00,225.69,225.79,221.01,221.01,890645,99.140215048,99.1841426545,97.0844030651,97.0844030651,1781290,0.0,1.0
PPG,2014-12-10 00:00:00+00:00,220.85,225.61,220.48,225.61,764908,97.0141188948,99.1050729629,96.8515867508,99.1050729629,1529816,0.0,1.0
PPG,2014-12-11 00:00:00+00:00,222.6,224.31,220.47,220.86,749598,97.782852008,98.5340140787,96.8471939902,97.0185116554,1499196,0.0,1.0
PPG,2014-12-12 00:00:00+00:00,219.82,222.41,219.76,221.64,1370954,96.5616645481,97.6993895557,96.5353079842,97.3611469859,2741908,0.0,1.0
PPG,2014-12-15 00:00:00+00:00,218.11,222.47,216.23,221.02,1289036,95.8105024774,97.7257461196,94.9846634757,97.0887958258,2578072,0.0,1.0
PPG,2014-12-16 00:00:00+00:00,216.66,221.33,216.04,216.29,972923,95.1735521836,97.2249714058,94.9012010234,95.0110200396,1945846,0.0,1.0
PPG,2014-12-17 00:00:00+00:00,222.26,223.04,216.69,217.09,971533,97.633498146,97.9761334765,95.1867304655,95.3624408914,1943066,0.0,1.0
PPG,2014-12-18 00:00:00+00:00,227.01,227.1,222.91,224.43,755095,99.7200594535,99.7595942993,97.9190275881,98.5867272065,1510190,0.0,1.0
PPG,2014-12-19 00:00:00+00:00,227.9,229.6,227.01,228.08,1071707,100.1110151511,100.8577844611,99.7200594535,100.1900848427,2143414,0.0,1.0
PPG,2014-12-22 00:00:00+00:00,229.6,230.03,227.33,228.64,823224,100.8577844611,101.0466731689,99.8606277942,100.436079439,1646448,0.0,1.0
PPG,2014-12-23 00:00:00+00:00,231.07,232.16,229.995,230.18,509419,101.5035202763,101.9823311868,101.0312985067,101.1125645787,1018838,0.0,1.0
PPG,2014-12-24 00:00:00+00:00,231.12,231.84,230.38,231.5,270832,101.5254840795,101.8417628461,101.2004197916,101.6924089841,541664,0.0,1.0
PPG,2014-12-26 00:00:00+00:00,231.59,232.79,230.59,231.38,302492,101.7319438299,102.2590751076,101.2926677652,101.6396958563,604984,0.0,1.0
PPG,2014-12-29 00:00:00+00:00,232.46,233.16,230.61,230.91,434446,102.1141140062,102.4216072515,101.3014532865,101.4332361059,868892,0.0,1.0
PPG,2014-12-30 00:00:00+00:00,231.66,232.61,231.13,231.53,421647,101.7626931544,102.1800054159,101.5298768401,101.705587266,843294,0.0,1.0
PPG,2014-12-31 00:00:00+00:00,231.15,233.67,231.02,232.25,635776,101.5386623614,102.6456380445,101.481556473,102.0218660326,1271552,0.0,1.0
PPG,2015-01-02 00:00:00+00:00,229.4,232.34,227.59,231.15,444388,100.7699292482,102.0614008785,99.974839571,101.5386623614,888776,0.0,1.0
PPG,2015-01-05 00:00:00+00:00,223.48,227.75,222.59,227.06,965878,98.169414945,100.0451237414,97.7784592474,99.7420232567,1931756,0.0,1.0
PPG,2015-01-06 00:00:00+00:00,222.93,225.3,219.81,224.71,855299,97.9278131094,98.9688973828,96.5572717874,98.7097245046,1710598,0.0,1.0
PPG,2015-01-07 00:00:00+00:00,223.92,224.7,221.39,222.98,1183239,98.3626964135,98.705331744,97.2513279697,97.9497769126,2366478,0.0,1.0
PPG,2015-01-08 00:00:00+00:00,229.88,230.6899,224.93,226.24,1037936,100.9807817592,101.3365514441,98.8063652388,99.3818168836,2075872,0.0,1.0
PPG,2015-01-09 00:00:00+00:00,226.97,230.77,225.75,230.23,798024,99.7024884109,101.3717374568,99.1665716119,101.1345283819,1596048,0.0,1.0
PPG,2015-01-12 00:00:00+00:00,226.25,228.0499,224.83,227.0,723417,99.3862096443,100.1768626332,98.7624376324,99.7156666928,1446834,0.0,1.0
PPG,2015-01-13 00:00:00+00:00,226.99,230.24,224.47,227.41,828201,99.7112739322,101.1389211425,98.6042982491,99.8957698794,1656402,0.0,1.0
PPG,2015-01-14 00:00:00+00:00,226.97,227.04,222.53,224.32,1277861,99.7024884109,99.7332377354,97.7521026835,98.5384068394,2555722,0.0,1.0
PPG,2015-01-15 00:00:00+00:00,226.2,233.98,224.77,229.11,1552774,99.364245841,102.7818136246,98.7360810685,100.6425391894,3105548,0.0,1.0
PPG,2015-01-16 00:00:00+00:00,230.38,230.9,225.0603,226.07,943166,101.2004197916,101.4288433453,98.8636029101,99.3071399526,1886332,0.0,1.0
PPG,2015-01-20 00:00:00+00:00,228.16,232.0,226.16,231.09,1040968,100.2252269279,101.9120470165,99.3466747985,101.5123057976,2081936,0.0,1.0
PPG,2015-01-21 00:00:00+00:00,228.03,229.62,226.21,227.47,734545,100.1681210395,100.8665699824,99.3686386017,99.9221264432,1469090,0.0,1.0
PPG,2015-01-22 00:00:00+00:00,231.35,231.96,226.31,228.71,589810,101.6265175744,101.8944759739,99.4125662082,100.4668287635,1179620,0.0,1.0
PPG,2015-01-23 00:00:00+00:00,227.81,231.0,227.77,231.0,476443,100.0714803053,101.4727709517,100.0539092627,101.4727709517,952886,0.0,1.0
PPG,2015-01-26 00:00:00+00:00,227.82,228.15,225.21,227.1,501258,100.0758730659,100.2208341673,98.929362537,99.7595942993,1002516,0.0,1.0
PPG,2015-01-27 00:00:00+00:00,225.96,228.025,224.26,226.0,623227,99.2588195855,100.1659246592,98.5120502755,99.2763906281,1246454,0.0,1.0
PPG,2015-01-28 00:00:00+00:00,221.74,227.71,221.24,226.13,705557,97.4050745924,100.0275526988,97.18543656,99.3334965165,1411114,0.0,1.0
PPG,2015-01-29 00:00:00+00:00,225.71,226.07,220.31,222.0,764441,99.1490005693,99.3071399526,96.7769098198,97.5192863692,1528882,0.0,1.0
PPG,2015-01-30 00:00:00+00:00,222.88,226.06,222.74,222.74,1354186,97.9058493062,99.302747192,97.8443506571,97.8443506571,2708372,0.0,1.0
PPG,2015-02-02 00:00:00+00:00,223.73,224.24,219.88,221.25,794784,98.2792339612,98.5032647542,96.588021112,97.1898293206,1589568,0.0,1.0
PPG,2015-02-03 00:00:00+00:00,226.9,227.75,223.8418,226.43,664320,99.6717390863,100.0451237414,98.3283450252,99.4652793359,1328640,0.0,1.0
PPG,2015-02-04 00:00:00+00:00,227.45,228.94,225.01,226.6,549950,99.9133409219,100.5678622584,98.841507324,99.5399562669,1099900,0.0,1.0
PPG,2015-02-05 00:00:00+00:00,230.37,231.23,227.83,228.96,676374,101.1960270309,101.5738044466,100.0802658265,100.5766477797,1352748,0.0,1.0
PPG,2015-02-06 00:00:00+00:00,230.86,232.0,229.11,230.18,572999,101.4112723027,101.9120470165,100.6425391894,101.1125645787,1145998,0.0,1.0
PPG,2015-02-09 00:00:00+00:00,226.82,230.86,226.18,230.36,870870,99.6365970012,101.4112723027,99.3554603197,101.1916342703,1741740,0.0,1.0
PPG,2015-02-10 00:00:00+00:00,228.24,229.45,225.9,229.18,502524,100.2603690131,100.7918930514,99.2324630216,100.6732885139,1005048,0.0,1.0
PPG,2015-02-11 00:00:00+00:00,228.22,229.2,226.91,227.92,388066,100.2515834918,100.6820740352,99.676131847,100.1198006724,776132,0.0,1.0
PPG,2015-02-12 00:00:00+00:00,233.03,233.59,229.115,230.26,813128,102.3645013631,102.6104959594,100.6447355697,101.1477066638,1626256,0.0,1.0
PPG,2015-02-13 00:00:00+00:00,236.77,236.85,233.1,233.69,625595,104.0073938452,104.0425359304,102.3952506877,102.6544235658,1251190,0.0,1.0
PPG,2015-02-17 00:00:00+00:00,235.85,236.98,233.51,234.3,869574,103.6032598656,104.0996418188,102.5753538742,102.9223819653,1739148,0.0,1.0
PPG,2015-02-18 00:00:00+00:00,236.24,236.38,233.23,234.3,572015,104.0688924943,104.1305655596,102.7429215901,103.2142800178,1144030,0.67,1.0
PPG,2015-02-19 00:00:00+00:00,235.5,237.135,234.02,234.48,474781,103.7429062919,104.4631595904,103.0909338872,103.2935739589,949562,0.0,1.0
PPG,2015-02-20 00:00:00+00:00,236.64,237.2,232.1,234.63,673668,104.2451012523,104.4917935135,102.2451318486,103.3596522432,1347336,0.0,1.0
PPG,2015-02-23 00:00:00+00:00,236.49,237.1,234.8178,235.21,673812,104.179022968,104.447741324,103.4423822551,103.6151549423,1347624,0.0,1.0
PPG,2015-02-24 00:00:00+00:00,236.77,237.195,235.51,236.85,497360,104.3023690987,104.4895909041,103.7473115108,104.3376108503,994720,0.0,1.0
PPG,2015-02-25 00:00:00+00:00,235.67,237.41,235.17,236.0,543067,103.8177950141,104.5843031115,103.5975340665,103.9631672394,1086134,0.0,1.0
PPG,2015-02-26 00:00:00+00:00,235.84,236.81,234.66,235.24,483848,103.8926837362,104.3199899745,103.3728679,103.6283705992,967696,0.0,1.0
PPG,2015-02-27 00:00:00+00:00,235.38,236.96,234.1,235.87,697392,103.6900436645,104.3860682587,103.1261756388,103.9058993931,1394784,0.0,1.0
PPG,2015-03-02 00:00:00+00:00,237.7,237.75,235.56,236.89,727369,104.7120544611,104.7340805558,103.7693376056,104.3552317261,1454738,0.0,1.0
PPG,2015-03-03 00:00:00+00:00,234.54,236.98,233.83,236.89,618772,103.3200052726,104.3948786966,103.0072347271,104.3552317261,1237544,0.0,1.0
PPG,2015-03-04 00:00:00+00:00,235.34,237.9,232.21,233.12,843525,103.6724227887,104.8001588401,102.2935892571,102.6944641816,1687050,0.0,1.0
PPG,2015-03-05 00:00:00+00:00,235.45,236.27,234.1201,235.83,487151,103.7208801971,104.0821081511,103.1350301289,103.8882785173,974302,0.0,1.0
PPG,2015-03-06 00:00:00+00:00,231.97,234.77,231.65,233.37,545028,102.1878640023,103.4213253085,102.0468969958,102.8045946554,1090056,0.0,1.0
PPG,2015-03-09 00:00:00+00:00,232.29,233.72,231.52,232.44,709330,102.3288310087,102.9587773186,101.9896291495,102.3949092929,1418660,0.0,1.0
PPG,2015-03-10 00:00:00+00:00,227.67,230.12,227.635,229.93,803393,100.2936198534,101.3728984964,100.2782015871,101.2891993363,1606786,0.0,1.0
PPG,2015-03-11 00:00:00+00:00,225.18,228.15,225.01,227.82,797119,99.1967203346,100.505070363,99.1218316125,100.3596981377,1594238,0.0,1.0
PPG,2015-03-12 00:00:00+00:00,229.7,229.83,225.11,225.39,493163,101.1878793004,101.2451471468,99.165883802,99.2892299326,986326,0.0,1.0
PPG,2015-03-13 00:00:00+00:00,227.91,229.49,226.335,228.71,590778,100.3993451082,101.0953697025,99.7055231235,100.7517626243,1181556,0.0,1.0
PPG,2015-03-16 00:00:00+00:00,230.08,230.25,228.03,228.74,545614,101.3552776205,101.4301663427,100.4522077356,100.7649782811,1091228,0.0,1.0
PPG,2015-03-17 00:00:00+00:00,227.26,229.54,226.13,228.47,558095,100.1130058764,101.1173957972,99.615216135,100.6460373695,1116190,0.0,1.0
PPG,2015-03-18 00:00:00+00:00,229.64,232.16,223.0,225.91,1055092,101.1614479867,102.2715631623,98.2363826034,99.5183013181,2110184,0.0,1.0
PPG,2015-03-19 00:00:00+00:00,226.17,228.974,225.85,228.17,508816,99.6328370108,100.8680604046,99.4918700044,100.5138808009,1017632,0.0,1.0
PPG,2015-03-20 00:00:00+00:00,229.06,230.25,225.78,227.34,777543,100.9059452876,101.4301663427,99.4610334717,100.148247628,1555086,0.0,1.0
PPG,2015-03-23 00:00:00+00:00,226.43,229.82,226.42,228.73,645082,99.7473727035,101.2407419278,99.7429674845,100.7605730622,1290164,0.0,1.0
PPG,2015-03-24 00:00:00+00:00,225.49,227.87,225.49,226.39,587398,99.3332821221,100.3817242324,99.3332821221,99.7297518277,1174796,0.0,1.0
PPG,2015-03-25 00:00:00+00:00,222.46,227.03,222.28,225.79,653392,97.99850078,100.0116858405,97.9192068389,99.4654386906,1306784,0.0,1.0
PPG,2015-03-26 00:00:00+00:00,221.3,222.5,220.05,220.59,562643,97.4874953817,98.0161216558,96.9368430129,97.1747248362,1125286,0.0,1.0
PPG,2015-03-27 00:00:00+00:00,222.96,224.0,220.93,222.02,611399,98.2187617276,98.6769044984,97.3245022805,97.8046711462,1222798,0.0,1.0
PPG,2015-03-30 00:00:00+00:00,224.49,226.05,223.15,224.3,633250,98.892760227,99.5799743834,98.3024608876,98.809061067,1266500,0.0,1.0
PPG,2015-03-31 00:00:00+00:00,225.54,226.4,222.16,222.93,919090,99.3553082169,99.7341570466,97.8663442115,98.2055460707,1838180,0.0,1.0
PPG,2015-04-01 00:00:00+00:00,224.46,225.96,222.35,225.35,811845,98.8795445702,99.5403274128,97.9500433716,99.2716090568,1623690,0.0,1.0
PPG,2015-04-02 00:00:00+00:00,223.58,225.27,222.93,223.42,710527,98.4918853025,99.2363673052,98.2055460707,98.4214017993,1421054,0.0,1.0
PPG,2015-04-06 00:00:00+00:00,224.22,224.97,222.0,222.66,550264,98.7738193154,99.1042107367,97.7958607083,98.086605159,1100528,0.0,1.0
PPG,2015-04-07 00:00:00+00:00,224.9,226.33,223.41,224.04,593701,99.073374204,99.703320514,98.4169965804,98.6945253743,1187402,0.0,1.0
PPG,2015-04-08 00:00:00+00:00,226.13,226.66,224.32,224.32,810187,99.615216135,99.8486927394,98.8178715049,98.8178715049,1620374,0.0,1.0
PPG,2015-04-09 00:00:00+00:00,228.34,228.52,225.415,226.37,588704,100.5887695231,100.6680634642,99.30024298,99.7209413898,1177408,0.0,1.0
PPG,2015-04-10 00:00:00+00:00,229.5,229.9,227.0325,229.0,704334,101.0997749214,101.2759836794,100.0127871453,100.8795139739,1408668,0.0,1.0
PPG,2015-04-13 00:00:00+00:00,229.59,230.75,228.42,229.35,672255,101.139421892,101.6504272903,100.6240112747,101.0336966371,1344510,0.0,1.0
PPG,2015-04-14 00:00:00+00:00,227.96,229.718,226.92,229.41,640625,100.421371203,101.1958086945,99.9632284321,101.0601279508,1281250,0.0,1.0
PPG,2015-04-15 00:00:00+00:00,227.27,229.09,226.52,228.74,924921,100.1174110954,100.9191609444,99.7870196741,100.7649782811,1849842,0.0,1.0
PPG,2015-04-16 00:00:00+00:00,226.75,233.11,226.565,233.03,1246262,99.8883397099,102.6900589626,99.8068431593,102.654817211,2492524,0.0,1.0
PPG,2015-04-17 00:00:00+00:00,226.61,228.01,224.35,225.13,1106275,99.8266666446,100.4433972977,98.8310871617,99.1746942399,2212550,0.0,1.0
PPG,2015-04-20 00:00:00+00:00,227.68,228.94,225.47,228.04,955952,100.2980250724,100.8530826602,99.3244716842,100.4566129546,1911904,0.0,1.0
PPG,2015-04-21 00:00:00+00:00,227.05,228.28,225.57,228.21,590669,100.0204962785,100.5623382094,99.3685238737,100.5315016767,1181338,0.0,1.0
PPG,2015-04-22 00:00:00+00:00,226.4,228.4,225.49,227.16,436055,99.7341570466,100.6152008368,99.3332821221,100.0689536869,872110,0.0,1.0
PPG,2015-04-23 00:00:00+00:00,225.88,226.86,225.37,226.08,427751,99.5050856612,99.9367971184,99.2804194947,99.5931900402,855502,0.0,1.0
PPG,2015-04-24 00:00:00+00:00,223.31,226.81,222.5,225.87,864799,98.3729443908,99.9147710236,98.0161216558,99.5006804423,1729598,0.0,1.0
PPG,2015-04-27 00:00:00+00:00,220.85,223.96,220.375,223.46,1084867,97.2892605289,98.6592836226,97.0800126288,98.4390226751,2169734,0.0,1.0
PPG,2015-04-28 00:00:00+00:00,220.76,221.34,218.6,220.53,978621,97.2496135584,97.5051162575,96.298086265,97.1482935225,1957242,0.0,1.0
PPG,2015-04-29 00:00:00+00:00,222.17,222.33,219.13,219.7,876689,97.8707494304,97.9412329337,96.5315628694,96.7826603496,1753378,0.0,1.0
PPG,2015-04-30 00:00:00+00:00,221.56,223.17,220.02,220.48,1108896,97.6020310744,98.3112713255,96.923627356,97.1262674278,2217792,0.0,1.0
PPG,2015-05-01 00:00:00+00:00,224.55,224.81,221.16,221.73,757789,98.9191915407,99.0337272335,97.4258223164,97.6769197966,1515578,0.0,1.0
PPG,2015-05-04 00:00:00+00:00,225.03,226.0,224.57,224.88,545514,99.1306420504,99.5579482886,98.9280019786,99.0645637661,1091028,0.0,1.0
PPG,2015-05-05 00:00:00+00:00,221.58,226.98,221.41,226.5,710403,97.6108415124,99.9896597458,97.5359527902,99.7782092362,1420806,0.0,1.0
PPG,2015-05-06 00:00:00+00:00,222.05,222.8,220.66,222.66,706116,97.817886803,98.1482782244,97.2055613689,98.086605159,1412232,0.0,1.0
PPG,2015-05-07 00:00:00+00:00,224.91,225.76,220.68,221.5,1082590,99.3949551874,99.7705974973,97.5255822807,97.8879666267,2165180,0.72,1.0
PPG,2015-05-08 00:00:00+00:00,229.05,230.52,226.8,227.78,792808,101.2245542025,101.8741944325,100.2302069117,100.6633003984,1585616,0.0,1.0
PPG,2015-05-11 00:00:00+00:00,227.33,230.18,227.21,228.53,861468,100.4644309402,101.7239375085,100.4113990847,100.9947494953,1722936,0.0,1.0
PPG,2015-05-12 00:00:00+00:00,224.49,227.32,224.42,226.51,623756,99.2093436932,100.4600116189,99.1784084441,100.1020465942,1247512,0.0,1.0
PPG,2015-05-13 00:00:00+00:00,225.4,225.8,222.5,224.51,772337,99.6115019308,99.7882747825,98.329898756,99.2181823357,1544674,0.0,1.0
PPG,2015-05-14 00:00:00+00:00,228.8,229.0,226.0,227.23,763679,101.1140711702,101.202457596,99.8766612083,100.4202377273,1527358,0.0,1.0
PPG,2015-05-15 00:00:00+00:00,231.7,231.78,227.84,228.68,631732,102.395674345,102.4310289153,100.6898163261,101.0610393147,1263464,0.0,1.0
PPG,2015-05-18 00:00:00+00:00,230.93,231.7,229.5,231.7,921966,102.0553866055,102.395674345,101.4234236606,102.395674345,1843932,0.0,1.0
PPG,2015-05-19 00:00:00+00:00,229.99,231.91,229.39,230.88,740817,101.639970404,102.4884800921,101.3748111264,102.033289999,1481634,0.0,1.0
PPG,2015-05-20 00:00:00+00:00,228.93,230.78,228.23,230.0,642408,101.171522347,101.9890967861,100.8621698565,101.6443897253,1284816,0.0,1.0
PPG,2015-05-21 00:00:00+00:00,229.23,230.23,228.2401,228.32,332205,101.3041019858,101.746034115,100.866633371,100.9019437481,664410,0.0,1.0
PPG,2015-05-22 00:00:00+00:00,229.19,230.32,228.64,228.64,371417,101.2864247006,101.7858080066,101.0433620295,101.0433620295,742834,0.0,1.0
PPG,2015-05-26 00:00:00+00:00,226.72,229.18,225.75,228.42,735396,100.1948523414,101.2820053793,99.766178176,100.9461369611,1470792,0.0,1.0
PPG,2015-05-27 00:00:00+00:00,229.14,229.65,227.22,227.52,716921,101.2643280941,101.48971348,100.415818406,100.5483980448,1433842,0.0,1.0
PPG,2015-05-28 00:00:00+00:00,229.82,230.13,227.35,228.29,615453,101.564841942,101.7018409021,100.4732695828,100.8886857843,1230906,0.0,1.0
PPG,2015-05-29 00:00:00+00:00,228.89,230.32,228.04,229.27,600349,101.1538450618,101.7858080066,100.778202752,101.3217792709,1200698,0.0,1.0
PPG,2015-06-01 00:00:00+00:00,229.03,230.26,227.28,228.17,451674,101.2157155599,101.7592920789,100.4423343337,100.8356539288,903348,0.0,1.0
PPG,2015-06-02 00:00:00+00:00,228.25,229.91,227.01,228.67,384345,100.8710084991,101.6046158336,100.3230126588,101.0566199934,768690,0.0,1.0
PPG,2015-06-03 00:00:00+00:00,229.99,230.1,228.0243,229.33,556966,101.639970404,101.6885829382,100.7712644175,101.3482951987,1113932,0.0,1.0
PPG,2015-06-04 00:00:00+00:00,228.77,230.25,228.24,228.93,703267,101.1008132063,101.7548727576,100.8665891778,101.171522347,1406534,0.0,1.0
PPG,2015-06-05 00:00:00+00:00,228.63,229.16,226.47,227.92,522894,101.0389427082,101.2731667367,100.084369309,100.7251708964,1045788,0.0,1.0
PPG,2015-06-08 00:00:00+00:00,228.1,228.565,227.21,228.41,525522,100.8047186797,101.0102171198,100.4113990847,100.9417176398,1051044,0.0,1.0
PPG,2015-06-09 00:00:00+00:00,229.25,230.29,227.6,228.48,535261,101.3129406283,101.7725500427,100.5837526151,100.9726528888,1070522,0.0,1.0
PPG,2015-06-10 00:00:00+00:00,231.88,232.99,230.01,230.43,989705,102.4752221282,102.9657667917,101.6488090466,101.8344205408,1979410,0.0,1.0
PPG,2015-06-11 00:00:00+00:00,233.99,234.95,230.96,232.81,903094,103.4076989209,103.831953765,102.0686445693,102.8862190084,1806188,0.0,1.0
PPG,2015-06-12 00:00:00+00:00,233.25,233.94,232.19,233.65,581116,103.0806691453,103.3856023145,102.6122210883,103.257441997,1162232,0.0,1.0
PPG,2015-06-15 00:00:00+00:00,115.43,116.14,114.95,115.64,990493,102.0244513564,102.6519949799,101.6001965123,102.2100628507,990493,0.0,2.0
PPG,2015-06-16 00:00:00+00:00,116.0,116.19,115.0,115.22,1286916,102.5282539837,102.6961881929,101.6443897253,101.8388398621,1286916,0.0,1.0
PPG,2015-06-17 00:00:00+00:00,116.67,116.83,115.14,116.27,2525445,103.1204430369,103.2618613183,101.7681307215,102.7668973335,2525445,0.0,1.0
PPG,2015-06-18 00:00:00+00:00,117.81,118.24,116.79,117.12,1668934,104.1280482916,104.5081099227,103.2265067479,103.5181819532,1668934,0.0,1.0
PPG,2015-06-19 00:00:00+00:00,117.3,118.02,116.82,117.16,2210023,103.6772775198,104.3136597859,103.2530226757,103.5535365236,2210023,0.0,1.0
PPG,2015-06-22 00:00:00+00:00,118.17,118.64,117.76,118.0,901041,104.4462394247,104.8616556261,104.0838550787,104.2959825007,901041,0.0,1.0
PPG,2015-06-23 00:00:00+00:00,118.29,118.69,117.76,118.48,1174896,104.5523031357,104.9058488391,104.0838550787,104.7202373448,1174896,0.0,1.0
PPG,2015-06-24 00:00:00+00:00,117.97,118.49,117.9,118.28,1918339,104.269466573,104.7290759874,104.2075960749,104.5434644931,1918339,0.0,1.0
PPG,2015-06-25 00:00:00+00:00,117.74,118.56,117.7,118.1,1207833,104.0661777935,104.7909464855,104.0308232232,104.3843689266,1207833,0.0,1.0
PPG,2015-06-26 00:00:00+00:00,118.01,118.23,117.6,118.14,751278,104.3048211433,104.4992712802,103.9424367973,104.4197234969,751278,0.0,1.0
PPG,2015-06-29 00:00:00+00:00,114.98,117.31,114.88,117.14,996831,101.6267124401,103.6861161624,101.5383260142,103.5358592384,996831,0.0,1.0
PPG,2015-06-30 00:00:00+00:00,114.72,116.0,114.4,115.69,1115313,101.3969077329,102.5282539837,101.1140711702,102.2542560636,1115313,0.0,1.0
PPG,2015-07-01 00:00:00+00:00,116.5,116.555,115.23,115.78,1256405,102.970186113,103.0187986472,101.8476785047,102.3338038469,1256405,0.0,1.0
PPG,2015-07-02 00:00:00+00:00,115.91,117.32,115.24,117.15,943202,102.4487062005,103.6949548049,101.8565171473,103.544697881,943202,0.0,1.0
PPG,2015-07-06 00:00:00+00:00,115.1,115.98,114.21,114.81,1425884,101.7327761511,102.5105766986,100.9461369611,101.4764555162,1425884,0.0,1.0
PPG,2015-07-07 00:00:00+00:00,115.06,115.33,113.36,115.33,1641163,101.6974215808,101.9360649306,100.1948523414,101.9360649306,1641163,0.0,1.0
PPG,2015-07-08 00:00:00+00:00,113.1,114.485,113.02,113.91,1537031,99.9650476342,101.1891996321,99.8943384935,100.6809776835,1537031,0.0,1.0
PPG,2015-07-09 00:00:00+00:00,112.64,114.85,112.63,114.66,1718949,99.5584700753,101.5118100865,99.5496314327,101.3438758774,1718949,0.0,1.0
PPG,2015-07-10 00:00:00+00:00,114.9,115.03,113.54,114.12,1364125,101.5560032994,101.670905653,100.3539479079,100.8665891778,1364125,0.0,1.0
PPG,2015-07-13 00:00:00+00:00,116.53,116.61,115.96,116.19,1474669,102.9967020407,103.0674111814,102.4928994134,102.6961881929,1474669,0.0,1.0
PPG,2015-07-14 00:00:00+00:00,117.61,117.89,116.46,116.5,1185055,103.9512754399,104.1987574323,102.9348315426,102.970186113,1185055,0.0,1.0
PPG,2015-07-15 00:00:00+00:00,116.98,117.99,116.79,117.32,1510758,103.3944409571,104.2871438581,103.2265067479,103.6949548049,1510758,0.0,1.0
PPG,2015-07-16 00:00:00+00:00,111.82,118.27,111.535,117.09,5356139,98.8337013833,104.5346258505,98.5818000696,103.4916660255,5356139,0.0,1.0
PPG,2015-07-17 00:00:00+00:00,111.8,113.54,111.66,112.46,3351851,98.8160240981,100.3539479079,98.6922831019,99.3993745087,3351851,0.0,1.0
PPG,2015-07-20 00:00:00+00:00,110.85,112.0,110.62,111.95,2146926,97.9763530526,98.9927969498,97.7730642731,98.9486037369,2146926,0.0,1.0
PPG,2015-07-21 00:00:00+00:00,108.21,111.55,107.86,111.12,3796705,95.6429514102,98.5950580335,95.3335989197,98.2149964024,3796705,0.0,1.0
PPG,2015-07-22 00:00:00+00:00,108.09,108.81,107.29,108.12,2440856,95.5368876992,96.1732699653,94.8297962924,95.5634036269,2440856,0.0,1.0
PPG,2015-07-23 00:00:00+00:00,105.63,108.19,105.1,108.1,3033240,93.3625816233,95.625274125,92.8941335663,95.5457263418,3033240,0.0,1.0
PPG,2015-07-24 00:00:00+00:00,103.25,105.6,102.19,105.54,3112136,91.2589846881,93.3360656955,90.3220885741,93.28303384,3112136,0.0,1.0
PPG,2015-07-27 00:00:00+00:00,102.39,103.21,101.61,102.69,2766020,90.4988614258,91.2236301178,89.8094473042,90.7640207034,2766020,0.0,1.0
PPG,2015-07-28 00:00:00+00:00,106.92,107.19,102.64,103.01,3080811,94.5027665167,94.7414098665,90.7198274904,91.0468572661,3080811,0.0,1.0
PPG,2015-07-29 00:00:00+00:00,108.57,108.99,106.84,107.08,2653502,95.9611425432,96.3323655318,94.4320573761,94.6441847981,2653502,0.0,1.0
PPG,2015-07-30 00:00:00+00:00,108.52,108.76,107.57,108.5,1233621,95.9169493303,96.1290767523,95.0772782848,95.8992720451,1233621,0.0,1.0
PPG,2015-07-31 00:00:00+00:00,108.38,109.37,108.18,109.0,1362379,95.7932083341,96.66823395,95.6164354824,96.3412041744,1362379,0.0,1.0
PPG,2015-08-03 00:00:00+00:00,107.87,108.71,107.07,107.31,1535424,95.3424375623,96.0848835394,94.6353461555,94.8474735776,1535424,0.0,1.0
PPG,2015-08-04 00:00:00+00:00,106.54,108.46,106.2,108.0,1599089,94.1668980985,95.8639174748,93.8663842506,95.4573399159,1599089,0.0,1.0
PPG,2015-08-05 00:00:00+00:00,106.59,108.09,106.2601,107.69,1203071,94.2110913114,95.5368876992,93.9195044926,95.1833419958,1203071,0.0,1.0
PPG,2015-08-06 00:00:00+00:00,105.21,106.54,104.905,106.24,1507655,93.3095497678,94.4891116078,93.0390487443,94.2230450274,1507655,0.36,1.0
PPG,2015-08-07 00:00:00+00:00,103.92,105.145,103.74,104.86,1589333,92.1654634718,93.2519020087,92.0058235235,92.9991387573,1589333,0.0,1.0
PPG,2015-08-10 00:00:00+00:00,106.61,106.61,104.4,104.72,1196626,94.5511938099,94.5511938099,92.5911700005,92.874974353,1196626,0.0,1.0
PPG,2015-08-11 00:00:00+00:00,104.41,105.41,103.8,105.36,1477890,92.6000388866,93.4869274881,92.0590368396,93.442583058,1477890,0.0,1.0
PPG,2015-08-12 00:00:00+00:00,104.03,104.21,102.25,103.64,3566690,92.263021218,92.4226611663,90.6843595072,91.9171346634,3566690,0.0,1.0
PPG,2015-08-13 00:00:00+00:00,103.52,104.4,103.46,104.26,1230526,91.8107080312,92.5911700005,91.7574947151,92.4670055963,1230526,0.0,1.0
PPG,2015-08-14 00:00:00+00:00,104.7,104.8,103.39,103.64,1344721,92.857236581,92.9459254412,91.695412513,91.9171346634,1344721,0.0,1.0
PPG,2015-08-17 00:00:00+00:00,104.26,105.09,103.85,104.21,1578163,92.4670055963,93.2031231356,92.1033812697,92.4226611663,1578163,0.0,1.0
PPG,2015-08-18 00:00:00+00:00,104.57,105.71,104.36,104.42,2426648,92.7419410628,93.7529940686,92.5556944565,92.6089077726,2426648,0.0,1.0
PPG,2015-08-19 00:00:00+00:00,102.5,104.09,102.15,103.78,2175164,90.9060816576,92.3162345341,90.5956706471,92.0412990676,2175164,0.0,1.0
PPG,2015-08-20 00:00:00+00:00,99.87,102.4,99.87,101.91,2302416,88.5735646356,90.8173927975,88.5735646356,90.3828173827,2302416,0.0,1.0
PPG,2015-08-21 00:00:00+00:00,97.21,99.31,97.12,98.56,2542954,86.2144409555,88.0769070187,86.1346209814,87.4117405676,2542954,0.0,1.0
PPG,2015-08-24 00:00:00+00:00,92.26,95.95,91.0,92.03,3714635,81.8243423779,85.0969613176,80.7068627399,81.6203579995,3714635,0.0,1.0
PPG,2015-08-25 00:00:00+00:00,91.05,94.87,91.02,94.87,2960871,80.75120717,84.1391216279,80.724600512,84.1391216279,2960871,0.0,1.0
PPG,2015-08-26 00:00:00+00:00,93.1,93.22,91.0,92.68,3991735,82.5693288032,82.6757554354,80.7068627399,82.1968355905,3991735,0.0,1.0
PPG,2015-08-27 00:00:00+00:00,95.19,95.85,93.27,94.61,4585858,84.4229259804,85.0082724574,82.7200998654,83.9085305915,4585858,0.0,1.0
PPG,2015-08-28 00:00:00+00:00,96.11,96.377,94.85,94.95,1710015,85.2388634938,85.4756627504,84.1213838559,84.210072716,1710015,0.0,1.0
PPG,2015-08-31 00:00:00+00:00,95.29,96.66,94.76,95.19,1714133,84.5116148405,85.7266522246,84.0415638817,84.4229259804,1714133,0.0,1.0
PPG,2015-09-01 00:00:00+00:00,91.35,93.63,90.81,93.1,2433813,81.0172737505,83.039379762,80.5383539057,82.5693288032,2433813,0.0,1.0
PPG,2015-09-02 00:00:00+00:00,93.53,93.53,91.62,92.76,2498278,82.9506909018,82.9506909018,81.2567336729,82.2677866786,2498278,0.0,1.0
PPG,2015-09-03 00:00:00+00:00,93.98,94.89,93.56,94.06,1472064,83.3497907725,84.1568593999,82.9772975599,83.4207418606,1472064,0.0,1.0
PPG,2015-09-04 00:00:00+00:00,93.31,93.84,92.29,92.67,2149396,82.7555754095,83.2256263683,81.8509490359,82.1879667045,2149396,0.0,1.0
PPG,2015-09-08 00:00:00+00:00,96.4,96.41,94.52,94.94,1709644,85.4960611882,85.5049300743,83.8287106174,84.20120383,1709644,0.0,1.0
PPG,2015-09-09 00:00:00+00:00,96.1,97.88,95.97,97.36,2925368,85.2299946078,86.8086563185,85.1146990896,86.3474742457,2925368,0.0,1.0
PPG,2015-09-10 00:00:00+00:00,96.64,97.39,95.57,96.09,2114865,85.7089144526,86.3740809038,84.759943649,85.2211257218,2114865,0.0,1.0
PPG,2015-09-11 00:00:00+00:00,96.72,96.78,95.42,96.3,1472635,85.7798655407,85.8330788568,84.6269103587,85.4073723281,1472635,0.0,1.0
PPG,2015-09-14 00:00:00+00:00,94.16,96.77,93.74,96.31,2397318,83.5094307208,85.8242099708,83.1369375082,85.4162412141,2397318,0.0,1.0
PPG,2015-09-15 00:00:00+00:00,94.28,95.33,93.67,94.16,2385582,83.615857353,84.5470903846,83.074855306,83.5094307208,2385582,0.0,1.0
PPG,2015-09-16 00:00:00+00:00,95.07,95.36,94.32,94.42,1827604,84.3164993482,84.5736970426,83.651332897,83.7400217572,1827604,0.0,1.0
PPG,2015-09-17 00:00:00+00:00,94.46,96.04,94.11,95.07,2171415,83.7754973013,85.1767812917,83.4650862907,84.3164993482,2171415,0.0,1.0
PPG,2015-09-18 00:00:00+00:00,93.19,93.99,92.73,93.11,2220822,82.6491487773,83.3586596585,82.2411800206,82.5781976892,2220822,0.0,1.0
PPG,2015-09-21 00:00:00+00:00,93.45,94.33,93.02,93.55,1186599,82.8797398137,83.6602017831,82.498377715,82.9684286739,1186599,0.0,1.0
PPG,2015-09-22 00:00:00+00:00,91.62,92.57,90.54,92.23,1904974,81.2567336729,82.0992778444,80.2988939832,81.7977357198,1904974,0.0,1.0
PPG,2015-09-23 00:00:00+00:00,89.94,92.169,89.8,91.75,1699186,79.7667608223,81.7436355151,79.6425964181,81.3720291911,1699186,0.0,1.0
PPG,2015-09-24 00:00:00+00:00,88.11,89.46,87.19,89.05,3718159,78.1437546815,79.3410542936,77.3278171681,78.9774299669,3718159,0.0,1.0
PPG,2015-09-25 00:00:00+00:00,88.34,89.23,87.63,88.66,1507090,78.3477390599,79.1370699152,77.7180481528,78.6315434123,1507090,0.0,1.0
PPG,2015-09-28 00:00:00+00:00,84.51,87.83,84.4,87.5,2321751,74.950955716,77.8954258731,74.8533979698,77.6027526346,2321751,0.0,1.0
PPG,2015-09-29 00:00:00+00:00,85.95,86.32,84.5,84.69,2483655,76.2280753022,76.5562240847,74.9420868299,75.1105956642,2483655,0.0,1.0
PPG,2015-09-30 00:00:00+00:00,87.69,88.22,86.95,87.09,2920725,77.7712614689,78.2413124277,77.1149639037,77.2391283079,2920725,0.0,1.0
PPG,2015-10-01 00:00:00+00:00,90.13,90.18,82.93,82.93,3581533,79.9352696566,79.9796140867,73.5496717255,73.5496717255,3581533,0.0,1.0
PPG,2015-10-02 00:00:00+00:00,92.66,92.72,88.35,89.05,2321962,82.1790978185,82.2323111346,78.3566079459,78.9774299669,2321962,0.0,1.0
PPG,2015-10-05 00:00:00+00:00,94.59,94.85,93.2,93.44,1973817,83.8907928195,84.1213838559,82.6580176633,82.8708709277,1973817,0.0,1.0
PPG,2015-10-06 00:00:00+00:00,93.4,95.195,93.25,94.61,2351686,82.8353953836,84.4273604234,82.7023620934,83.9085305915,2351686,0.0,1.0
PPG,2015-10-07 00:00:00+00:00,94.31,94.34,92.48,92.9,2208796,83.642464011,83.6690706691,82.0194578702,82.3919510829,2208796,0.0,1.0
PPG,2015-10-08 00:00:00+00:00,95.77,95.99,93.79,94.17,1293623,84.9373213693,85.1324368616,83.1812819382,83.5182996068,1293623,0.0,1.0
PPG,2015-10-09 00:00:00+00:00,95.97,96.457,95.01,95.7,1695281,85.1146990896,85.5466138385,84.2632860321,84.8752391672,1695281,0.0,1.0
PPG,2015-10-12 00:00:00+00:00,97.34,97.71,96.01,96.66,1818662,86.3297364737,86.6578852563,85.1501746336,85.7266522246,1818662,0.0,1.0
PPG,2015-10-13 00:00:00+00:00,97.18,98.05,95.87,96.54,2226693,86.1878342974,86.9594273808,85.0260102294,85.6202255925,2226693,0.0,1.0
PPG,2015-10-14 00:00:00+00:00,97.32,98.23,96.76,96.85,2242344,86.3119987017,87.1190673291,85.8153410848,85.8951610589,2242344,0.0,1.0
PPG,2015-10-15 00:00:00+00:00,99.26,99.38,96.3101,97.81,3253581,88.0325625886,88.1389892208,85.416329903,86.7465741164,3253581,0.0,1.0
PPG,2015-10-16 00:00:00+00:00,100.74,103.26,99.99,100.2,3795596,89.3451577189,91.5801169948,88.6799912678,88.8662378741,3795596,0.0,1.0
PPG,2015-10-19 00:00:00+00:00,101.18,101.28,99.4,100.03,1295898,89.7353887036,89.8240775638,88.1567269929,88.7154668118,1295898,0.0,1.0
PPG,2015-10-20 00:00:00+00:00,101.38,102.4,100.75,101.17,1435715,89.9127664239,90.8173927975,89.3540266049,89.7265198176,1435715,0.0,1.0
PPG,2015-10-21 00:00:00+00:00,100.64,101.85,99.9999,101.72,1978855,89.2564688588,90.3296040666,88.6887714649,90.2143085484,1978855,0.0,1.0
PPG,2015-10-22 00:00:00+00:00,103.62,104.0,101.3423,101.6,2293154,91.8993968913,92.2364145599,89.8793307236,90.1078819162,2293154,0.0,1.0
PPG,2015-10-23 00:00:00+00:00,103.99,104.88,103.73,104.5,1546620,92.2275456739,93.0168765293,91.9969546375,92.6798588607,1546620,0.0,1.0
PPG,2015-10-26 00:00:00+00:00,103.93,104.48,103.42,104.1,1279200,92.1743323578,92.6621210887,91.722019171,92.3251034201,1279200,0.0,1.0
PPG,2015-10-27 00:00:00+00:00,102.93,104.1899,102.63,103.47,1315178,91.2874437563,92.4048347054,91.0213771758,91.7663636011,1315178,0.0,1.0
PPG,2015-10-28 00:00:00+00:00,104.33,104.35,102.71,103.47,1040455,92.5290877984,92.5468255705,91.092328264,91.7663636011,1040455,0.0,1.0
PPG,2015-10-29 00:00:00+00:00,104.28,104.67,103.58,104.4,1099892,92.4847433684,92.830629923,91.8639213473,92.5911700005,1099892,0.0,1.0
PPG,2015-10-30 00:00:00+00:00,104.26,104.78,103.68,104.58,1519924,92.4670055963,92.9281876691,91.9526102074,92.7508099488,1519924,0.0,1.0
PPG,2015-11-02 00:00:00+00:00,104.0,104.69,103.36,104.22,1457191,92.2364145599,92.848367695,91.668805855,92.4315300523,1457191,0.0,1.0
PPG,2015-11-03 00:00:00+00:00,104.19,104.79,103.66,104.05,1013389,92.4049233942,92.9370565551,91.9348724354,92.28075899,1013389,0.0,1.0
PPG,2015-11-04 00:00:00+00:00,103.86,104.72,103.79,104.65,730526,92.1122501557,92.874974353,92.0501679536,92.8128921509,730526,0.0,1.0
PPG,2015-11-05 00:00:00+00:00,103.21,104.005,102.44,103.72,910178,91.5357725647,92.2408490029,90.8528683415,91.9880857515,910178,0.0,1.0
PPG,2015-11-06 00:00:00+00:00,103.0,103.26,101.83,102.49,1012111,91.668805855,91.9002028406,90.6275194195,91.2149117677,1012111,0.36,1.0
PPG,2015-11-09 00:00:00+00:00,101.73,102.77,100.75,102.71,893108,90.5385205789,91.4641085215,89.6663319406,91.4107092171,893108,0.0,1.0
PPG,2015-11-10 00:00:00+00:00,101.12,101.85,100.38,101.39,1316203,89.995627651,90.6453191876,89.3370362303,90.2359245207,1316203,0.0,1.0
PPG,2015-11-11 00:00:00+00:00,101.61,101.97,100.854,101.51,1011509,90.4317219701,90.7521177964,89.7588907349,90.3427231295,1011509,0.0,1.0
PPG,2015-11-12 00:00:00+00:00,99.21,101.12,99.205,100.61,1903904,88.2957497949,89.995627651,88.2912998528,89.5417335638,1903904,0.0,1.0
PPG,2015-11-13 00:00:00+00:00,100.83,101.48,98.86,99.34,1938251,89.7375310132,90.3160234773,87.9842538526,88.4114482877,1938251,0.0,1.0
PPG,2015-11-16 00:00:00+00:00,101.95,102.12,100.23,100.91,1766689,90.7343180283,90.8856160574,89.2035379693,89.8087300857,1766689,0.0,1.0
PPG,2015-11-17 00:00:00+00:00,101.71,103.0607,101.45,101.9,1381130,90.5207208107,91.7228281512,90.2893238251,90.689818608,1381130,0.0,1.0
PPG,2015-11-18 00:00:00+00:00,104.23,104.515,101.55,101.81,2128295,92.7634915948,93.0171382906,90.3783226657,90.6097196514,2128295,0.0,1.0
PPG,2015-11-19 00:00:00+00:00,103.37,104.57,102.8839,104.23,1252206,91.9981015653,93.0660876529,91.565478201,92.7634915948,1252206,0.0,1.0
PPG,2015-11-20 00:00:00+00:00,104.62,105.08,103.31,103.5,1761502,93.1105870733,93.5199817402,91.9447022609,92.1138000581,1761502,0.0,1.0
PPG,2015-11-23 00:00:00+00:00,105.47,106.03,104.29,105.0,1984779,93.8670772187,94.3654707262,92.8168908992,93.4487826677,1984779,0.0,1.0
PPG,2015-11-24 00:00:00+00:00,105.49,106.04,104.53,104.53,1159587,93.8848769868,94.3743706103,93.0304881167,93.0304881167,1159587,0.0,1.0
PPG,2015-11-25 00:00:00+00:00,106.46,106.76,105.38,105.91,1152343,94.748165741,95.0151622629,93.7869782621,94.2586721175,1152343,0.0,1.0
PPG,2015-11-27 00:00:00+00:00,106.21,106.68,105.54,106.28,491594,94.5256686394,94.9439631904,93.9293764071,94.5879678278,491594,0.0,1.0
PPG,2015-11-30 00:00:00+00:00,105.74,106.49,105.12,106.36,1560416,94.1073740884,94.7748653931,93.5555812764,94.6591669003,1560416,0.0,1.0
PPG,2015-12-01 00:00:00+00:00,106.76,106.87,105.82,106.39,1008405,95.0151622629,95.1130609876,94.1785731609,94.6858665525,1008405,0.0,1.0
PPG,2015-12-02 00:00:00+00:00,105.34,106.74,105.08,106.2,996033,93.7513787258,94.9973624947,93.5199817402,94.5167687553,996033,0.0,1.0
PPG,2015-12-03 00:00:00+00:00,104.3,105.99,103.92,105.4,1131973,92.8257907832,94.32987119,92.4875951888,93.8047780302,1131973,0.0,1.0
PPG,2015-12-04 00:00:00+00:00,105.96,106.37,104.37,104.51,1079812,94.3031715378,94.6680667844,92.8880899717,93.0126883486,1079812,0.0,1.0
PPG,2015-12-07 00:00:00+00:00,104.99,105.86,104.275,105.27,1000702,93.4398827836,94.2141726971,92.8035410731,93.6890795374,1000702,0.0,1.0
PPG,2015-12-08 00:00:00+00:00,102.75,104.53,102.66,103.92,1568163,91.4463087534,93.0304881167,91.3662097968,92.4875951888,1568163,0.0,1.0
PPG,2015-12-09 00:00:00+00:00,101.55,103.58,100.59,102.75,2035920,90.3783226657,92.1849991306,89.5239337956,91.4463087534,2035920,0.0,1.0
PPG,2015-12-10 00:00:00+00:00,100.88,101.74,100.5101,101.33,1651971,89.7820304335,90.5474204629,89.452823722,90.1825252163,1651971,0.0,1.0
PPG,2015-12-11 00:00:00+00:00,98.73,99.96,98.41,99.46,1783093,87.8685553598,88.9632410996,87.5837590698,88.5182468964,1783093,0.0,1.0
PPG,2015-12-14 00:00:00+00:00,97.73,98.96,96.88,98.56,2215886,86.9785669534,88.0732526933,86.222076808,87.7172573307,2215886,0.0,1.0
PPG,2015-12-15 00:00:00+00:00,98.55,99.42,98.47,98.72,1258076,87.7083574467,88.4826473602,87.6371583741,87.8596554757,1258076,0.0,1.0
PPG,2015-12-16 00:00:00+00:00,100.22,100.325,98.53,99.18,1585575,89.1946380853,89.2880868679,87.6905576785,88.2690501427,1585575,0.0,1.0
PPG,2015-12-17 00:00:00+00:00,98.24,100.66,98.17,100.53,1584000,87.4324610407,89.5862329841,87.3701618522,89.4705344912,1584000,0.0,1.0
PPG,2015-12-18 00:00:00+00:00,96.29,98.2,96.25,97.99,1803476,85.6969836483,87.3968615044,85.661384112,87.2099639391,1803476,0.0,1.0
PPG,2015-12-21 00:00:00+00:00,97.23,97.37,96.491,96.92,1202643,86.5335727503,86.6581711272,85.875871318,86.2576763443,1202643,0.0,1.0
PPG,2015-12-22 00:00:00+00:00,98.76,99.16,97.56,97.9,887327,87.895255012,88.2512503745,86.8272689244,87.1298649825,887327,0.0,1.0
PPG,2015-12-23 00:00:00+00:00,100.24,100.52,99.24,99.38,827978,89.2124378534,89.4616346072,88.322449447,88.4470478239,827978,0.0,1.0
PPG,2015-12-24 00:00:00+00:00,100.39,100.79,99.94,99.94,371784,89.3459361144,89.7019314769,88.9454413315,88.9454413315,371784,0.0,1.0
PPG,2015-12-28 00:00:00+00:00,99.9,100.33,99.42,100.2,680729,88.9098417952,89.29253681,88.4826473602,89.1768383171,680729,0.0,1.0
PPG,2015-12-29 00:00:00+00:00,100.58,100.935,99.95,100.82,676561,89.5150339116,89.8309797958,88.9543412156,89.7286311291,676561,0.0,1.0
PPG,2015-12-30 00:00:00+00:00,99.77,100.71,99.71,100.33,730411,88.7941433024,89.6307324044,88.740743998,89.29253681,730411,0.0,1.0
PPG,2015-12-31 00:00:00+00:00,98.82,100.0,98.79,99.38,895356,87.9486543164,88.9988406359,87.9219546642,88.4470478239,895356,0.0,1.0
PPG,2016-01-04 00:00:00+00:00,97.96,97.99,96.06,97.27,1636433,87.1832642869,87.2099639391,85.4922863148,86.5691722865,1636433,0.0,1.0
PPG,2016-01-05 00:00:00+00:00,98.31,99.32,97.465,98.63,1401524,87.4947602291,88.3936485195,86.7427200258,87.7795565192,1401524,0.0,1.0
PPG,2016-01-06 00:00:00+00:00,96.47,97.2,95.93,96.44,1809335,85.8571815614,86.5068730981,85.376587822,85.8304819092,1809335,0.0,1.0
PPG,2016-01-07 00:00:00+00:00,95.25,97.14,94.68,95.07,2597328,84.7713957057,86.4534737937,84.264102314,84.6111977925,2597328,0.0,1.0
PPG,2016-01-08 00:00:00+00:00,94.49,96.64,94.17,95.68,1979363,84.0950045168,86.0084795905,83.8102082268,85.1540907204,1979363,0.0,1.0
PPG,2016-01-11 00:00:00+00:00,94.45,95.72,93.73,94.84,2187220,84.0594049806,85.1896902567,83.418613328,84.4065004591,2187220,0.0,1.0
PPG,2016-01-12 00:00:00+00:00,95.12,95.56,93.79,95.33,1320681,84.6556972128,85.0472921116,83.4720126324,84.8425947782,1320681,0.0,1.0
PPG,2016-01-13 00:00:00+00:00,93.05,96.24,93.01,95.98,2119863,82.8134212117,85.652484228,82.7778216754,85.4210872423,2119863,0.0,1.0
PPG,2016-01-14 00:00:00+00:00,93.57,94.12,91.6,93.29,2300175,83.276215183,83.7657088065,81.5229380225,83.0270184292,2300175,0.0,1.0
PPG,2016-01-15 00:00:00+00:00,91.9,92.35,90.34,91.64,2052762,81.7899345444,82.1904293272,80.4015526304,81.5585375587,2052762,0.0,1.0
PPG,2016-01-19 00:00:00+00:00,91.6,93.25,89.9,92.8,3317956,81.5229380225,82.991418893,80.0099577317,82.5909241101,3317956,0.0,1.0
PPG,2016-01-20 00:00:00+00:00,93.52,94.69,90.02,90.45,4935112,83.2317157627,84.2730021981,80.1167563404,80.4994513551,4935112,0.0,1.0
PPG,2016-01-21 00:00:00+00:00,91.92,94.67,90.61,93.0,4306960,81.8077343125,84.25520243,80.6418495002,82.7689217914,4306960,0.0,1.0
PPG,2016-01-22 00:00:00+00:00,93.16,94.81,92.33,92.79,1860686,82.9113199364,84.3798008069,82.1726295591,82.582024226,1860686,0.0,1.0
PPG,2016-01-25 00:00:00+00:00,91.11,93.32,90.93,92.81,1623206,81.0868437033,83.0537180814,80.9266457902,82.5998239942,1623206,0.0,1.0
PPG,2016-01-26 00:00:00+00:00,92.58,93.29,91.11,91.48,1236814,82.3951266607,83.0270184292,81.0868437033,81.4161394137,1236814,0.0,1.0
PPG,2016-01-27 00:00:00+00:00,92.8,94.24,91.9,92.43,1887428,82.5909241101,83.8725074152,81.7899345444,82.2616283997,1887428,0.0,1.0
PPG,2016-01-28 00:00:00+00:00,92.09,94.04,91.976,93.29,2347271,81.9590323416,83.694509734,81.8575736633,83.0270184292,2347271,0.0,1.0
PPG,2016-01-29 00:00:00+00:00,95.12,95.14,92.28,92.72,2365396,84.6556972128,84.673496981,82.1281301388,82.5197250376,2365396,0.0,1.0
PPG,2016-02-01 00:00:00+00:00,95.59,95.9,93.25,93.71,1748378,85.0739917638,85.3498881698,82.991418893,83.4008135599,1748378,0.0,1.0
PPG,2016-02-02 00:00:00+00:00,93.04,94.97,92.66,94.97,1635958,82.8045213276,84.5221989519,82.4663257332,84.5221989519,1635958,0.0,1.0
PPG,2016-02-03 00:00:00+00:00,95.11,95.15,91.87,94.29,1831786,84.6467973288,84.682396865,81.7632348922,83.9170068356,1831786,0.0,1.0
PPG,2016-02-04 00:00:00+00:00,95.7,96.315,94.6,95.33,1457465,85.1718904885,85.7192333584,84.1929032415,84.8425947782,1457465,0.0,1.0
PPG,2016-02-05 00:00:00+00:00,92.87,95.83,92.71,95.31,1544365,82.6532232985,85.2875889814,82.5108251535,84.8247950101,1544365,0.0,1.0
PPG,2016-02-08 00:00:00+00:00,89.65,92.28,88.86,92.21,1926614,79.7874606301,82.1281301388,79.084369789,82.0658309503,1926614,0.0,1.0
PPG,2016-02-09 00:00:00+00:00,90.99,91.68,88.37,88.62,1567212,80.9800450946,81.594137095,78.6482754699,78.8707725715,1567212,0.0,1.0
PPG,2016-02-10 00:00:00+00:00,91.34,93.21,91.04,91.67,1240182,81.2915410368,82.9558193567,81.0245445149,81.5852372109,1240182,0.0,1.0
PPG,2016-02-11 00:00:00+00:00,89.27,90.73,88.4652,89.35,1796456,79.4492650356,80.7486481089,78.7330023662,79.5204641082,1796456,0.0,1.0
PPG,2016-02-12 00:00:00+00:00,91.78,92.135,89.62,90.06,1438716,81.6831359356,81.9990818199,79.7607609779,80.1523558767,1438716,0.0,1.0
PPG,2016-02-16 00:00:00+00:00,93.62,93.77,91.775,93.06,1198946,83.3207146033,83.4542128643,81.6786859936,82.8223210957,1198946,0.0,1.0
PPG,2016-02-17 00:00:00+00:00,95.0,95.45,93.01,94.31,1850168,84.8692944304,85.2713068777,83.0915060523,84.2528753445,1850168,0.36,1.0
PPG,2016-02-18 00:00:00+00:00,94.69,95.58,94.14,95.2,1506434,84.5923525222,85.3874438069,84.1010039755,85.0479666292,1506434,0.0,1.0
PPG,2016-02-19 00:00:00+00:00,95.63,95.74,93.68,94.66,1592329,85.4321118566,85.5303815659,83.6900579183,84.5655516924,1592329,0.0,1.0
PPG,2016-02-22 00:00:00+00:00,96.72,98.0,95.86,96.87,1291571,86.4058753401,87.5493774124,85.6375848852,86.5398794892,1291571,0.0,1.0
PPG,2016-02-23 00:00:00+00:00,94.87,96.66,94.7,96.54,1260295,84.7531575011,86.3522736804,84.6012861322,86.2450703611,1260295,0.0,1.0
PPG,2016-02-24 00:00:00+00:00,95.68,95.81,92.95,93.61,815227,85.4767799063,85.5929168355,83.0379043927,83.6275226487,815227,0.0,1.0
PPG,2016-02-25 00:00:00+00:00,97.01,97.06,94.56,96.11,1036816,86.6649500283,86.709618078,84.476215593,85.8609251337,1036816,0.0,1.0
PPG,2016-02-26 00:00:00+00:00,98.16,98.45,97.36,97.73,1078999,87.6923151714,87.9513898597,86.9776263762,87.308169944,1078999,0.0,1.0
PPG,2016-02-29 00:00:00+00:00,96.53,98.844,96.49,97.97,1430870,86.2361367512,88.3033740913,86.2004023114,87.5225765826,1430870,0.0,1.0
PPG,2016-03-01 00:00:00+00:00,99.58,100.49,96.92,97.55,1503966,88.9608877829,89.7738462875,86.5845475389,87.1473649651,1503966,0.0,1.0
PPG,2016-03-02 00:00:00+00:00,99.33,99.74,98.43,99.22,945054,88.7375475344,89.1038255419,87.9335226398,88.6392778251,945054,0.0,1.0
PPG,2016-03-03 00:00:00+00:00,100.3,100.75,98.23,98.96,1921725,89.6041076986,90.0061201459,87.754850441,88.4070039666,1921725,0.0,1.0
PPG,2016-03-04 00:00:00+00:00,102.49,102.93,100.315,100.67,2073315,91.5605682755,91.9536471128,89.6175081135,89.9346512664,2073315,0.0,1.0
PPG,2016-03-07 00:00:00+00:00,103.37,103.45,101.64,101.84,1649018,92.3467259502,92.4181948297,90.8012114306,90.9798836294,1649018,0.0,1.0
PPG,2016-03-08 00:00:00+00:00,101.51,102.65,101.35,102.38,1273395,90.6850745013,91.7035060345,90.5421367423,91.4622985661,1273395,0.0,1.0
PPG,2016-03-09 00:00:00+00:00,102.28,102.705,101.38,102.2,1147527,91.3729624667,91.7526408892,90.5689375721,91.3014935872,1147527,0.0,1.0
PPG,2016-03-10 00:00:00+00:00,102.91,104.22,101.84,102.6,902020,91.9357798929,93.1060827951,90.9798836294,91.6588379848,902020,0.0,1.0
PPG,2016-03-11 00:00:00+00:00,105.01,105.23,103.78,104.15,1479582,93.8118379803,94.008377399,92.7130039577,93.0435475255,1479582,0.0,1.0
PPG,2016-03-14 00:00:00+00:00,104.74,105.096,104.0,104.34,878714,93.570630512,93.8886670258,92.9095433764,93.2132861144,878714,0.0,1.0
PPG,2016-03-15 00:00:00+00:00,104.76,104.95,103.62,103.95,819325,93.5884977318,93.7582363207,92.5700661987,92.8648753267,819325,0.0,1.0
PPG,2016-03-16 00:00:00+00:00,106.61,106.67,104.13,104.22,1122636,95.2412155708,95.2948172304,93.0256803056,93.1060827951,1122636,0.0,1.0
PPG,2016-03-17 00:00:00+00:00,109.4,109.71,106.9,106.9,1789771,97.733692744,98.0106346522,95.500290259,95.500290259,1789771,0.0,1.0
PPG,2016-03-18 00:00:00+00:00,108.9,110.58,108.05,109.62,2628422,97.287012247,98.7878587169,96.5276554021,97.9302321627,2628422,0.0,1.0
PPG,2016-03-21 00:00:00+00:00,108.89,110.53,108.28,109.62,2170274,97.2780786371,98.7431906672,96.7331284307,97.9302321627,2170274,0.0,1.0
PPG,2016-03-22 00:00:00+00:00,109.84,110.2,108.56,108.8,1663271,98.1267715814,98.4483815392,96.9832695091,97.1976761476,1663271,0.0,1.0
PPG,2016-03-23 00:00:00+00:00,109.14,109.68,108.13,108.91,1222284,97.5014188856,97.9838338223,96.5991242816,97.295945857,1222284,0.0,1.0
PPG,2016-03-24 00:00:00+00:00,108.95,109.06,107.38,108.2,1386202,97.3316802967,97.4299500061,95.9291035361,96.6616595512,1386202,0.0,1.0
PPG,2016-03-28 00:00:00+00:00,109.4,109.61,108.74,109.39,1043780,97.733692744,97.9212985528,97.144074488,97.7247591341,1043780,0.0,1.0
PPG,2016-03-29 00:00:00+00:00,110.57,110.59,108.6122,108.8,1026264,98.778925107,98.7967923269,97.0299029529,97.1976761476,1026264,0.0,1.0
PPG,2016-03-30 00:00:00+00:00,111.9,112.1,110.73,111.0,1636866,99.967095229,100.1457674278,98.9218628661,99.1630703344,1636866,0.0,1.0
PPG,2016-03-31 00:00:00+00:00,111.49,112.082,111.13,111.9,1438901,99.6008172215,100.1296869299,99.2792072637,99.967095229,1438901,0.0,1.0
PPG,2016-04-01 00:00:00+00:00,113.11,113.29,110.22,110.44,1453334,101.0480620318,101.2088670107,98.4662487591,98.6627881778,1453334,0.0,1.0
PPG,2016-04-04 00:00:00+00:00,112.19,113.23,111.63,113.15,1390534,100.2261699173,101.1552653511,99.7258877607,101.0837964715,1390534,0.0,1.0
PPG,2016-04-05 00:00:00+00:00,111.43,112.035,110.91,111.49,1319226,99.5472155619,100.0876989632,99.082667845,99.6008172215,1319226,0.0,1.0
PPG,2016-04-06 00:00:00+00:00,112.08,112.2,110.64,111.37,812145,100.127900208,100.2351035272,98.8414603766,99.4936139022,812145,0.0,1.0
PPG,2016-04-07 00:00:00+00:00,110.61,111.83,110.08,111.35,921245,98.8146595468,99.9045599595,98.3411782199,99.4757466823,921245,0.0,1.0
PPG,2016-04-08 00:00:00+00:00,111.83,112.1399,111.03,111.03,712045,99.9045599595,100.1814125315,99.1898711643,99.1898711643,712045,0.0,1.0
PPG,2016-04-11 00:00:00+00:00,111.68,112.84,111.59,112.07,887120,99.7705558104,100.8068545634,99.6901533209,100.118966598,887120,0.0,1.0
PPG,2016-04-12 00:00:00+00:00,112.94,113.17,111.36,112.09,871345,100.8961906628,101.1016636914,99.4846802923,100.1368338179,871345,0.0,1.0
PPG,2016-04-13 00:00:00+00:00,114.23,114.29,112.7401,113.42,1062905,102.0486263451,102.1022280047,100.7176078001,101.3250039399,1062905,0.0,1.0
PPG,2016-04-14 00:00:00+00:00,114.51,114.59,113.74,113.74,1070934,102.2987674234,102.3702363029,101.610879458,101.610879458,1070934,0.0,1.0
PPG,2016-04-15 00:00:00+00:00,115.35,115.4,114.39,114.69,1284875,103.0491906583,103.093858708,102.1915641041,102.4595724023,1284875,0.0,1.0
PPG,2016-04-18 00:00:00+00:00,115.75,115.93,114.64,115.0,1543522,103.406535056,103.5673400349,102.4149043526,102.7365143104,1543522,0.0,1.0
PPG,2016-04-19 00:00:00+00:00,116.55,116.8,115.77,116.24,1466605,104.1212238512,104.3445640997,103.4244022758,103.844281943,1466605,0.0,1.0
PPG,2016-04-20 00:00:00+00:00,116.07,117.0,115.55,116.85,1593694,103.692410574,104.5232362985,103.2278628571,104.3892321494,1593694,0.0,1.0
PPG,2016-04-21 00:00:00+00:00,110.26,113.0,110.1,111.7,3641264,98.5019831989,100.9497923224,98.3590454398,99.7884230302,3641264,0.0,1.0
PPG,2016-04-22 00:00:00+00:00,113.19,113.39,110.78,111.35,2145526,101.1195309113,101.2982031101,98.9665309158,99.4757466823,2145526,0.0,1.0
PPG,2016-04-25 00:00:00+00:00,112.6,113.3,111.97,113.0,951003,100.5924479248,101.2178006206,100.0296304986,100.9497923224,951003,0.0,1.0
PPG,2016-04-26 00:00:00+00:00,113.55,113.91,113.01,113.37,1525897,101.4411408691,101.762750827,100.9587259324,101.2803358902,1525897,0.0,1.0
PPG,2016-04-27 00:00:00+00:00,112.99,114.65,112.59,113.89,1246896,100.9408587125,102.4238379625,100.5835143149,101.7448836071,1246896,0.0,1.0
PPG,2016-04-28 00:00:00+00:00,112.77,113.4,111.53,111.89,1617299,100.7443192938,101.30713672,99.6365516613,99.9581616191,1617299,0.0,1.0
PPG,2016-04-29 00:00:00+00:00,110.39,112.73,109.75,112.4,2308459,98.6181201281,100.7085848541,98.0463690919,100.413775726,2308459,0.0,1.0
PPG,2016-05-02 00:00:00+00:00,111.24,111.25,109.04,110.18,1390051,99.377476973,99.3864105829,97.4120827862,98.4305143193,1390051,0.0,1.0
PPG,2016-05-03 00:00:00+00:00,109.5,110.22,109.02,110.09,1303293,97.8230288434,98.4662487591,97.3942155663,98.3501118299,1303293,0.0,1.0
PPG,2016-05-04 00:00:00+00:00,108.59,109.36,108.0,108.51,1062095,97.0100703389,97.6979583043,96.4829873524,96.9386014594,1062095,0.0,1.0
PPG,2016-05-05 00:00:00+00:00,108.58,109.53,108.234,109.04,810173,97.0011367289,97.8498296732,96.692033825,97.4120827862,810173,0.0,1.0
PPG,2016-05-06 00:00:00+00:00,108.31,108.31,107.18,107.7,1172291,97.1172736582,97.1172736582,96.104047555,96.5703108945,1172291,0.4,1.0
PPG,2016-05-09 00:00:00+00:00,107.44,108.23,107.29,108.14,1046643,96.3371792248,97.0455408367,96.2026801845,96.9648414126,1046643,0.0,1.0
PPG,2016-05-10 00:00:00+00:00,108.73,108.825,107.26,107.8,817535,97.4938709708,97.5790536963,96.1757803765,96.6599769213,817535,0.0,1.0
PPG,2016-05-11 00:00:00+00:00,107.42,109.2,107.38,108.74,1623257,96.3192460194,97.9153012969,96.2833796087,97.5028375735,1623257,0.0,1.0
PPG,2016-05-12 00:00:00+00:00,107.49,108.55,106.36,108.23,1130257,96.3820122382,97.3324721226,95.368786135,97.0455408367,1130257,0.0,1.0
PPG,2016-05-13 00:00:00+00:00,106.7,108.07,106.47,107.57,1547593,95.6736506262,96.9020751938,95.4674187645,96.4537450596,1547593,0.0,1.0
PPG,2016-05-16 00:00:00+00:00,108.16,108.64,107.09,107.19,1488643,96.9827746179,97.4131715467,96.0233481309,96.1130141577,1488643,0.0,1.0
PPG,2016-05-17 00:00:00+00:00,107.01,108.265,106.69,107.82,1226987,95.9516153094,97.0769239461,95.6646840235,96.6779101267,1226987,0.0,1.0
PPG,2016-05-18 00:00:00+00:00,106.39,107.79,106.07,106.93,1996244,95.3956859431,96.6510103187,95.1087546572,95.8798824879,1996244,0.0,1.0
PPG,2016-05-19 00:00:00+00:00,105.64,106.65,104.96,106.0,1153855,94.7231907418,95.6288176128,94.1134617594,95.0459884384,1153855,0.0,1.0
PPG,2016-05-20 00:00:00+00:00,106.21,107.03,105.925,106.38,906316,95.2342870948,95.9695485148,94.9787389183,95.3867193404,906316,0.0,1.0
PPG,2016-05-23 00:00:00+00:00,106.43,106.83,105.8,106.19,1485412,95.4315523538,95.7902164611,94.8666563848,95.2163538894,1485412,0.0,1.0
PPG,2016-05-24 00:00:00+00:00,107.76,108.15,106.46,106.57,1084848,96.6241105106,96.9738080152,95.4584521618,95.5570847913,1084848,0.0,1.0
PPG,2016-05-25 00:00:00+00:00,108.32,108.73,107.7,108.26,800585,97.1262402608,97.4938709708,96.5703108945,97.0724406447,800585,0.0,1.0
PPG,2016-05-26 00:00:00+00:00,107.7,109.0,107.59,108.35,685735,96.5703108945,97.7359692433,96.471678265,97.1531400689,685735,0.0,1.0
PPG,2016-05-27 00:00:00+00:00,108.6,108.71,107.3,107.96,732422,97.377305136,97.4759377655,96.2116467872,96.8034425643,732422,0.0,1.0
PPG,2016-05-31 00:00:00+00:00,107.68,108.87,107.2,108.65,1807466,96.5523776891,97.6194034084,96.1219807604,97.4221381494,1807466,0.0,1.0
PPG,2016-06-01 00:00:00+00:00,107.98,108.21,106.49,107.31,998448,96.8213757696,97.0276076313,95.4853519699,96.2206133899,998448,0.0,1.0
PPG,2016-06-02 00:00:00+00:00,108.2,108.2,106.89,107.36,759921,97.0186410287,97.0186410287,95.8440160772,96.2654464033,759921,0.0,1.0
PPG,2016-06-03 00:00:00+00:00,107.67,108.17,106.86,108.07,1338729,96.5434110865,96.9917412206,95.8171162691,96.9020751938,1338729,0.0,1.0
PPG,2016-06-06 00:00:00+00:00,108.12,108.87,107.68,108.1,935929,96.9469082072,97.6194034084,96.5523776891,96.9289750018,935929,0.0,1.0
PPG,2016-06-07 00:00:00+00:00,107.77,108.3599,107.37,108.15,1238473,96.6330771133,97.1620170056,96.274413006,96.9738080152,1238473,0.0,1.0
PPG,2016-06-08 00:00:00+00:00,110.95,111.26,107.51,108.06,1908107,99.4844567664,99.7624214496,96.3999454435,96.8931085911,1908107,0.0,1.0
PPG,2016-06-09 00:00:00+00:00,110.43,110.49,109.52,110.21,2689507,99.0181934269,99.071993043,98.2022325828,98.8209281679,2689507,0.0,1.0
PPG,2016-06-10 00:00:00+00:00,109.24,109.86,108.77,109.77,1255754,97.9511677077,98.507097074,97.5297373816,98.4263976499,1255754,0.0,1.0
PPG,2016-06-13 00:00:00+00:00,107.69,109.25,107.61,108.94,1343900,96.5613442918,97.9601343104,96.4896114704,97.6821696272,1343900,0.0,1.0
PPG,2016-06-14 00:00:00+00:00,107.08,107.85,106.43,107.31,1221823,96.0143815282,96.7048099348,95.4315523538,96.2206133899,1221823,0.0,1.0
PPG,2016-06-15 00:00:00+00:00,106.62,107.64,106.5,107.3,1056485,95.6019178048,96.5165112784,95.4943185726,96.2116467872,1056485,0.0,1.0
PPG,2016-06-16 00:00:00+00:00,106.96,107.01,105.06,105.62,843422,95.906782296,95.9516153094,94.2031277862,94.7052575365,843422,0.0,1.0
PPG,2016-06-17 00:00:00+00:00,108.18,108.26,106.63,107.0,1807062,97.0007078233,97.0724406447,95.6108844074,95.9426487067,1807062,0.0,1.0
PPG,2016-06-20 00:00:00+00:00,108.42,109.73,108.32,109.28,1227922,97.2159062877,98.3905312391,97.1262402608,97.9870341184,1227922,0.0,1.0
PPG,2016-06-21 00:00:00+00:00,108.06,108.65,107.83,108.65,1171303,96.8931085911,97.4221381494,96.6868767294,97.4221381494,1171303,0.0,1.0
PPG,2016-06-22 00:00:00+00:00,107.81,108.4,107.66,108.4,1219510,96.668943524,97.1979730823,96.5344444838,97.1979730823,1219510,0.0,1.0
PPG,2016-06-23 00:00:00+00:00,111.22,111.26,109.44,109.7,2078270,99.7265550389,99.7624214496,98.1304997613,98.3636314311,2078270,0.0,1.0
PPG,2016-06-24 00:00:00+00:00,102.73,108.09,102.21,108.09,3821510,92.1139093611,96.9200083991,91.6476460216,96.9200083991,3821510,0.0,1.0
PPG,2016-06-27 00:00:00+00:00,98.69,101.47,98.08,101.41,3449547,88.4914018772,90.9841174231,87.9444391136,90.930317807,3449547,0.0,1.0
PPG,2016-06-28 00:00:00+00:00,100.56,100.56,98.42,99.95,1941333,90.1681565789,90.1681565789,88.2493036048,89.6211938153,1941333,0.0,1.0
PPG,2016-06-29 00:00:00+00:00,102.49,102.72,101.57,101.94,1582807,91.8987108967,92.1049427584,91.0737834499,91.4055477492,1582807,0.0,1.0
PPG,2016-06-30 00:00:00+00:00,104.15,104.15,101.99,102.57,2192977,93.3871669421,93.3871669421,91.4503807626,91.9704437182,2192977,0.0,1.0
PPG,2016-07-01 00:00:00+00:00,104.52,105.49,104.07,104.32,1334274,93.7189312414,94.5886917016,93.3154341206,93.5395991877,1334274,0.0,1.0
PPG,2016-07-05 00:00:00+00:00,102.65,103.93,101.8,103.92,1898755,92.0421765397,93.1899016831,91.2800153116,93.1809350804,1898755,0.0,1.0
PPG,2016-07-06 00:00:00+00:00,102.97,103.02,101.715,102.2,1451539,92.3291078255,92.3739408389,91.2037991888,91.6386794189,1451539,0.0,1.0
PPG,2016-07-07 00:00:00+00:00,103.03,103.78,102.525,103.28,1547875,92.3829074416,93.0554026428,91.9300940061,92.6070725087,1547875,0.0,1.0
PPG,2016-07-08 00:00:00+00:00,106.32,106.6099,103.98,104.18,1649140,95.3329197243,95.592861536,93.2347346965,93.4140667501,1649140,0.0,1.0
PPG,2016-07-11 00:00:00+00:00,106.61,107.04,106.42,106.63,892797,95.5929512021,95.9785151174,95.4225857511,95.6108844074,892797,0.0,1.0
PPG,2016-07-12 00:00:00+00:00,108.7,109.5,107.31,107.55,1404035,97.4669711628,98.1842993774,96.2206133899,96.4358118543,1404035,0.0,1.0
PPG,2016-07-13 00:00:00+00:00,109.47,109.55,107.96,109.1,1238503,98.1573995694,98.2291323908,96.8034425643,97.8256352701,1238503,0.0,1.0
PPG,2016-07-14 00:00:00+00:00,108.63,109.99,108.35,109.81,1359368,97.404204944,98.6236629089,97.1531400689,98.4622640606,1359368,0.0,1.0
PPG,2016-07-15 00:00:00+00:00,109.27,109.48,108.14,109.02,1341275,97.9780675157,98.1663661721,96.9648414126,97.7539024486,1341275,0.0,1.0
PPG,2016-07-18 00:00:00+00:00,109.3,109.5,108.61,109.0,870149,98.0049673238,98.1842993774,97.3862717386,97.7359692433,870149,0.0,1.0
PPG,2016-07-19 00:00:00+00:00,108.38,108.98,107.77,108.64,1424222,97.1800398769,97.7180360379,96.6330771133,97.4131715467,1424222,0.0,1.0
PPG,2016-07-20 00:00:00+00:00,110.03,110.14,108.48,108.79,2361050,98.6595293196,98.7581619491,97.2697059038,97.5476705869,2361050,0.0,1.0
PPG,2016-07-21 00:00:00+00:00,108.59,110.13,107.56,109.0,2139928,97.3683385333,98.7491953464,96.4447784569,97.7359692433,2139928,0.0,1.0
PPG,2016-07-22 00:00:00+00:00,107.65,108.59,107.305,108.59,1708845,96.5254778811,97.3683385333,96.2161300885,97.3683385333,1708845,0.0,1.0
PPG,2016-07-25 00:00:00+00:00,106.59,107.345,106.4,107.23,1670791,95.5750179967,96.2519964993,95.4046525457,96.1488805684,1670791,0.0,1.0
PPG,2016-07-26 00:00:00+00:00,106.76,107.07,106.1789,107.07,2285250,95.7274502423,96.0054149255,95.2064009604,96.0054149255,2285250,0.0,1.0
PPG,2016-07-27 00:00:00+00:00,106.09,106.87,105.76,106.87,1626497,95.1266878626,95.8260828718,94.830789974,95.8260828718,1626497,0.0,1.0
PPG,2016-07-28 00:00:00+00:00,105.48,106.32,104.8211,105.72,2163041,94.5797250989,95.3329197243,93.9889156481,94.7949235633,2163041,0.0,1.0
PPG,2016-07-29 00:00:00+00:00,104.71,105.2295,103.7401,104.99,2107674,93.8892966923,94.3551117017,93.0196258981,94.1403615674,2107674,0.0,1.0
PPG,2016-08-01 00:00:00+00:00,104.67,105.06,103.74,104.1,1641907,93.8534302816,94.2031277862,93.0195362321,93.3423339287,1641907,0.0,1.0
PPG,2016-08-02 00:00:00+00:00,103.69,104.88,103.35,104.88,1473514,92.9747032187,94.0417289379,92.6698387275,94.0417289379,1473514,0.0,1.0
PPG,2016-08-03 00:00:00+00:00,104.33,104.38,102.87,104.13,2415786,93.5485657904,93.5933988038,92.2394417987,93.3692337367,2415786,0.0,1.0
PPG,2016-08-04 00:00:00+00:00,104.1,104.82,103.85,104.3,1282197,93.3423339287,93.9879293218,93.1181688616,93.5216659823,1282197,0.0,1.0
PPG,2016-08-05 00:00:00+00:00,104.43,104.985,104.35,104.61,1063659,93.6382318172,94.1358782661,93.5664989957,93.7996306655,1063659,0.0,1.0
PPG,2016-08-08 00:00:00+00:00,104.48,104.7,104.05,104.45,1211361,94.0417289379,94.2397494238,93.6546888973,94.0147261444,1211361,0.4,1.0
PPG,2016-08-09 00:00:00+00:00,104.37,105.2,104.19,104.35,1044980,93.942718695,94.6897959827,93.7807019338,93.9247168326,1044980,0.0,1.0
PPG,2016-08-10 00:00:00+00:00,104.69,105.07,104.09,104.69,1102365,94.2307484927,94.5727838774,93.690692622,94.2307484927,1102365,0.0,1.0
PPG,2016-08-11 00:00:00+00:00,104.74,105.38,104.43,104.82,1096106,94.2757531485,94.8518127439,93.9967242821,94.347760598,1096106,0.0,1.0
PPG,2016-08-12 00:00:00+00:00,103.99,104.87,103.71,104.61,977582,93.6006833103,94.3927652538,93.3486572373,94.1587410432,977582,0.0,1.0
PPG,2016-08-15 00:00:00+00:00,104.46,104.75,104.02,104.13,1037262,94.0237270756,94.2847540797,93.6276861038,93.7266963467,1037262,0.0,1.0
PPG,2016-08-16 00:00:00+00:00,103.65,105.355,103.65,104.51,1287115,93.2946516502,94.8293104159,93.2946516502,94.0687317315,1287115,0.0,1.0
PPG,2016-08-17 00:00:00+00:00,103.59,104.03,102.9,103.66,1243021,93.2406460632,93.636687035,92.619581812,93.3036525814,1243021,0.0,1.0
PPG,2016-08-18 00:00:00+00:00,103.77,103.96,103.36,103.59,1036944,93.4026628244,93.5736805167,93.0336246461,93.2406460632,1036944,0.0,1.0
PPG,2016-08-19 00:00:00+00:00,104.73,104.86,103.22,103.22,1090001,94.2667522174,94.3837643227,92.9076116096,92.9076116096,1090001,0.0,1.0
PPG,2016-08-22 00:00:00+00:00,105.21,105.2825,104.0,104.43,1148549,94.6987969139,94.7640536649,93.6096842414,93.9967242821,1148549,0.0,1.0
PPG,2016-08-23 00:00:00+00:00,106.44,106.77,105.6,105.87,1341749,95.8059114486,96.1029421775,95.0498332298,95.2928583715,1341749,0.0,1.0
PPG,2016-08-24 00:00:00+00:00,106.39,107.12,106.0,106.28,1808389,95.7609067928,96.4179747687,95.4098704769,95.6618965498,1808389,0.0,1.0
PPG,2016-08-25 00:00:00+00:00,106.75,107.19,106.05,106.1,914054,96.0849403151,96.4809812869,95.4548751327,95.4998797886,914054,0.0,1.0
PPG,2016-08-26 00:00:00+00:00,105.75,107.6499,105.41,106.97,929702,95.1848471974,96.8949341118,94.8788155374,96.282960801,929702,0.0,1.0
PPG,2016-08-29 00:00:00+00:00,107.6,107.89,105.91,105.91,1301714,96.8500194652,97.1110464693,95.3288620963,95.3288620963,1301714,0.0,1.0
PPG,2016-08-30 00:00:00+00:00,107.28,107.6988,106.67,107.35,1036536,96.5619896675,96.9389486652,96.0129328657,96.6249961858,1036536,0.0,1.0
PPG,2016-08-31 00:00:00+00:00,105.88,107.08,105.43,107.08,1392251,95.3018593027,96.381971044,94.8968173998,96.381971044,1392251,0.0,1.0
PPG,2016-09-01 00:00:00+00:00,105.98,106.3,105.09,106.02,929606,95.3918686145,95.6798984122,94.5907857397,95.4278723392,929606,0.0,1.0
PPG,2016-09-02 00:00:00+00:00,107.04,107.07,106.32,106.74,662667,96.3459673193,96.3729701128,95.6979002745,96.075939384,662667,0.0,1.0
PPG,2016-09-06 00:00:00+00:00,107.62,107.97,107.01,107.37,1321192,96.8680213275,97.1830539187,96.3189645257,96.6429980481,1321192,0.0,1.0
PPG,2016-09-07 00:00:00+00:00,106.73,107.79,106.42,107.24,1337902,96.0669384528,97.0210371575,95.7879095863,96.5259859428,1337902,0.0,1.0
PPG,2016-09-08 00:00:00+00:00,105.3,106.88,105.28,106.54,1042443,94.7798052945,96.2019524204,94.7618034321,95.8959207604,1042443,0.0,1.0
PPG,2016-09-09 00:00:00+00:00,100.86,104.58,100.76,104.58,2339450,90.7833918518,94.1317382497,90.6933825401,94.1317382497,2339450,0.0,1.0
PPG,2016-09-12 00:00:00+00:00,102.76,102.98,100.42,100.48,1597182,92.4935687755,92.6915892614,90.3873508801,90.4413564671,1597182,0.0,1.0
PPG,2016-09-13 00:00:00+00:00,101.16,101.95,100.58,101.71,1425355,91.0534197872,91.7644933501,90.5313657789,91.5484710019,1425355,0.0,1.0
PPG,2016-09-14 00:00:00+00:00,100.68,101.38,99.964,101.07,1098659,90.6213750907,91.251440273,89.9769084184,90.9724114066,1098659,0.0,1.0
PPG,2016-09-15 00:00:00+00:00,101.24,101.5963,100.38,100.69,1199563,91.1254272366,91.4461304144,90.3513471553,90.6303760218,1199563,0.0,1.0
PPG,2016-09-16 00:00:00+00:00,100.21,100.82,99.78,100.63,1986709,90.1983313253,90.7473881271,89.8112912847,90.5763704348,1986709,0.0,1.0
PPG,2016-09-19 00:00:00+00:00,101.08,101.55,100.53,100.93,1266116,90.9814123377,91.4044561031,90.486361123,90.8463983701,1266116,0.0,1.0
PPG,2016-09-20 00:00:00+00:00,101.26,101.95,100.41,100.41,1317944,91.1434290989,91.7644933501,90.3783499489,90.3783499489,1317944,0.0,1.0
PPG,2016-09-21 00:00:00+00:00,102.46,102.54,101.26,101.8,1143979,92.2235408402,92.2955482896,91.1434290989,91.6294793825,1143979,0.0,1.0
PPG,2016-09-22 00:00:00+00:00,103.14,104.22,102.92,103.51,1149767,92.8356041602,93.8077047273,92.6375836743,93.1686386138,1149767,0.0,1.0
PPG,2016-09-23 00:00:00+00:00,103.27,103.7599,102.78,103.11,1648992,92.9526162655,93.3935718839,92.5115706378,92.8086013667,1648992,0.0,1.0
PPG,2016-09-26 00:00:00+00:00,102.14,103.29,102.01,103.07,928392,91.9355110425,92.9706181279,91.8184989372,92.772597642,928392,0.0,1.0
PPG,2016-09-27 00:00:00+00:00,102.45,102.63,101.545,102.0,1290438,92.214539909,92.3765566702,91.3999556375,91.809498006,1290438,0.0,1.0
PPG,2016-09-28 00:00:00+00:00,103.57,103.95,102.37,102.92,1300810,93.2226442008,93.5646795856,92.1425324596,92.6375836743,1300810,0.0,1.0
PPG,2016-09-29 00:00:00+00:00,102.06,103.96,101.975,103.65,1162960,91.8635035931,93.5736805167,91.7869956781,93.2946516502,1162960,0.0,1.0
PPG,2016-09-30 00:00:00+00:00,103.36,103.85,102.65,102.65,1716461,93.0336246461,93.4746702738,92.3945585325,92.3945585325,1716461,0.0,1.0
PPG,2016-10-03 00:00:00+00:00,103.44,104.04,103.27,103.27,1348278,93.1056320955,93.6456879661,92.9526162655,92.9526162655,1348278,0.0,1.0
PPG,2016-10-04 00:00:00+00:00,102.05,104.08,101.8,103.8,1560626,91.8545026619,93.6816916909,91.6294793825,93.4296656179,1560626,0.0,1.0
PPG,2016-10-05 00:00:00+00:00,101.58,102.73,101.55,102.3,912363,91.4314588966,92.466565982,91.4044561031,92.0795259413,912363,0.0,1.0
PPG,2016-10-06 00:00:00+00:00,102.19,102.36,101.22,101.4,1078775,91.9805156984,92.1335315284,91.1074253742,91.2694421354,1078775,0.0,1.0
PPG,2016-10-07 00:00:00+00:00,93.73,97.5,92.51,97.19,7136572,84.3657279226,87.7590789763,83.267614319,87.4800501099,7136572,0.0,1.0
PPG,2016-10-10 00:00:00+00:00,93.85,94.99,93.22,94.31,3251573,84.4737390967,85.4998452509,83.9066804326,84.8877819309,3251573,0.0,1.0
PPG,2016-10-11 00:00:00+00:00,92.3,93.25,91.51,93.25,4157688,83.0785947643,83.9336832261,82.3675212013,83.9336832261,4157688,0.0,1.0
PPG,2016-10-12 00:00:00+00:00,91.94,92.555,91.43,92.39,2171212,82.7545612419,83.3081185093,82.2955137519,83.1596031449,2171212,0.0,1.0
PPG,2016-10-13 00:00:00+00:00,92.12,92.36,90.31,91.01,2603365,82.9165780031,83.1326003513,81.28740946,81.9174746424,2603365,0.0,1.0
PPG,2016-10-14 00:00:00+00:00,92.6,93.11,92.55,92.75,2453246,83.3486226996,83.8076701896,83.3036180437,83.4836366672,2453246,0.0,1.0
PPG,2016-10-17 00:00:00+00:00,92.66,92.88,92.24,92.6,1918790,83.4026282867,83.6006487725,83.0245891772,83.3486226996,1918790,0.0,1.0
PPG,2016-10-18 00:00:00+00:00,92.81,93.83,92.79,93.75,1317470,83.5376422543,84.4557372344,83.519640392,84.383729785,1317470,0.0,1.0
PPG,2016-10-19 00:00:00+00:00,92.56,93.18,92.16,92.82,2166432,83.3126189749,83.8706767079,82.9525817278,83.5466431855,2166432,0.0,1.0
PPG,2016-10-20 00:00:00+00:00,92.66,94.47,92.51,92.69,2407943,83.4026282867,85.0317968297,83.267614319,83.4296310802,2407943,0.0,1.0
PPG,2016-10-21 00:00:00+00:00,92.38,92.59,90.48,91.42,2366961,83.1506022137,83.3396217684,81.4404252901,82.2865128207,2366961,0.0,1.0
PPG,2016-10-24 00:00:00+00:00,93.24,93.51,92.7,92.75,2011073,83.9246822949,84.1677074367,83.4386320114,83.4836366672,2011073,0.0,1.0
PPG,2016-10-25 00:00:00+00:00,91.22,92.06,89.64,90.55,4338508,82.1064941972,82.862572416,80.6843470712,81.5034318083,4338508,0.0,1.0
PPG,2016-10-26 00:00:00+00:00,92.52,92.62,91.01,91.01,2515849,83.2766152502,83.3666245619,81.9174746424,81.9174746424,2515849,0.0,1.0
PPG,2016-10-27 00:00:00+00:00,93.35,93.63,92.74,93.03,2291233,84.0236925379,84.2757186108,83.4746357361,83.7356627402,2291233,0.0,1.0
PPG,2016-10-28 00:00:00+00:00,92.87,94.53,92.27,93.44,2062332,83.5916478414,85.0858024168,83.0515919707,84.1047009185,2062332,0.0,1.0
PPG,2016-10-31 00:00:00+00:00,93.13,93.44,92.81,93.35,2172977,83.825672052,84.1047009185,83.5376422543,84.0236925379,2172977,0.0,1.0
PPG,2016-11-01 00:00:00+00:00,92.74,93.59,91.75,93.25,2224383,83.4746357361,84.2397148861,82.5835435495,83.9336832261,2224383,0.0,1.0
PPG,2016-11-02 00:00:00+00:00,92.38,93.99,92.37,92.85,2227472,83.1506022137,84.5997521332,83.1416012825,83.573645979,2227472,0.0,1.0
PPG,2016-11-03 00:00:00+00:00,91.75,93.14,91.66,92.76,1647574,82.5835435495,83.8346729832,82.5025351689,83.4926375984,1647574,0.0,1.0
PPG,2016-11-04 00:00:00+00:00,92.81,93.66,91.54,92.02,1528583,83.5376422543,84.3027214044,82.3945239948,82.8265686913,1528583,0.0,1.0
PPG,2016-11-07 00:00:00+00:00,94.35,94.42,93.57,94.16,2066789,84.9237856556,84.9867921738,84.2217130238,84.7527679632,2066789,0.0,1.0
PPG,2016-11-08 00:00:00+00:00,94.74,95.19,93.5,93.83,1692133,85.6348592186,86.0416112415,84.5140314222,84.8123162389,1692133,0.4,1.0
PPG,2016-11-09 00:00:00+00:00,95.29,95.97,90.879,92.36,3225509,86.1320005799,86.7466480811,82.1449268622,83.4835929642,3225509,0.0,1.0
PPG,2016-11-10 00:00:00+00:00,96.87,98.21,95.78,95.91,2826797,87.5601521269,88.7713692617,86.5749083381,86.6924144781,2826797,0.0,1.0
PPG,2016-11-11 00:00:00+00:00,95.77,97.27,95.49,96.32,2013836,86.5658694043,87.9217094806,86.3127792567,87.0630107656,2013836,0.0,1.0
PPG,2016-11-14 00:00:00+00:00,96.05,96.85,95.13,96.4,2002259,86.8189595519,87.5420742592,85.9873776384,87.1353222363,2002259,0.0,1.0
PPG,2016-11-15 00:00:00+00:00,96.23,96.54,95.51,96.1,1778804,86.981660361,87.2618673101,86.3308571244,86.8641542211,1778804,0.0,1.0
PPG,2016-11-16 00:00:00+00:00,96.36,96.5699,95.86,95.96,1636390,87.099166501,87.2888937223,86.6472198089,86.7376091473,1636390,0.0,1.0
PPG,2016-11-17 00:00:00+00:00,96.61,96.83,96.095,96.77,1118711,87.325139847,87.5239963915,86.8596347541,87.4697627885,1118711,0.0,1.0
PPG,2016-11-18 00:00:00+00:00,95.19,96.23,95.12,96.23,1276934,86.0416112415,86.981660361,85.9783387046,86.981660361,1276934,0.0,1.0
PPG,2016-11-21 00:00:00+00:00,96.19,96.33,95.31,95.56,1807111,86.9455046256,87.0720496994,86.1500784476,86.3760517936,1807111,0.0,1.0
PPG,2016-11-22 00:00:00+00:00,96.62,96.71,96.03,96.45,1513562,87.3341787808,87.4155291854,86.8008816842,87.1805169055,1513562,0.0,1.0
PPG,2016-11-23 00:00:00+00:00,97.59,97.69,96.36,96.59,1286678,88.2109553635,88.3013447019,87.099166501,87.3070619793,1286678,0.0,1.0
PPG,2016-11-25 00:00:00+00:00,98.13,98.13,97.35,97.63,482559,88.699057791,88.699057791,87.9940209513,88.2471110989,482559,0.0,1.0
PPG,2016-11-28 00:00:00+00:00,97.35,97.95,96.77,97.92,1251211,87.9940209513,88.5363569818,87.4697627885,88.5092401803,1251211,0.0,1.0
PPG,2016-11-29 00:00:00+00:00,98.0,98.45,96.92,97.35,1467938,88.581551651,88.9883036739,87.6053467961,87.9940209513,1467938,0.0,1.0
PPG,2016-11-30 00:00:00+00:00,95.93,98.69,95.83,98.46,2704322,86.7104923458,89.2052380861,86.6201030073,88.9973426078,2704322,0.0,1.0
PPG,2016-12-01 00:00:00+00:00,95.24,96.8,94.85,96.42,2444082,86.0868059107,87.49687959,85.7342874908,87.153400104,2444082,0.0,1.0
PPG,2016-12-02 00:00:00+00:00,94.58,95.5,94.15,95.29,2085220,85.4902362771,86.3218181906,85.1015621219,86.1320005799,2085220,0.0,1.0
PPG,2016-12-05 00:00:00+00:00,95.99,96.99,95.23,95.36,1634607,86.7647259488,87.668619333,86.0777669768,86.1952731168,1634607,0.0,1.0
PPG,2016-12-06 00:00:00+00:00,96.22,96.363,95.52,95.98,1358018,86.9726214272,87.1018781811,86.3398960582,86.755687015,1358018,0.0,1.0
PPG,2016-12-07 00:00:00+00:00,98.18,98.21,96.21,96.31,1581683,88.7442524602,88.7713692617,86.9635824933,87.0539718317,1581683,0.0,1.0
PPG,2016-12-08 00:00:00+00:00,99.41,99.67,97.88,98.18,1494099,89.8560413228,90.0910536026,88.4730844449,88.7442524602,1494099,0.0,1.0
PPG,2016-12-09 00:00:00+00:00,99.3,100.17,98.92,99.48,1355202,89.7566130505,90.5430002947,89.4131335645,89.9193138596,1355202,0.0,1.0
PPG,2016-12-12 00:00:00+00:00,98.65,99.85,97.76,99.07,1528911,89.1690823508,90.2537544118,88.3646172388,89.5487175721,1528911,0.0,1.0
PPG,2016-12-13 00:00:00+00:00,97.05,98.39,96.65,98.13,2145238,87.7228529361,88.9340700709,87.3612955824,88.699057791,2145238,0.0,1.0
PPG,2016-12-14 00:00:00+00:00,96.17,97.88,95.91,97.07,1576813,86.927426758,88.4730844449,86.6924144781,87.7409308037,1576813,0.0,1.0
PPG,2016-12-15 00:00:00+00:00,96.1,97.12,95.63,96.2,1684597,86.8641542211,87.7861254729,86.4393243305,86.9545435595,1684597,0.0,1.0
PPG,2016-12-16 00:00:00+00:00,95.92,96.7,95.78,96.07,2050117,86.7014534119,87.4064902516,86.5749083381,86.8370374195,2050117,0.0,1.0
PPG,2016-12-19 00:00:00+00:00,96.22,96.87,95.97,96.06,1473441,86.9726214272,87.5601521269,86.7466480811,86.8279984857,1473441,0.0,1.0
PPG,2016-12-20 00:00:00+00:00,95.64,96.4,95.56,96.26,1418568,86.4483632643,87.1353222363,86.3760517936,87.0087771625,1418568,0.0,1.0
PPG,2016-12-21 00:00:00+00:00,95.87,96.2,95.05,95.39,1189982,86.6562587427,86.9545435595,85.9150661677,86.2223899183,1189982,0.0,1.0
PPG,2016-12-22 00:00:00+00:00,95.0,95.99,94.93,95.94,1177536,85.8698714985,86.7647259488,85.8065989616,86.7195312796,1177536,0.0,1.0
PPG,2016-12-23 00:00:00+00:00,94.69,95.04,93.8001,95.04,1816187,85.5896645494,85.9060272338,84.7852898268,85.9060272338,1816187,0.0,1.0
PPG,2016-12-27 00:00:00+00:00,95.85,95.93,94.88,95.05,1200265,86.638180875,86.7104923458,85.7614042924,85.9150661677,1200265,0.0,1.0
PPG,2016-12-28 00:00:00+00:00,94.67,96.47,94.59,96.34,1155046,85.5715866817,87.1985947732,85.4992752109,87.0810886333,1155046,0.0,1.0
PPG,2016-12-29 00:00:00+00:00,95.31,95.32,94.67,94.7,1150148,86.1500784476,86.1591173814,85.5715866817,85.5987034832,1150148,0.0,1.0
PPG,2016-12-30 00:00:00+00:00,94.76,95.5,94.46,95.43,1248654,85.6529370862,86.3218181906,85.381769071,86.2585456537,1248654,0.0,1.0
PPG,2017-01-03 00:00:00+00:00,95.25,95.97,94.57,95.43,1358064,86.0958448445,86.7466480811,85.4811973432,86.2585456537,1358064,0.0,1.0
PPG,2017-01-04 00:00:00+00:00,97.27,97.52,95.63,95.71,1334473,87.9217094806,88.1476828266,86.4393243305,86.5116358012,1334473,0.0,1.0
PPG,2017-01-05 00:00:00+00:00,95.62,96.62,95.4,96.46,1661879,86.4302853967,87.3341787808,86.2314288521,87.1895558394,1661879,0.0,1.0
PPG,2017-01-06 00:00:00+00:00,95.59,96.14,95.29,95.77,1379830,86.4031685951,86.9003099564,86.1320005799,86.5658694043,1379830,0.0,1.0
PPG,2017-01-09 00:00:00+00:00,96.35,96.46,94.77,95.05,1454135,87.0901275671,87.1895558394,85.6619760201,85.9150661677,1454135,0.0,1.0
PPG,2017-01-10 00:00:00+00:00,96.39,96.65,95.665,96.07,1418749,87.1262833025,87.3612955824,86.4709605989,86.8370374195,1418749,0.0,1.0
PPG,2017-01-11 00:00:00+00:00,96.63,96.67,95.58,96.25,1169855,87.3432177147,87.3793734501,86.3941296613,86.9997382287,1169855,0.0,1.0
PPG,2017-01-12 00:00:00+00:00,96.87,96.975,95.8,96.45,1027233,87.5601521269,87.6550609322,86.5929862058,87.1805169055,1027233,0.0,1.0
PPG,2017-01-13 00:00:00+00:00,96.32,97.1,96.17,96.83,1237908,87.0630107656,87.7680476053,86.927426758,87.5239963915,1237908,0.0,1.0
PPG,2017-01-17 00:00:00+00:00,95.97,96.08,94.62,95.79,2251585,86.7466480811,86.8460763534,85.5263920125,86.583947272,2251585,0.0,1.0
PPG,2017-01-18 00:00:00+00:00,96.69,96.85,95.66,95.97,2144600,87.3974513177,87.5420742592,86.466441132,86.7466480811,2144600,0.0,1.0
PPG,2017-01-19 00:00:00+00:00,97.5,98.98,96.0,97.84,3378025,88.1296049589,89.4673671675,86.7737648826,88.4369287096,3378025,0.0,1.0
PPG,2017-01-20 00:00:00+00:00,99.0,99.82,97.87,98.03,2805435,89.4854450352,90.2266376103,88.4640455111,88.6086684526,2805435,0.0,1.0
PPG,2017-01-23 00:00:00+00:00,100.24,100.31,98.701,98.74,2340664,90.6062728316,90.6695453685,89.2151809134,89.2504327553,2340664,0.0,1.0
PPG,2017-01-24 00:00:00+00:00,101.8,102.55,100.44,100.74,2264397,92.016346511,92.6942665491,90.7870515085,91.0582195237,2264397,0.0,1.0
PPG,2017-01-25 00:00:00+00:00,101.08,102.28,100.88,102.2,2107450,91.3655432744,92.4502153354,91.1847645975,92.3779038647,2107450,0.0,1.0
PPG,2017-01-26 00:00:00+00:00,101.85,102.0,100.76,101.64,1591702,92.0615411802,92.1971251878,91.0762973914,91.8717235695,1591702,0.0,1.0
PPG,2017-01-27 00:00:00+00:00,102.02,102.1219,101.22,101.69,1333600,92.2152030555,92.3073097913,91.4920883481,91.9169182387,1333600,0.0,1.0
PPG,2017-01-30 00:00:00+00:00,102.03,102.15,100.44,102.15,1996094,92.2242419893,92.3327091954,90.7870515085,92.3327091954,1996094,0.0,1.0
PPG,2017-01-31 00:00:00+00:00,100.01,101.86,99.29,101.72,2571536,90.3983773533,92.070580114,89.7475741166,91.9440350402,2571536,0.0,1.0
PPG,2017-02-01 00:00:00+00:00,100.56,100.76,99.0,99.65,1643610,90.8955187146,91.0762973914,89.4854450352,90.072975735,1643610,0.0,1.0
PPG,2017-02-02 00:00:00+00:00,100.58,101.08,100.0416,100.51,1971552,90.9135965823,91.3655432744,90.4269403842,90.8503240454,1971552,0.0,1.0
PPG,2017-02-03 00:00:00+00:00,100.94,101.15,100.42,101.11,921564,91.2389982006,91.4288158112,90.7689736408,91.3926600759,921564,0.0,1.0
PPG,2017-02-06 00:00:00+00:00,99.92,100.99,99.55,100.32,1605982,90.3170269487,91.2841928698,89.9825863965,90.6785843024,1605982,0.0,1.0
PPG,2017-02-07 00:00:00+00:00,100.01,100.82,99.77,100.04,1084109,90.3983773533,91.1305309945,90.1814429411,90.4254941548,1084109,0.0,1.0
PPG,2017-02-08 00:00:00+00:00,100.1,100.27,99.57,100.08,1029155,90.4797277578,90.6333896332,90.0006642642,90.4616498902,1029155,0.0,1.0
PPG,2017-02-09 00:00:00+00:00,100.13,100.4805,99.79,100.19,726365,90.5068445594,90.8236591905,90.1995208087,90.5610781624,726365,0.0,1.0
PPG,2017-02-10 00:00:00+00:00,100.54,100.95,100.02,100.2,1304232,90.8774408469,91.2480371344,90.4074162871,90.5701170963,1304232,0.0,1.0
PPG,2017-02-13 00:00:00+00:00,100.81,101.25,100.64,100.94,981485,91.1214920606,91.5192051497,90.9678301853,91.2389982006,981485,0.0,1.0
PPG,2017-02-14 00:00:00+00:00,101.57,101.75,100.47,100.91,1530961,91.8084510326,91.9711518418,90.81416831,91.211881399,1530961,0.0,1.0
PPG,2017-02-15 00:00:00+00:00,101.5,101.67,100.911,101.0,877537,92.1067358494,92.2610032887,91.5722445448,91.6530080866,877537,0.4,1.0
PPG,2017-02-16 00:00:00+00:00,101.77,101.99,100.99,101.8,878930,92.3517488413,92.5513890569,91.6439335313,92.3789725071,878930,0.0,1.0
PPG,2017-02-17 00:00:00+00:00,102.37,102.37,100.74,101.71,1305967,92.8962221567,92.8962221567,91.4170696499,92.2973015098,1305967,0.0,1.0
PPG,2017-02-21 00:00:00+00:00,103.0,103.13,102.35,102.5,2263346,93.4679191378,93.5858883561,92.8780730462,93.014191375,2263346,0.0,1.0
PPG,2017-02-22 00:00:00+00:00,102.81,103.34,102.32,102.4,1951353,93.2955025879,93.7764540165,92.8508493804,92.9234458224,1951353,0.0,1.0
PPG,2017-02-23 00:00:00+00:00,102.6,103.23,102.19,103.23,1521216,93.1049369276,93.6766339087,92.7328801621,93.6766339087,1521216,0.0,1.0
PPG,2017-02-24 00:00:00+00:00,103.31,103.365,101.93,102.13,1348643,93.7492303507,93.7991404047,92.4969417254,92.6784328305,1348643,0.0,1.0
PPG,2017-02-27 00:00:00+00:00,102.45,103.4,102.26,103.08,1149052,92.9688185987,93.8309013481,92.7964020489,93.5405155799,1149052,0.0,1.0
PPG,2017-02-28 00:00:00+00:00,102.43,102.76,101.96,102.32,1277456,92.9506694882,93.2501298117,92.5241653912,92.8508493804,1277456,0.0,1.0
PPG,2017-03-01 00:00:00+00:00,103.29,103.82,103.05,103.45,1680749,93.7310812402,94.2120326688,93.5132919141,93.8762741243,1680749,0.0,1.0
PPG,2017-03-02 00:00:00+00:00,102.38,103.3,102.3,103.3,1398884,92.9052967119,93.7401557955,92.8327002699,93.7401557955,1398884,0.0,1.0
PPG,2017-03-03 00:00:00+00:00,102.06,103.17,101.68,102.43,1077308,92.6149109437,93.6221865772,92.270077844,92.9506694882,1077308,0.0,1.0
PPG,2017-03-06 00:00:00+00:00,101.2,101.96,100.96,101.95,928048,91.8344991917,92.5241653912,91.6167098656,92.5150908359,928048,0.0,1.0
PPG,2017-03-07 00:00:00+00:00,100.78,101.245,100.67,101.14,1211903,91.453367871,91.8753346904,91.3535477631,91.7800518602,1211903,0.0,1.0
PPG,2017-03-08 00:00:00+00:00,106.83,113.49,100.34,100.64,126053,96.9434738009,102.9871276015,91.0540874397,91.3263240974,126053,0.0,1.0
PPG,2017-03-09 00:00:00+00:00,102.93,106.0,101.4201,106.0,5750030,93.404397251,96.1902857146,92.0342301529,96.1902857146,5750030,0.0,1.0
PPG,2017-03-10 00:00:00+00:00,102.09,104.52,101.94,103.94,3039008,92.6421346095,94.8472515367,92.5060162807,94.3209273319,3039008,0.0,1.0
PPG,2017-03-13 00:00:00+00:00,102.68,102.73,101.591,102.26,1442701,93.1775333696,93.2229061459,92.1893143022,92.7964020489,1442701,0.0,1.0
PPG,2017-03-14 00:00:00+00:00,101.73,102.47,101.4501,102.47,1208642,92.3154506203,92.9869677092,92.0614538187,92.9869677092,1208642,0.0,1.0
PPG,2017-03-15 00:00:00+00:00,104.04,104.41,102.19,102.89,1789376,94.4116728844,94.7474314289,92.7328801621,93.36809903,1789376,0.0,1.0
PPG,2017-03-16 00:00:00+00:00,103.62,104.65,103.02,104.65,1194650,94.0305415637,94.9652207551,93.4860682483,94.9652207551,1194650,0.0,1.0
PPG,2017-03-17 00:00:00+00:00,104.49,105.0,103.38,104.39,2972931,94.820027871,95.282830189,93.8127522375,94.7292823184,2972931,0.0,1.0
PPG,2017-03-20 00:00:00+00:00,105.57,105.72,102.36,104.23,2573623,95.8000798386,95.9361981675,92.8871476014,94.5840894343,2573623,0.0,1.0
PPG,2017-03-21 00:00:00+00:00,104.48,106.24,104.43,105.39,2055712,94.8109533157,96.4080750408,94.7655805394,95.636737844,2055712,0.0,1.0
PPG,2017-03-22 00:00:00+00:00,104.25,104.4,102.64,104.4,2044220,94.6022385448,94.7383568737,93.1412351486,94.7383568737,2044220,0.0,1.0
PPG,2017-03-23 00:00:00+00:00,104.62,105.46,103.5,103.93,1838753,94.9379970893,95.7002597308,93.9216469006,94.3118527766,1838753,0.0,1.0
PPG,2017-03-24 00:00:00+00:00,103.79,104.87,103.56,104.5,1284338,94.184809003,95.1648609707,93.9760942321,94.8291024262,1284338,0.0,1.0
PPG,2017-03-27 00:00:00+00:00,103.82,104.01,102.2,102.76,1588198,94.2120326688,94.3844492187,92.7419547173,93.2501298117,1588198,0.0,1.0
PPG,2017-03-28 00:00:00+00:00,104.97,105.3,103.57,103.85,1084869,95.2556065233,95.5550668467,93.9851687874,94.2392563346,1084869,0.0,1.0
PPG,2017-03-29 00:00:00+00:00,105.77,105.95,104.545,104.89,1144139,95.9815709437,96.1449129384,94.8699379249,95.1830100812,1144139,0.0,1.0
PPG,2017-03-30 00:00:00+00:00,105.23,105.96,105.16,105.45,1413466,95.4915449599,96.1539874936,95.4280230731,95.6911851756,1413466,0.0,1.0
PPG,2017-03-31 00:00:00+00:00,105.08,105.52,103.9385,104.94,1236529,95.3554266311,95.7547070623,94.3195661486,95.2283828575,1236529,0.0,1.0
PPG,2017-04-03 00:00:00+00:00,105.08,105.62,104.18,105.5,1317949,95.3554266311,95.8454526149,94.538716658,95.7365579518,1317949,0.0,1.0
PPG,2017-04-04 00:00:00+00:00,104.77,105.29,104.53,105.08,1214226,95.0741154181,95.5459922915,94.856326092,95.3554266311,1214226,0.0,1.0
PPG,2017-04-05 00:00:00+00:00,105.0,106.67,104.55,105.0,1664047,95.282830189,96.7982809168,94.8744752025,95.282830189,1664047,0.0,1.0
PPG,2017-04-06 00:00:00+00:00,105.27,105.86,104.99,105.18,1247102,95.5278431809,96.0632419411,95.2737556338,95.4461721836,1247102,0.0,1.0
PPG,2017-04-07 00:00:00+00:00,106.05,106.2,105.15,105.15,1116689,96.2356584909,96.3717768198,95.4189485179,95.4189485179,1116689,0.0,1.0
PPG,2017-04-10 00:00:00+00:00,105.79,106.41,105.26,105.89,1029701,95.9997200543,96.5623424801,95.5187686257,96.0904656068,1029701,0.0,1.0
PPG,2017-04-11 00:00:00+00:00,106.06,106.11,104.87,105.49,1154365,96.2447330462,96.2901058225,95.1648609707,95.7274833966,1154365,0.0,1.0
PPG,2017-04-12 00:00:00+00:00,105.06,105.5,104.521,105.5,1174533,95.3372775206,95.7365579518,94.8481589923,95.7365579518,1174533,0.0,1.0
PPG,2017-04-13 00:00:00+00:00,104.42,105.31,104.27,105.0,857460,94.7565059842,95.564141402,94.6203876553,95.282830189,857460,0.0,1.0
PPG,2017-04-17 00:00:00+00:00,105.39,105.46,104.315,104.82,859765,95.636737844,95.7002597308,94.661223154,95.1194881944,859765,0.0,1.0
PPG,2017-04-18 00:00:00+00:00,104.74,105.38,104.32,104.87,1148585,95.0468917524,95.6276632888,94.6657604316,95.1648609707,1148585,0.0,1.0
PPG,2017-04-19 00:00:00+00:00,105.0,105.8,104.67,104.97,1176519,95.282830189,96.0087946095,94.9833698656,95.2556065233,1176519,0.0,1.0
PPG,2017-04-20 00:00:00+00:00,106.37,106.61,104.36,105.63,2230520,96.5260442591,96.7438335853,94.7020586526,95.8545271702,2230520,0.0,1.0
PPG,2017-04-21 00:00:00+00:00,105.94,107.16,105.94,106.66,2044941,96.1358383831,97.2429341243,96.1358383831,96.7892063615,2044941,0.0,1.0
PPG,2017-04-24 00:00:00+00:00,108.01,108.22,106.9,108.03,2096751,98.0142713211,98.2048369815,97.0069956877,98.0324204316,2096751,0.0,1.0
PPG,2017-04-25 00:00:00+00:00,110.82,111.06,108.18,108.18,2342580,100.5642213481,100.7820106742,98.1685387605,98.1685387605,2342580,0.0,1.0
PPG,2017-04-26 00:00:00+00:00,110.48,110.89,109.61,110.89,1330754,100.2556864694,100.6277432349,99.4662001621,100.6277432349,1330754,0.0,1.0
PPG,2017-04-27 00:00:00+00:00,111.29,111.987,110.3,110.58,1706224,100.9907254451,101.6232219465,100.0923444748,100.3464320219,1706224,0.0,1.0
PPG,2017-04-28 00:00:00+00:00,109.84,111.05,109.81,111.05,1045375,99.674914933,100.772936119,99.6476912672,100.772936119,1045375,0.0,1.0
PPG,2017-05-01 00:00:00+00:00,109.46,109.95,109.11,109.67,706473,99.3300818332,99.7747350408,99.0124723993,99.5206474936,706473,0.0,1.0
PPG,2017-05-02 00:00:00+00:00,109.47,113.0,109.09,109.69,1109178,99.3391563885,102.5424743939,98.9943232888,99.5387966041,1109178,0.0,1.0
PPG,2017-05-03 00:00:00+00:00,109.2,109.674,109.04,109.32,927319,99.0941433966,99.5242773157,98.9489505125,99.2030380597,927319,0.0,1.0
PPG,2017-05-04 00:00:00+00:00,109.89,110.29,109.22,109.33,1102093,99.7202877093,100.0832699195,99.1122925071,99.2121126149,1102093,0.0,1.0
PPG,2017-05-05 00:00:00+00:00,110.56,111.34,109.83,110.0,1083528,100.3282829114,101.0360982214,99.6658403777,99.8201078171,1083528,0.0,1.0
PPG,2017-05-08 00:00:00+00:00,108.43,109.95,108.16,109.75,1310048,98.7583848521,100.1428056303,98.5124680034,99.9606450016,1310048,0.4,1.0
PPG,2017-05-09 00:00:00+00:00,107.85,108.72,107.53,108.47,1257939,98.2301190289,99.0225177637,97.9386620229,98.7948169779,1257939,0.0,1.0
PPG,2017-05-10 00:00:00+00:00,107.85,108.54,107.6,107.94,1044008,98.2301190289,98.8585731979,98.002418243,98.3120913118,1044008,0.0,1.0
PPG,2017-05-11 00:00:00+00:00,107.46,107.76,106.27,107.31,1125042,97.8749058029,98.148146746,96.7910500621,97.7382853314,1125042,0.0,1.0
PPG,2017-05-12 00:00:00+00:00,107.12,107.47,106.82,107.29,491517,97.5652327341,97.8840138343,97.291991791,97.7200692685,491517,0.0,1.0
PPG,2017-05-15 00:00:00+00:00,107.98,108.42,107.155,107.16,730346,98.3485234375,98.7492768207,97.5971108441,97.6016648598,730346,0.0,1.0
PPG,2017-05-16 00:00:00+00:00,107.41,108.07,107.25,107.92,599753,97.8293656457,98.4304957204,97.6836371428,98.2938752489,599753,0.0,1.0
PPG,2017-05-17 00:00:00+00:00,105.48,107.08,105.4,106.71,1292116,96.0715155787,97.5288006084,95.9986513272,97.1918034453,1292116,0.0,1.0
PPG,2017-05-18 00:00:00+00:00,105.39,106.11,104.9,105.62,1319448,95.9895432958,96.6453215591,95.5432497555,96.1990280188,1319448,0.0,1.0
PPG,2017-05-19 00:00:00+00:00,106.73,107.13,105.11,105.11,1080590,97.2100195081,97.5743407655,95.7345184156,95.7345184156,1080590,0.0,1.0
PPG,2017-05-22 00:00:00+00:00,106.42,107.1816,106.15,106.95,813596,96.9276705336,97.6213382077,96.6817536849,97.4103961997,813596,0.0,1.0
PPG,2017-05-23 00:00:00+00:00,106.7,107.065,106.09,106.48,794345,97.1826954138,97.5151385612,96.6271054963,96.9823187222,794345,0.0,1.0
PPG,2017-05-24 00:00:00+00:00,106.94,107.44,106.18,106.8,510947,97.4012881683,97.85668974,96.7090777792,97.2737757282,510947,0.0,1.0
PPG,2017-05-25 00:00:00+00:00,106.91,107.51,106.57,107.17,1340284,97.373964074,97.9204459601,97.0642910052,97.6107728913,1340284,0.0,1.0
PPG,2017-05-26 00:00:00+00:00,107.24,107.67,106.48,106.72,664347,97.6745291113,98.066174463,96.9823187222,97.2009114767,664347,0.0,1.0
PPG,2017-05-30 00:00:00+00:00,106.48,107.0,105.88,107.0,974238,96.9823187222,97.4559363569,96.4358368361,97.4559363569,974238,0.0,1.0
PPG,2017-05-31 00:00:00+00:00,106.36,106.67,105.69,106.67,1664975,96.873022345,97.1553713195,96.2627842389,97.1553713195,1664975,0.0,1.0
PPG,2017-06-01 00:00:00+00:00,109.16,110.47,106.39,106.49,2196898,99.4232711469,100.6164232649,96.9003464393,96.9914267537,2196898,0.0,1.0
PPG,2017-06-02 00:00:00+00:00,110.42,110.65,108.69,109.14,1254039,100.5708831077,100.7803678307,98.9951936694,99.405055084,1254039,0.0,1.0
PPG,2017-06-05 00:00:00+00:00,108.36,110.375,108.31,110.0,1038003,98.6946286321,100.5298969663,98.6490884749,100.1883457874,1038003,0.0,1.0
PPG,2017-06-06 00:00:00+00:00,108.38,108.56,107.65,107.86,1256668,98.7128446949,98.8767892608,98.0479584002,98.2392270603,1256668,0.0,1.0
PPG,2017-06-07 00:00:00+00:00,107.85,108.75,107.53,108.57,1898722,98.2301190289,99.049841858,97.9386620229,98.8858972922,1898722,0.0,1.0
PPG,2017-06-08 00:00:00+00:00,107.92,108.0,106.64,107.35,1289659,98.2938752489,98.3667395004,97.1280472252,97.7747174571,1289659,0.0,1.0
PPG,2017-06-09 00:00:00+00:00,109.93,109.93,108.07,108.07,1585766,100.1245895674,100.1245895674,98.4304957204,98.4304957204,1585766,0.0,1.0
PPG,2017-06-12 00:00:00+00:00,110.14,110.84,109.69,110.0,2176244,100.3158582275,100.953420428,99.905996813,100.1883457874,2176244,0.0,1.0
PPG,2017-06-13 00:00:00+00:00,111.57,111.58,109.848,110.06,1357582,101.6183067228,101.6274147542,100.0499037096,100.2429939761,1357582,0.0,1.0
PPG,2017-06-14 00:00:00+00:00,111.5,111.71,111.03,111.68,892790,101.5545505027,101.7458191629,101.1264730253,101.7184950686,892790,0.0,1.0
PPG,2017-06-15 00:00:00+00:00,111.32,111.62,110.47,110.47,978327,101.3906059369,101.6638468799,100.6164232649,100.6164232649,978327,0.0,1.0
PPG,2017-06-16 00:00:00+00:00,111.16,111.74,110.84,111.2,2047354,101.2448774339,101.7731432572,100.953420428,101.2813095597,2047354,0.0,1.0
PPG,2017-06-19 00:00:00+00:00,111.11,111.57,110.97,111.51,1101922,101.1993372768,101.6183067228,101.0718248367,101.5636585342,1101922,0.0,1.0
PPG,2017-06-20 00:00:00+00:00,110.78,111.235,110.61,110.88,875226,100.8987722394,101.3131876697,100.743935705,100.9898525537,875226,0.0,1.0
PPG,2017-06-21 00:00:00+00:00,110.68,111.21,110.47,111.0,1372019,100.807691925,101.2904175911,100.6164232649,101.099148931,1372019,0.0,1.0
PPG,2017-06-22 00:00:00+00:00,110.57,110.93,110.4,110.77,1184222,100.7075035793,101.0353927109,100.5526670449,100.889664208,1184222,0.0,1.0
PPG,2017-06-23 00:00:00+00:00,110.68,111.025,110.33,110.5,1287524,100.807691925,101.1219190096,100.4889108248,100.6437473592,1287524,0.0,1.0
PPG,2017-06-26 00:00:00+00:00,110.82,111.06,110.32,110.55,734646,100.9352043651,101.1537971196,100.4798027934,100.6892875164,734646,0.0,1.0
PPG,2017-06-27 00:00:00+00:00,110.49,111.2225,110.49,110.49,955850,100.6346393278,101.3018026304,100.6346393278,100.6346393278,955850,0.0,1.0
PPG,2017-06-28 00:00:00+00:00,111.07,111.3,110.89,111.0,1967432,101.162905151,101.372389874,100.9989605852,101.099148931,1967432,0.0,1.0
PPG,2017-06-29 00:00:00+00:00,109.65,111.3,109.27,111.06,835027,99.8695646872,101.372389874,99.5234594927,101.1537971196,835027,0.0,1.0
PPG,2017-06-30 00:00:00+00:00,109.96,110.53,109.66,110.18,759493,100.1519136617,100.6710714535,99.8786727186,100.3522903533,759493,0.0,1.0
PPG,2017-07-03 00:00:00+00:00,110.61,111.1,110.21,110.61,381538,100.743935705,101.1902292453,100.3796144476,100.743935705,381538,0.0,1.0
PPG,2017-07-05 00:00:00+00:00,110.68,111.6,110.22,111.22,630070,100.807691925,101.6456308171,100.388722479,101.2995256225,630070,0.0,1.0
PPG,2017-07-06 00:00:00+00:00,110.05,110.62,109.815,110.44,863430,100.2338859446,100.7530437364,100.0198472059,100.5890991706,863430,0.0,1.0
PPG,2017-07-07 00:00:00+00:00,111.0,111.13,109.945,110.35,688538,101.099148931,101.2175533396,100.1382516146,100.5071268877,688538,0.0,1.0
PPG,2017-07-10 00:00:00+00:00,110.98,111.4,110.73,110.73,919447,101.0809328681,101.4634701884,100.8532320822,100.8532320822,919447,0.0,1.0
PPG,2017-07-11 00:00:00+00:00,110.97,111.28,110.5501,111.1,749866,101.0718248367,101.3541738112,100.6893785967,101.1902292453,749866,0.0,1.0
PPG,2017-07-12 00:00:00+00:00,111.84,112.18,111.26,111.67,1418017,101.8642235715,102.1738966403,101.3359577483,101.7093870371,1418017,0.0,1.0
PPG,2017-07-13 00:00:00+00:00,112.4,112.63,111.73,111.79,906067,102.3742733319,102.5837580549,101.7640352257,101.8186834143,906067,0.0,1.0
PPG,2017-07-14 00:00:00+00:00,112.8,113.14,112.32,112.64,640207,102.7385945893,103.0482676581,102.3014090804,102.5928660863,640207,0.0,1.0
PPG,2017-07-17 00:00:00+00:00,112.96,113.46,112.5176,112.8,466433,102.8843230923,103.339724664,102.4813837816,102.7385945893,466433,0.0,1.0
PPG,2017-07-18 00:00:00+00:00,112.95,112.99,112.12,112.84,797264,102.8752150608,102.9116471866,102.1192484517,102.775026715,797264,0.0,1.0
PPG,2017-07-19 00:00:00+00:00,113.6,113.665,112.69,113.13,1102154,103.4672371041,103.5264393085,102.6384062435,103.0391596267,1102154,0.0,1.0
PPG,2017-07-20 00:00:00+00:00,106.72,109.59,105.83,109.59,4653700,97.2009114767,99.8149164986,96.390296679,99.8149164986,4653700,0.0,1.0
PPG,2017-07-21 00:00:00+00:00,106.37,107.4,106.25,106.25,2668776,96.8821303765,97.8202576143,96.7728339992,96.7728339992,2668776,0.0,1.0
PPG,2017-07-24 00:00:00+00:00,105.39,105.84,104.69,105.19,2542300,95.9895432958,96.3994047104,95.3519810953,95.8073826671,2542300,0.0,1.0
PPG,2017-07-25 00:00:00+00:00,107.11,107.52,105.87,106.2,1767040,97.5561247027,97.9295539915,96.4267288047,96.7272938421,1767040,0.0,1.0
PPG,2017-07-26 00:00:00+00:00,106.75,107.22,106.61,107.13,1010050,97.228235571,97.6563130485,97.1007231309,97.5743407655,1010050,0.0,1.0
PPG,2017-07-27 00:00:00+00:00,106.15,107.19,105.485,106.83,1882931,96.6817536849,97.6289889541,96.0760695944,97.3010998225,1882931,0.0,1.0
PPG,2017-07-28 00:00:00+00:00,106.03,106.54,105.445,106.15,1723944,96.5724573077,97.0369669109,96.0396374687,96.6817536849,1723944,0.0,1.0
PPG,2017-07-31 00:00:00+00:00,105.25,106.45,104.99,106.32,1565983,95.8620308557,96.9549946279,95.6252220384,96.8365902193,1565983,0.0,1.0
PPG,2017-08-01 00:00:00+00:00,105.11,105.62,104.63,105.28,2066367,95.7345184156,96.1990280188,95.2973329067,95.88935495,2066367,0.0,1.0
PPG,2017-08-02 00:00:00+00:00,106.21,106.85,104.77,104.92,1648687,96.7364018735,97.3193158853,95.4248453468,95.5614658184,1648687,0.0,1.0
PPG,2017-08-03 00:00:00+00:00,104.67,106.46,103.86,106.46,2055489,95.3337650325,96.9641026594,94.5960144862,96.9641026594,2055489,0.0,1.0
PPG,2017-08-04 00:00:00+00:00,105.01,105.29,104.31,104.94,846636,95.6434381013,95.8984629815,95.0058759008,95.5796818812,846636,0.0,1.0
PPG,2017-08-07 00:00:00+00:00,105.14,105.91,104.95,105.2,1129109,95.7618425099,96.4631609304,95.5887899127,95.8164906985,1129109,0.0,1.0
PPG,2017-08-08 00:00:00+00:00,103.4,104.43,103.19,104.26,1385811,94.5869064548,95.5291164514,94.3948053875,95.3736060636,1385811,0.45,1.0
PPG,2017-08-09 00:00:00+00:00,103.37,103.82,102.8,103.04,1909179,94.5594634452,94.9711085893,94.0380462626,94.2575903395,1909179,0.0,1.0
PPG,2017-08-10 00:00:00+00:00,101.33,103.115,101.22,102.8,1999622,92.6933387917,94.3261978635,92.5927144231,94.0380462626,1999622,0.0,1.0
PPG,2017-08-11 00:00:00+00:00,100.73,101.56,100.45,101.56,1536921,92.1444785995,92.9037351987,91.8883438432,92.9037351987,1536921,0.0,1.0
PPG,2017-08-14 00:00:00+00:00,102.56,102.8,101.2,101.71,1302590,93.8185021857,94.0380462626,92.5744190834,93.0409502468,1302590,0.0,1.0
PPG,2017-08-15 00:00:00+00:00,102.94,103.21,102.25,102.6,1272075,94.1661136408,94.4131007273,93.5349244197,93.8550928652,1272075,0.0,1.0
PPG,2017-08-16 00:00:00+00:00,103.74,103.88,102.735,103.17,1314209,94.8979272304,95.0259946085,93.9785864084,94.3765100478,1314209,0.0,1.0
PPG,2017-08-17 00:00:00+00:00,102.68,103.98,102.68,103.56,951381,93.9282742241,95.1174713072,93.9282742241,94.7332691727,951381,0.0,1.0
PPG,2017-08-18 00:00:00+00:00,102.08,102.85,101.95,102.43,1775342,93.379414032,94.0837846119,93.2604943236,93.6995824774,1775342,0.0,1.0
PPG,2017-08-21 00:00:00+00:00,102.39,102.53,101.72,102.1,1325356,93.6629917979,93.7910591761,93.0500979166,93.3977093717,1325356,0.0,1.0
PPG,2017-08-22 00:00:00+00:00,104.54,104.745,102.37,102.66,994416,95.62974082,95.8172680523,93.6446964582,93.9099788844,994416,0.0,1.0
PPG,2017-08-23 00:00:00+00:00,103.63,104.42,103.59,104.02,888245,94.7973028618,95.5199687815,94.7607121823,95.1540619867,888245,0.0,1.0
PPG,2017-08-24 00:00:00+00:00,103.71,104.57,103.6,103.91,679967,94.8704842207,95.6571838296,94.7698598522,95.0534376181,679967,0.0,1.0
PPG,2017-08-25 00:00:00+00:00,103.72,104.09,103.23,103.98,863176,94.8796318906,95.2180956758,94.431396067,95.1174713072,863176,0.0,1.0
PPG,2017-08-28 00:00:00+00:00,104.15,104.36,103.57,103.88,804086,95.272981695,95.4650827623,94.7424168426,95.0259946085,804086,0.0,1.0
PPG,2017-08-29 00:00:00+00:00,103.86,104.04,103.0301,103.45,834961,95.0076992688,95.1723573265,94.2485341463,94.6326448041,834961,0.0,1.0
PPG,2017-08-30 00:00:00+00:00,103.81,104.3,103.46,103.62,1301339,94.9619609194,95.4101967431,94.641792474,94.7881551919,1301339,0.0,1.0
PPG,2017-08-31 00:00:00+00:00,104.32,104.47,103.82,104.22,1681104,95.4284920828,95.5657071309,94.9711085893,95.3370153841,1681104,0.0,1.0
PPG,2017-09-01 00:00:00+00:00,104.59,104.92,104.1,104.8,997596,95.6754791693,95.977352275,95.2272433457,95.8675802366,997596,0.0,1.0
PPG,2017-09-05 00:00:00+00:00,103.44,104.7,103.32,104.46,1006130,94.6234971343,95.7761035379,94.5137250958,95.556559461,1006130,0.0,1.0
PPG,2017-09-06 00:00:00+00:00,104.2,104.64,103.1,103.92,1515361,95.3187200444,95.7212175186,94.3124763587,95.062585288,1515361,0.0,1.0
PPG,2017-09-07 00:00:00+00:00,104.01,104.37,103.1,104.37,932877,95.1449143168,95.4742304322,94.3124763587,95.4742304322,932877,0.0,1.0
PPG,2017-09-08 00:00:00+00:00,103.59,103.94,101.61,103.63,1145274,94.7607121823,95.0808806278,92.9494735481,94.7973028618,1145274,0.0,1.0
PPG,2017-09-11 00:00:00+00:00,105.9,106.11,103.94,104.48,1005739,96.8738239223,97.0659249895,95.0808806278,95.5748548007,1005739,0.0,1.0
PPG,2017-09-12 00:00:00+00:00,106.69,106.75,105.55,106.08,796932,97.596489842,97.6513758612,96.5536554768,97.0384819799,796932,0.0,1.0
PPG,2017-09-13 00:00:00+00:00,105.06,106.54,104.75,106.42,1369827,96.1054196532,97.4592747939,95.8218418872,97.3495027555,1369827,0.0,1.0
PPG,2017-09-14 00:00:00+00:00,106.48,106.62,104.6001,105.25,1353311,97.4043887747,97.5324561529,95.6847183159,96.2792253807,1353311,0.0,1.0
PPG,2017-09-15 00:00:00+00:00,106.3,106.58,105.96,106.25,1827626,97.2397307171,97.4958654734,96.9287099415,97.1939923677,1827626,0.0,1.0
PPG,2017-09-18 00:00:00+00:00,106.8,106.93,105.97,106.2,1249958,97.6971142105,97.8160339189,96.9378576113,97.1482540184,1249958,0.0,1.0
PPG,2017-09-19 00:00:00+00:00,108.34,108.38,106.77,107.0,1029806,99.1058553705,99.14244605,97.6696712009,97.8800676079,1029806,0.0,1.0
PPG,2017-09-20 00:00:00+00:00,108.81,109.27,108.1801,108.52,1419858,99.5357958544,99.9565886684,98.9595841293,99.2705134282,1419858,0.0,1.0
PPG,2017-09-21 00:00:00+00:00,108.99,109.9,108.66,108.66,1017379,99.7004539121,100.5328918702,99.3985808063,99.3985808063,1017379,0.0,1.0
PPG,2017-09-22 00:00:00+00:00,108.76,109.18,108.47,108.96,1120018,99.490057505,99.8742596396,99.2247750788,99.6730109024,1120018,0.0,1.0
PPG,2017-09-25 00:00:00+00:00,109.16,110.16,108.0,108.23,1905115,99.8559642998,100.7707312868,98.7948345949,99.0052310019,1905115,0.0,1.0
PPG,2017-09-26 00:00:00+00:00,108.51,109.74,108.13,109.39,2111385,99.2613657583,100.3865291523,98.9137543032,100.0663607069,2111385,0.0,1.0
PPG,2017-09-27 00:00:00+00:00,107.99,108.93,107.81,108.64,1505270,98.7856869251,99.6455678928,98.6210288674,99.3802854666,1505270,0.0,1.0
PPG,2017-09-28 00:00:00+00:00,108.85,108.93,107.7,107.92,1584856,99.5723865339,99.6455678928,98.5204044988,98.721653236,1584856,0.0,1.0
PPG,2017-09-29 00:00:00+00:00,108.66,109.56,108.42,108.74,1744522,99.3985808063,100.2218710946,99.1790367295,99.4717621653,1744522,0.0,1.0
PPG,2017-10-02 00:00:00+00:00,111.0,111.16,108.4275,108.66,1258947,101.5391355559,101.6854982738,99.1858974819,99.3985808063,1258947,0.0,1.0
PPG,2017-10-03 00:00:00+00:00,111.99,112.42,110.95,111.6,1296711,102.444754873,102.8381046774,101.4933972066,102.0879957481,1296711,0.0,1.0
PPG,2017-10-04 00:00:00+00:00,112.26,112.89,111.98,112.09,1436675,102.6917419595,103.2680451613,102.4356072032,102.5362315717,1436675,0.0,1.0
PPG,2017-10-05 00:00:00+00:00,113.03,113.17,112.17,112.47,1096679,103.3961125395,103.5241799177,102.6094129307,102.8838430268,1096679,0.0,1.0
PPG,2017-10-06 00:00:00+00:00,113.28,114.15,112.67,112.88,1193732,103.6248042862,104.4206515649,103.0667964242,103.2588974914,1193732,0.0,1.0
PPG,2017-10-09 00:00:00+00:00,112.64,113.07,111.751,113.07,1524450,103.0393534146,103.432703219,102.2261255631,103.432703219,1524450,0.0,1.0
PPG,2017-10-10 00:00:00+00:00,112.38,112.735,111.91,112.64,1190333,102.801513998,103.1262562783,102.3715735141,103.0393534146,1190333,0.0,1.0
PPG,2017-10-11 00:00:00+00:00,112.41,112.585,111.69,112.38,800298,102.8289570076,102.9890412303,102.1703247769,102.801513998,800298,0.0,1.0
PPG,2017-10-12 00:00:00+00:00,113.4,113.82,112.17,112.25,1368838,103.7345763247,104.1187784592,102.6094129307,102.6825942896,1368838,0.0,1.0
PPG,2017-10-13 00:00:00+00:00,113.5,113.9,113.2,113.88,1003706,103.8260530234,104.1919598182,103.5516229273,104.1736644784,1003706,0.0,1.0
PPG,2017-10-16 00:00:00+00:00,113.17,113.99,112.7,113.77,1321317,103.5241799177,104.274288847,103.0942394338,104.0730401099,1321317,0.0,1.0
PPG,2017-10-17 00:00:00+00:00,112.96,113.55,112.76,113.12,1439829,103.3320788504,103.8717913727,103.149125453,103.4784415683,1439829,0.0,1.0
PPG,2017-10-18 00:00:00+00:00,112.88,113.32,112.1,113.15,1765273,103.2588974914,103.6613949657,102.5453792416,103.5058845779,1765273,0.0,1.0
PPG,2017-10-19 00:00:00+00:00,114.31,115.36,110.1,111.0,1940755,104.5670142828,105.5275196192,100.7158452676,101.5391355559,1940755,0.0,1.0
PPG,2017-10-20 00:00:00+00:00,117.76,117.8,114.79,114.95,2264832,107.722960388,107.7595510674,105.0061024366,105.1524651545,2264832,0.0,1.0
PPG,2017-10-23 00:00:00+00:00,116.89,117.91,116.73,117.68,1921915,106.9271131093,107.860175436,106.7807503914,107.649779029,1921915,0.0,1.0
PPG,2017-10-24 00:00:00+00:00,117.44,118.72,117.28,117.65,1254196,107.4302349521,108.6011366955,107.2838722342,107.6223360194,1254196,0.0,1.0
PPG,2017-10-25 00:00:00+00:00,117.76,117.92,116.72,117.26,1065230,107.722960388,107.8693231059,106.7716027215,107.2655768945,1065230,0.0,1.0
PPG,2017-10-26 00:00:00+00:00,118.67,119.07,118.07,118.59,1021383,108.5553983461,108.9213051409,108.0065381539,108.4822169872,1021383,0.0,1.0
PPG,2017-10-27 00:00:00+00:00,117.93,119.85,117.26,118.5,2022766,107.8784707757,109.6348233908,107.2655768945,108.3998879583,2022766,0.0,1.0
PPG,2017-10-30 00:00:00+00:00,116.16,117.83,115.91,117.55,1214921,106.2593332088,107.786994077,106.030641462,107.5308593207,1214921,0.0,1.0
PPG,2017-10-31 00:00:00+00:00,116.24,117.09,116.03,116.57,1150837,106.3325145677,107.1100665067,106.1404135005,106.6343876734,1150837,0.0,1.0
PPG,2017-11-01 00:00:00+00:00,115.92,116.72,115.49,116.34,1130969,106.0397891319,106.7716027215,105.6464393275,106.4239912664,1130969,0.0,1.0
PPG,2017-11-02 00:00:00+00:00,116.16,116.21,115.52,116.1,981010,106.2593332088,106.3050715581,105.6738823371,106.2044471896,981010,0.0,1.0
PPG,2017-11-03 00:00:00+00:00,116.53,116.86,115.89,116.18,781615,106.597796994,106.8996700997,106.0123461223,106.2776285485,781615,0.0,1.0
PPG,2017-11-06 00:00:00+00:00,116.34,116.78,116.31,116.56,639598,106.4239912664,106.8264887407,106.3965482568,106.6252400036,639598,0.0,1.0
PPG,2017-11-07 00:00:00+00:00,116.34,116.96,116.05,116.55,639074,106.4239912664,106.9911467984,106.1587088402,106.6160923337,639074,0.0,1.0
PPG,2017-11-08 00:00:00+00:00,116.12,116.45,115.54,116.22,877080,106.2227425293,106.524615635,105.6921776768,106.314219228,877080,0.0,1.0
PPG,2017-11-09 00:00:00+00:00,115.13,115.73,114.56,115.05,926355,105.7287683563,106.2797738372,105.2053131495,105.6553009589,926355,0.45,1.0
PPG,2017-11-10 00:00:00+00:00,114.67,115.04,114.38,114.68,908556,105.306330821,105.6461175342,105.0400115052,105.3155142457,908556,0.0,1.0
PPG,2017-11-13 00:00:00+00:00,114.55,114.88,114.145,114.26,1247727,105.1961297248,105.4991827393,104.8242010252,104.929810409,1247727,0.0,1.0
PPG,2017-11-14 00:00:00+00:00,114.35,114.57,113.415,113.49,974877,105.0124612312,105.2144965742,104.1538110235,104.2226867086,974877,0.0,1.0
PPG,2017-11-15 00:00:00+00:00,113.39,114.09,113.25,114.09,950451,104.1308524618,104.7736921895,104.0022845162,104.7736921895,950451,0.0,1.0
PPG,2017-11-16 00:00:00+00:00,114.01,114.19,113.38,113.79,1395582,104.700224792,104.8655264363,104.1216690371,104.498189449,1395582,0.0,1.0
PPG,2017-11-17 00:00:00+00:00,113.83,114.46,113.57,114.0,1655611,104.5349231477,105.1134789027,104.296154106,104.6910413673,1655611,0.0,1.0
PPG,2017-11-20 00:00:00+00:00,114.88,115.91,113.88,114.08,1058455,105.4991827393,106.4450754815,104.5808402712,104.7645087648,1058455,0.0,1.0
PPG,2017-11-21 00:00:00+00:00,115.34,115.85,115.15,115.61,793957,105.9216202746,106.3899749334,105.7471352057,106.169572741,793957,0.0,1.0
PPG,2017-11-22 00:00:00+00:00,115.27,116.54,115.25,115.63,1502437,105.8573363019,107.0236312364,105.8389694525,106.1879395904,1502437,0.0,1.0
PPG,2017-11-24 00:00:00+00:00,116.1,116.53,115.655,115.81,438775,106.6195605504,107.0144478117,106.2108981521,106.3532412347,438775,0.0,1.0
PPG,2017-11-27 00:00:00+00:00,115.85,116.375,115.71,115.95,1194482,106.3899749334,106.8721047291,106.2614069878,106.4818091802,1194482,0.0,1.0
PPG,2017-11-28 00:00:00+00:00,117.34,117.42,116.26,116.26,1749229,107.7583052109,107.8317726083,106.7664953453,106.7664953453,1749229,0.0,1.0
PPG,2017-11-29 00:00:00+00:00,117.01,117.74,116.54,117.48,1157004,107.4552521964,108.1256421982,107.0236312364,107.8868731564,1157004,0.0,1.0
PPG,2017-11-30 00:00:00+00:00,116.85,118.5,116.6,117.1,2045070,107.3083174015,108.8235824739,107.0787317845,107.5379030185,2045070,0.0,1.0
PPG,2017-12-01 00:00:00+00:00,115.93,117.59,114.9,117.31,1540781,106.4634423308,107.9878908279,105.5175495887,107.7307549369,1540781,0.0,1.0
PPG,2017-12-04 00:00:00+00:00,117.56,118.92,116.83,117.9,1336452,107.9603405539,109.2092863106,107.2899505522,108.2725769931,1336452,0.0,1.0
PPG,2017-12-05 00:00:00+00:00,116.75,117.64,116.65,117.37,1004510,107.2164831547,108.0338079513,107.1246489079,107.7858554849,1004510,0.0,1.0
PPG,2017-12-06 00:00:00+00:00,116.19,117.18,116.03,116.6,893462,106.7022113725,107.611370416,106.5552765776,107.0787317845,893462,0.0,1.0
PPG,2017-12-07 00:00:00+00:00,116.11,116.6925,115.89,116.03,1128147,106.6287439751,107.1636784628,106.4267086321,106.5552765776,1128147,0.0,1.0
PPG,2017-12-08 00:00:00+00:00,115.92,116.43,115.72,116.24,781329,106.4542589061,106.9226135649,106.2705904125,106.748128496,781329,0.0,1.0
PPG,2017-12-11 00:00:00+00:00,115.68,116.46,114.73,116.06,945371,106.2338567138,106.9501638389,105.3614313691,106.5828268517,945371,0.0,1.0
PPG,2017-12-12 00:00:00+00:00,115.89,116.25,115.34,115.74,2037173,106.4267086321,106.7573119206,105.9216202746,106.2889572619,2037173,0.0,1.0
PPG,2017-12-13 00:00:00+00:00,116.25,116.96,116.02,116.08,1256210,106.7573119206,107.409335073,106.546093153,106.601193701,1256210,0.0,1.0
PPG,2017-12-14 00:00:00+00:00,113.82,116.62,113.26,116.31,1812851,104.5257397231,107.0970986338,104.0114679409,106.8124124687,1812851,0.0,1.0
PPG,2017-12-15 00:00:00+00:00,115.09,115.49,114.31,114.7,2520720,105.6920346576,106.0593716449,104.9757275325,105.333881095,2520720,0.0,1.0
PPG,2017-12-18 00:00:00+00:00,116.13,116.53,115.36,115.62,1188684,106.6471108245,107.0144478117,105.939987124,106.1787561657,1188684,0.0,1.0
PPG,2017-12-19 00:00:00+00:00,116.31,116.93,116.0,116.68,1181420,106.8124124687,107.381784799,106.5277263036,107.1521991819,1181420,0.0,1.0
PPG,2017-12-20 00:00:00+00:00,116.16,117.19,116.11,116.38,819054,106.6746610985,107.6205538407,106.6287439751,106.8766964415,819054,0.0,1.0
PPG,2017-12-21 00:00:00+00:00,116.18,116.89,116.04,116.33,639618,106.6930279479,107.3450511002,106.5644600023,106.8307793181,639618,0.0,1.0
PPG,2017-12-22 00:00:00+00:00,116.19,116.53,115.9,116.42,574199,106.7022113725,107.0144478117,106.4358920568,106.9134301402,574199,0.0,1.0
PPG,2017-12-26 00:00:00+00:00,116.28,116.46,116.08,116.4,491239,106.7848621947,106.9501638389,106.601193701,106.8950632909,491239,0.0,1.0
PPG,2017-12-27 00:00:00+00:00,116.49,116.63,116.02,116.46,538711,106.977714113,107.1062820585,106.546093153,106.9501638389,538711,0.0,1.0
PPG,2017-12-28 00:00:00+00:00,117.17,117.17,116.23,116.69,532690,107.6021869913,107.6021869913,106.7389450713,107.1613826066,532690,0.0,1.0
PPG,2017-12-29 00:00:00+00:00,116.82,117.68,116.82,117.34,866201,107.2807671275,108.0705416501,107.2807671275,107.7583052109,866201,0.0,1.0
PPG,2018-01-02 00:00:00+00:00,118.0,118.0,116.81,116.98,933750,108.3644112399,108.3644112399,107.2715837028,107.4277019224,933750,0.0,1.0
PPG,2018-01-03 00:00:00+00:00,118.19,118.81,117.14,118.0,915998,108.5388963088,109.1082686391,107.5746367173,108.3644112399,915998,0.0,1.0
PPG,2018-01-04 00:00:00+00:00,117.47,119.76,117.32,118.66,1222512,107.8776897318,109.9806939838,107.7399383615,108.9705172688,1222512,0.0,1.0
PPG,2018-01-05 00:00:00+00:00,118.92,119.05,117.49,117.74,956681,109.2092863106,109.3286708314,107.8960565811,108.1256421982,956681,0.0,1.0
PPG,2018-01-08 00:00:00+00:00,118.72,119.19,118.49,119.0,1260106,109.0256178169,109.4572387769,108.8143990493,109.282753708,1260106,0.0,1.0
PPG,2018-01-09 00:00:00+00:00,118.22,119.18,118.15,119.05,1010808,108.5664465829,109.4480553523,108.5021626101,109.3286708314,1010808,0.0,1.0
PPG,2018-01-10 00:00:00+00:00,116.61,118.33,116.31,117.97,1381486,107.0879152092,108.6674642544,106.8124124687,108.3368609658,1381486,0.0,1.0
PPG,2018-01-11 00:00:00+00:00,117.57,117.86,116.12,116.69,1290302,107.9695239786,108.2358432943,106.6379273998,107.1613826066,1290302,0.0,1.0
PPG,2018-01-12 00:00:00+00:00,118.17,118.6,117.67,118.01,1245734,108.5205294595,108.9154167207,108.0613582254,108.3735946645,1245734,0.0,1.0
PPG,2018-01-16 00:00:00+00:00,116.64,118.99,116.17,118.56,2277281,107.1154654832,109.2735702833,106.6838445232,108.878683022,2277281,0.0,1.0
PPG,2018-01-17 00:00:00+00:00,114.5,117.04,114.28,116.6,3794973,105.1502126014,107.4828024705,104.9481772584,107.0787317845,3794973,0.0,1.0
PPG,2018-01-18 00:00:00+00:00,118.41,122.07,115.16,115.75,3572489,108.7409316518,112.1020650852,105.7563186304,106.2981406866,3572489,0.0,1.0
PPG,2018-01-19 00:00:00+00:00,118.44,119.13,116.53,118.05,2926976,108.7684819258,109.4021382289,107.0144478117,108.4103283633,2926976,0.0,1.0
PPG,2018-01-22 00:00:00+00:00,116.78,118.66,116.36,118.26,1620340,107.2440334287,108.9705172688,106.8583295921,108.6031802816,1620340,0.0,1.0
PPG,2018-01-23 00:00:00+00:00,117.25,118.11,116.51,116.51,1714083,107.6756543888,108.4654289114,106.9960809623,106.9960809623,1714083,0.0,1.0
PPG,2018-01-24 00:00:00+00:00,118.94,119.12,117.35,117.54,1930145,109.2276531599,109.3929548042,107.7674886356,107.9419737045,1930145,0.0,1.0
PPG,2018-01-25 00:00:00+00:00,120.21,120.78,118.97,119.76,2456283,110.3939480944,110.9174033013,109.255203434,109.9806939838,2456283,0.0,1.0
PPG,2018-01-26 00:00:00+00:00,121.47,121.5,119.62,120.5,1633861,111.5510596043,111.5786098783,109.8521260382,110.6602674102,1633861,0.0,1.0
PPG,2018-01-29 00:00:00+00:00,119.57,121.65,119.38,120.91,1254060,109.8062089148,111.7163612486,109.6317238459,111.0367878221,1254060,0.0,1.0
PPG,2018-01-30 00:00:00+00:00,118.35,119.66,117.78,119.2,1129112,108.6858311037,109.888859737,108.1623758969,109.4664222016,1129112,0.0,1.0
PPG,2018-01-31 00:00:00+00:00,118.73,119.07,118.2,118.87,1344063,109.0348012416,109.3470376808,108.5480797335,109.1633691871,1344063,0.0,1.0
PPG,2018-02-01 00:00:00+00:00,117.62,118.77,115.57,118.16,1365084,108.015441102,109.0715349403,106.1328390423,108.5113460348,1365084,0.0,1.0
PPG,2018-02-02 00:00:00+00:00,115.61,117.46,115.51,117.28,1375475,106.169572741,107.8685063071,106.0777384942,107.7032046628,1375475,0.0,1.0
PPG,2018-02-05 00:00:00+00:00,111.98,117.12,111.62,115.29,2383536,102.8359895817,107.5562698679,102.5053862932,105.8757031512,2383536,0.0,1.0
PPG,2018-02-06 00:00:00+00:00,113.96,114.2,109.6,110.33,2183849,104.6543076686,104.874709861,100.6503345075,101.3207245093,2183849,0.0,1.0
PPG,2018-02-07 00:00:00+00:00,114.13,116.74,113.48,113.86,2060036,104.8104258882,107.20729973,104.2135032839,104.5624734218,2060036,0.0,1.0
PPG,2018-02-08 00:00:00+00:00,110.3,114.2,110.27,113.89,2055306,101.2931742352,104.874709861,101.2656239612,104.5900236958,2055306,0.0,1.0
PPG,2018-02-09 00:00:00+00:00,112.37,113.2,108.74,111.76,1712012,103.1941431443,103.9563673928,99.8605599849,102.6339542387,1712012,0.0,1.0
PPG,2018-02-12 00:00:00+00:00,113.98,114.73,112.86,113.0,1190266,104.672674518,105.3614313691,103.6441309537,103.7726988992,1190266,0.0,1.0
PPG,2018-02-13 00:00:00+00:00,114.56,114.82,112.6,113.44,1397413,105.2053131495,105.4440821912,103.4053619119,104.1767695852,1397413,0.0,1.0
PPG,2018-02-14 00:00:00+00:00,116.32,116.82,113.47,113.85,1274311,106.8215958934,107.2807671275,104.2043198592,104.5532899971,1274311,0.0,1.0
PPG,2018-02-15 00:00:00+00:00,116.19,116.55,114.81,116.24,1273406,107.1154654832,107.4473491873,105.8432446177,107.1615604421,1273406,0.45,1.0
PPG,2018-02-16 00:00:00+00:00,116.16,117.23,115.37,115.86,979404,107.0878085079,108.0742406282,106.3595081573,106.8112387545,979404,0.0,1.0
PPG,2018-02-20 00:00:00+00:00,115.4,116.12,114.75,115.35,953927,106.3871651326,107.0509325407,105.787930667,106.3410701737,953927,0.0,1.0
PPG,2018-02-21 00:00:00+00:00,115.62,117.73,115.32,115.48,1003701,106.5899829518,108.5351902172,106.3134131984,106.4609170669,1003701,0.0,1.0
PPG,2018-02-22 00:00:00+00:00,115.86,117.1,115.59,116.27,846529,106.8112387545,107.9543937351,106.5623259764,107.1892174174,846529,0.0,1.0
PPG,2018-02-23 00:00:00+00:00,117.46,117.6,115.88,116.68,726702,108.2862774392,108.4153433241,106.829676738,107.5671960804,726702,0.0,1.0
PPG,2018-02-26 00:00:00+00:00,117.53,117.75,116.24,117.55,960607,108.3508103816,108.5536282008,107.1615604421,108.3692483652,960607,0.0,1.0
PPG,2018-02-27 00:00:00+00:00,115.31,117.88,115.27,117.75,1088853,106.3041942066,108.6734750939,106.2673182395,108.5536282008,1088853,0.0,1.0
PPG,2018-02-28 00:00:00+00:00,112.44,114.72,112.29,113.7,2702964,103.658343566,105.7602736917,103.5200586893,104.8199365302,2702964,0.0,1.0
PPG,2018-03-01 00:00:00+00:00,111.11,113.13,110.3,111.95,1603734,102.4322176593,104.2944539988,101.6854793252,103.2066129688,1603734,0.0,1.0
PPG,2018-03-02 00:00:00+00:00,110.25,110.89,109.59,110.23,1360195,101.6393843663,102.2293998402,101.0309309089,101.6209463828,1360195,0.0,1.0
PPG,2018-03-05 00:00:00+00:00,112.76,113.09,109.5,109.5,1997128,103.9533513029,104.2575780316,100.9479599829,100.9479599829,1997128,0.0,1.0
PPG,2018-03-06 00:00:00+00:00,115.07,116.14,112.7,113.09,1531033,106.0829384039,107.0693705243,103.8980373522,104.2575780316,1531033,0.0,1.0
PPG,2018-03-07 00:00:00+00:00,115.02,115.32,113.7,113.78,1311632,106.036843445,106.3134131984,104.8199365302,104.8936884644,1311632,0.0,1.0
PPG,2018-03-08 00:00:00+00:00,115.4,115.64,114.84,115.41,959384,106.3871651326,106.6084209353,105.870901593,106.3963841244,959384,0.0,1.0
PPG,2018-03-09 00:00:00+00:00,117.65,117.74,115.95,116.21,1347053,108.461438283,108.544409209,106.8942096805,107.1339034668,1347053,0.0,1.0
PPG,2018-03-12 00:00:00+00:00,116.46,118.62,115.6,117.65,1287443,107.3643782612,109.3556804856,106.5715449682,108.461438283,1287443,0.0,1.0
PPG,2018-03-13 00:00:00+00:00,116.07,117.83,115.48,117.2,1328815,107.0048375819,108.627380135,106.4609170669,108.0465836529,1328815,0.0,1.0
PPG,2018-03-14 00:00:00+00:00,115.04,116.75,114.68,116.48,994280,106.0552814286,107.6317290228,105.7233977245,107.3828162448,994280,0.0,1.0
PPG,2018-03-15 00:00:00+00:00,114.28,115.84,113.97,115.21,1107586,105.3546380534,106.7928007709,105.0688493082,106.2120042888,1107586,0.0,1.0
PPG,2018-03-16 00:00:00+00:00,114.93,115.21,113.85,114.29,2361473,105.953872519,106.2120042888,104.9582214069,105.3638570451,2361473,0.0,1.0
PPG,2018-03-19 00:00:00+00:00,113.22,114.86,112.62,114.42,1085854,104.3774249248,105.8893395766,103.824285418,105.4837039383,1085854,0.0,1.0
PPG,2018-03-20 00:00:00+00:00,113.85,115.58,113.7,115.0,1430140,104.9582214069,106.5531069847,104.8199365302,106.0184054615,1430140,0.0,1.0
PPG,2018-03-21 00:00:00+00:00,113.95,115.45,113.72,114.0,1197792,105.0504113247,106.4332600915,104.8383745137,105.0965062835,1197792,0.0,1.0
PPG,2018-03-22 00:00:00+00:00,111.31,113.76,111.12,113.12,1218355,102.6165974949,104.8752504808,102.4414366511,104.285235007,1218355,0.0,1.0
PPG,2018-03-23 00:00:00+00:00,109.48,111.8,109.39,111.44,1353447,100.9295219993,103.0683280921,100.8465510733,102.7364443881,1353447,0.0,1.0
PPG,2018-03-26 00:00:00+00:00,111.93,112.1,110.01,110.62,1080818,103.1881749852,103.3448978455,101.4181285636,101.9804870622,1080818,0.0,1.0
PPG,2018-03-27 00:00:00+00:00,111.91,113.92,111.47,112.59,1525931,103.1697370017,105.0227543493,102.7641013634,103.7966284427,1525931,0.0,1.0
PPG,2018-03-28 00:00:00+00:00,109.97,112.84,109.94,112.18,2016709,101.3812525965,104.0271032372,101.3535956212,103.4186497797,2016709,0.0,1.0
PPG,2018-03-29 00:00:00+00:00,111.6,112.53,110.04,110.36,1276966,102.8839482565,103.741314492,101.445785539,101.7407932759,1276966,0.0,1.0
PPG,2018-04-02 00:00:00+00:00,108.26,111.58,107.04,111.55,1504673,99.8048050023,102.865510273,98.6800880052,102.8378532976,1504673,0.0,1.0
PPG,2018-04-03 00:00:00+00:00,110.18,110.43,107.79,108.5,2202951,101.5748514239,101.8053262184,99.3715123886,100.026060805,2202951,0.0,1.0
PPG,2018-04-04 00:00:00+00:00,110.79,110.89,107.95,108.39,1259378,102.1372099224,102.2293998402,99.5190162571,99.9246518954,1259378,0.0,1.0
PPG,2018-04-05 00:00:00+00:00,111.67,112.3,111.09,111.7,1472489,102.948481199,103.5292776811,102.4137796758,102.9761381743,1472489,0.0,1.0
PPG,2018-04-06 00:00:00+00:00,109.39,111.86,108.4,110.6,1677839,100.8465510733,103.1236420428,99.9338708872,101.9620490786,1677839,0.0,1.0
PPG,2018-04-09 00:00:00+00:00,109.61,111.37,109.37,110.3,1270109,101.0493688925,102.6719114456,100.8281130898,101.6854793252,1270109,0.0,1.0
PPG,2018-04-10 00:00:00+00:00,110.36,111.25,109.9,110.62,1526241,101.7407932759,102.5612835443,101.3167196541,101.9804870622,1526241,0.0,1.0
PPG,2018-04-11 00:00:00+00:00,109.28,109.85,108.57,109.38,1298793,100.7451421637,101.2706246952,100.0905937474,100.8373320815,1298793,0.0,1.0
PPG,2018-04-12 00:00:00+00:00,110.04,110.43,108.63,109.75,1901928,101.445785539,101.8053262184,100.1459076981,101.1784347774,1901928,0.0,1.0
PPG,2018-04-13 00:00:00+00:00,110.0,110.93,109.56,110.65,1185925,101.4089095718,102.2662758073,101.0032739336,102.0081440375,1185925,0.0,1.0
PPG,2018-04-16 00:00:00+00:00,111.77,112.0,110.46,110.88,1739282,103.0406711168,103.2527079277,101.8329831937,102.2201808484,1739282,0.0,1.0
PPG,2018-04-17 00:00:00+00:00,113.08,113.49,111.67,112.2,1604179,104.2483590399,104.6263377028,102.948481199,103.4370877633,1604179,0.0,1.0
PPG,2018-04-18 00:00:00+00:00,113.19,113.83,112.78,113.31,2156821,104.3497679494,104.9397834233,103.9717892865,104.4603958508,2156821,0.0,1.0
PPG,2018-04-19 00:00:00+00:00,109.64,113.9,108.38,113.75,2373977,101.0770258678,105.0043163658,99.9154329036,104.8660314891,2373977,0.0,1.0
PPG,2018-04-20 00:00:00+00:00,108.87,110.17,108.24,109.46,1971154,100.3671635008,101.5656324321,99.7863670187,100.9110840158,1971154,0.0,1.0
PPG,2018-04-23 00:00:00+00:00,108.88,109.8,108.7,108.8,1431060,100.3763824926,101.2245297363,100.2104406405,100.3026305583,1431060,0.0,1.0
PPG,2018-04-24 00:00:00+00:00,105.77,109.45,104.39,108.97,2372240,97.5092760492,100.901865024,96.2370551837,100.4593534186,2372240,0.0,1.0
PPG,2018-04-25 00:00:00+00:00,107.88,109.47,105.92,107.46,2645294,99.4544833146,100.9203030075,97.6475609259,99.0672856599,2645294,0.0,1.0
PPG,2018-04-26 00:00:00+00:00,107.7,108.09,106.44,107.97,1173732,99.2885414626,99.648082142,98.1269484984,99.5374542407,1173732,0.0,1.0
PPG,2018-04-27 00:00:00+00:00,107.97,108.34,107.2,107.31,1022701,99.5374542407,99.8785569365,98.8275918737,98.9290007832,1022701,0.0,1.0
PPG,2018-04-30 00:00:00+00:00,105.88,108.9,105.75,108.51,1413093,97.6106849588,100.3948204761,97.4908380657,100.0352797967,1413093,0.0,1.0
PPG,2018-05-01 00:00:00+00:00,106.92,106.94,104.02,105.1,1316596,98.5694601038,98.5878980874,95.8959524878,96.8916036,1316596,0.0,1.0
PPG,2018-05-02 00:00:00+00:00,105.71,107.27,105.4,107.05,1889887,97.4539620985,98.8921248161,97.1681733534,98.689306997,1889887,0.0,1.0
PPG,2018-05-03 00:00:00+00:00,104.96,106.2,104.28,105.55,1281255,96.7625377151,97.9056926957,96.1356462741,97.3064582301,1281255,0.0,1.0
PPG,2018-05-04 00:00:00+00:00,106.4,107.04,104.14,104.48,1193942,98.0900725313,98.6800880052,96.0065803892,96.3200261097,1193942,0.0,1.0
PPG,2018-05-07 00:00:00+00:00,106.21,106.98,105.64,106.48,997701,97.9149116875,98.6247740545,97.3894291561,98.1638244655,997701,0.0,1.0
PPG,2018-05-08 00:00:00+00:00,106.68,107.16,105.95,106.07,900605,98.3482043011,98.7907159065,97.6752179012,97.7858458026,900605,0.0,1.0
PPG,2018-05-09 00:00:00+00:00,107.05,107.41,106.11,106.71,1153285,99.104161627,99.4374404517,98.2339335847,98.7893982926,1153285,0.45,1.0
PPG,2018-05-10 00:00:00+00:00,106.11,107.7,105.94,107.26,1951494,98.2339335847,99.7059150605,98.0765519175,99.2985742748,1951494,0.0,1.0
PPG,2018-05-11 00:00:00+00:00,100.43,106.29,100.36,105.85,7284993,92.9755343503,98.4005729971,92.9107301344,97.9932322113,7284993,0.0,1.0
PPG,2018-05-14 00:00:00+00:00,102.97,102.97,100.97,101.04,3719794,95.3270016136,95.3270016136,93.4754525874,93.5402568033,3719794,0.0,1.0
PPG,2018-05-15 00:00:00+00:00,103.03,103.24,101.79,102.78,1787840,95.3825480844,95.5769607321,94.2345876881,95.1511044561,1787840,0.0,1.0
PPG,2018-05-16 00:00:00+00:00,103.5,103.98,101.21,101.89,2090344,95.8176621055,96.2620338718,93.6976384705,94.3271651394,2090344,0.0,1.0
PPG,2018-05-17 00:00:00+00:00,104.41,104.72,103.25,103.26,1292872,96.6601169125,96.9471070115,95.5862184773,95.5954762224,1292872,0.0,1.0
PPG,2018-05-18 00:00:00+00:00,104.95,105.3,104.03,104.16,2829956,97.1600351495,97.4840562291,96.3083225975,96.4286732842,2829956,0.0,1.0
PPG,2018-05-21 00:00:00+00:00,105.03,105.86,104.84,105.5,1229718,97.2340971106,98.0024899564,97.0581999531,97.6692111317,1229718,0.0,1.0
PPG,2018-05-22 00:00:00+00:00,102.84,105.23,102.72,105.03,1549365,95.2066509269,97.4192520132,95.0955579853,97.2340971106,1549365,0.0,1.0
PPG,2018-05-23 00:00:00+00:00,102.71,102.98,101.7,102.24,1312466,95.0863002402,95.3362593587,94.151267982,94.651186219,1312466,0.0,1.0
PPG,2018-05-24 00:00:00+00:00,102.5,102.93,101.5,102.36,1087487,94.8918875924,95.2899706331,93.9661130793,94.7622791606,1087487,0.0,1.0
PPG,2018-05-25 00:00:00+00:00,103.4,103.51,101.67,102.04,1121484,95.7250846542,95.8269198507,94.1234947466,94.4660313164,1121484,0.0,1.0
PPG,2018-05-29 00:00:00+00:00,101.04,103.11,100.61,102.44,1618416,93.5402568033,95.4566100454,93.1421737627,94.8363411217,1618416,0.0,1.0
PPG,2018-05-30 00:00:00+00:00,101.43,101.84,100.36,101.53,2070076,93.9013088634,94.2808764138,92.9107301344,93.9938863147,2070076,0.0,1.0
PPG,2018-05-31 00:00:00+00:00,100.92,101.77,100.82,101.68,1774387,93.4291638617,94.2160721979,93.3365864104,94.1327524917,1774387,0.0,1.0
PPG,2018-06-01 00:00:00+00:00,102.01,102.95,100.87,101.57,1420552,94.438258081,95.3084861233,93.3828751361,94.0309172953,1420552,0.0,1.0
PPG,2018-06-04 00:00:00+00:00,102.43,102.86,101.97,102.45,1013874,94.8270833765,95.2251664172,94.4012271005,94.8455988668,1013874,0.0,1.0
PPG,2018-06-05 00:00:00+00:00,102.5,102.92,101.97,102.46,854894,94.8918875924,95.2807128879,94.4012271005,94.8548566119,854894,0.0,1.0
PPG,2018-06-06 00:00:00+00:00,103.93,104.1,101.86,102.53,1366955,96.2157451462,96.3731268134,94.2993919041,94.9196608278,1366955,0.0,1.0
PPG,2018-06-07 00:00:00+00:00,103.09,104.2,102.41,104.19,1261289,95.4380945552,96.4657042647,94.8085678863,96.4564465196,1261289,0.0,1.0
PPG,2018-06-08 00:00:00+00:00,104.15,104.38,102.53,102.99,1444909,96.419415539,96.6323436771,94.9196608278,95.3455171039,1444909,0.0,1.0
PPG,2018-06-11 00:00:00+00:00,103.93,104.39,103.46,103.89,1094659,96.2157451462,96.6416014222,95.780631125,96.1787141656,1094659,0.0,1.0
PPG,2018-06-12 00:00:00+00:00,103.53,104.31,102.72,104.0,2211716,95.8454353409,96.5675394611,95.0955579853,96.2805493621,2211716,0.0,1.0
PPG,2018-06-13 00:00:00+00:00,103.3,104.05,103.03,103.62,2391528,95.6325072029,96.3268380877,95.3825480844,95.9287550471,2391528,0.0,1.0
PPG,2018-06-14 00:00:00+00:00,103.96,104.17,102.7,103.62,2071450,96.2435183816,96.4379310293,95.0770424951,95.9287550471,2071450,0.0,1.0
PPG,2018-06-15 00:00:00+00:00,105.38,105.42,103.9,104.09,3221930,97.5581181902,97.5951491707,96.1879719108,96.3638690683,3221930,0.0,1.0
PPG,2018-06-18 00:00:00+00:00,105.0,105.01,103.76,104.44,1978600,97.2063238752,97.2155816203,96.0583634789,96.6878901478,1978600,0.0,1.0
PPG,2018-06-19 00:00:00+00:00,104.13,104.29,103.0,104.05,2613804,96.4009000488,96.5490239709,95.354774849,96.3268380877,2613804,0.0,1.0
PPG,2018-06-20 00:00:00+00:00,105.14,105.26,104.01,104.01,1810651,97.335932307,97.4470252486,96.2898071072,96.2898071072,1810651,0.0,1.0
PPG,2018-06-21 00:00:00+00:00,104.3,104.81,103.59,104.81,3472563,96.558281716,97.0304267177,95.9009818117,97.0304267177,3472563,0.0,1.0
PPG,2018-06-22 00:00:00+00:00,105.42,105.86,104.52,104.65,4180560,97.5951491707,98.0024899564,96.7619521089,96.8823027956,4180560,0.0,1.0
PPG,2018-06-25 00:00:00+00:00,105.11,105.18,104.5,105.11,3175597,97.3081590716,97.3729632875,96.7434366186,97.3081590716,3175597,0.0,1.0
PPG,2018-06-26 00:00:00+00:00,105.83,106.73,105.29,105.51,2075000,97.9747167211,98.8079137828,97.474798484,97.6784688769,2075000,0.0,1.0
PPG,2018-06-27 00:00:00+00:00,105.11,106.34,104.99,106.27,2166776,97.3081590716,98.4468617227,97.19706613,98.3820575068,2166776,0.0,1.0
PPG,2018-06-28 00:00:00+00:00,105.72,106.94,103.9,105.5,2833490,97.8728815246,99.0023264306,96.1879719108,97.6692111317,2833490,0.0,1.0
PPG,2018-06-29 00:00:00+00:00,103.73,106.03,103.67,105.69,3074346,96.0305902435,98.1598716237,95.9750437728,97.8451082892,3074346,0.0,1.0
PPG,2018-07-02 00:00:00+00:00,102.68,103.38,101.17,102.72,2304309,95.0585270048,95.706569164,93.66060749,95.0955579853,2304309,0.0,1.0
PPG,2018-07-03 00:00:00+00:00,102.0,103.83,101.87,102.88,800634,94.4290003359,96.1231676949,94.3086496492,95.2436819074,800634,0.0,1.0
PPG,2018-07-05 00:00:00+00:00,102.81,102.89,101.62,101.95,1445505,95.1788776915,95.2529396525,94.0772060209,94.3827116102,1445505,0.0,1.0
PPG,2018-07-06 00:00:00+00:00,103.0,103.34,101.88,102.36,1075909,95.354774849,95.6695381834,94.3179073943,94.7622791606,1075909,0.0,1.0
PPG,2018-07-09 00:00:00+00:00,103.92,104.17,103.09,103.22,1171631,96.206487401,96.4379310293,95.4380945552,95.5584452419,1171631,0.0,1.0
PPG,2018-07-10 00:00:00+00:00,104.8,104.87,103.71,104.12,1340965,97.0211689726,97.0859731885,96.0120747533,96.3916423037,1340965,0.0,1.0
PPG,2018-07-11 00:00:00+00:00,103.75,104.79,103.34,103.91,1683505,96.0491057338,97.0119112274,95.6695381834,96.1972296559,1683505,0.0,1.0
PPG,2018-07-12 00:00:00+00:00,103.84,104.44,103.3,104.44,1476837,96.13242544,96.6878901478,95.6325072029,96.6878901478,1476837,0.0,1.0
PPG,2018-07-13 00:00:00+00:00,103.99,104.15,102.9,103.41,1568731,96.271291617,96.419415539,95.2621973977,95.7343423994,1568731,0.0,1.0
PPG,2018-07-16 00:00:00+00:00,102.37,104.03,101.91,103.85,2177013,94.7715369057,96.3083225975,94.3456806297,96.1416831851,2177013,0.0,1.0
PPG,2018-07-17 00:00:00+00:00,105.41,105.66,102.08,102.35,2170980,97.5858914256,97.8173350538,94.5030622969,94.7530214155,2170980,0.0,1.0
PPG,2018-07-18 00:00:00+00:00,106.75,107.46,105.62,106.33,2899740,98.8264292731,99.4837291774,97.7803040733,98.4376039776,2899740,0.0,1.0
PPG,2018-07-19 00:00:00+00:00,106.39,107.02,103.34,106.75,2543774,98.4931504484,99.0763883916,95.6695381834,98.8264292731,2543774,0.0,1.0
PPG,2018-07-20 00:00:00+00:00,105.0,105.94,104.8,105.88,1391962,97.2063238752,98.0765519175,97.0211689726,98.0210054467,1391962,0.0,1.0
PPG,2018-07-23 00:00:00+00:00,104.41,105.05,103.85,104.53,1772616,96.6601169125,97.2526126008,96.1416831851,96.771209854,1772616,0.0,1.0
PPG,2018-07-24 00:00:00+00:00,106.05,106.53,104.38,104.78,1375481,98.1783871139,98.6227588802,96.6323436771,97.0026534823,1375481,0.0,1.0
PPG,2018-07-25 00:00:00+00:00,109.28,109.61,107.39,108.01,1933760,101.1686387912,101.4741443806,99.4189249615,99.9929051596,1933760,0.0,1.0
PPG,2018-07-26 00:00:00+00:00,110.66,111.0,109.14,109.36,1482932,102.4462076193,102.7609709538,101.0390303594,101.2427007523,1482932,0.0,1.0
PPG,2018-07-27 00:00:00+00:00,109.44,110.49,108.53,110.27,1259832,101.3167627133,102.2888259521,100.4743079064,102.0851555592,1259832,0.0,1.0
PPG,2018-07-30 00:00:00+00:00,109.74,111.04,109.05,109.57,1420734,101.5944950673,102.7980019343,100.9557106532,101.4371134,1420734,0.0,1.0
PPG,2018-07-31 00:00:00+00:00,110.66,110.84,109.43,109.87,1390335,102.4462076193,102.6128470317,101.3075049682,101.714845754,1390335,0.0,1.0
PPG,2018-08-01 00:00:00+00:00,109.73,111.16,109.68,110.25,1155484,101.5852373221,102.9090948759,101.5389485965,102.0666400689,1155484,0.0,1.0
PPG,2018-08-02 00:00:00+00:00,109.32,109.86,108.64,109.32,975447,101.2056697718,101.7055880088,100.5761431029,101.2056697718,975447,0.0,1.0
PPG,2018-08-03 00:00:00+00:00,110.95,111.06,109.66,109.93,1041915,102.7146822281,102.8165174245,101.5204331062,101.7703922247,1041915,0.0,1.0
PPG,2018-08-06 00:00:00+00:00,110.32,110.84,109.71,110.37,854593,102.1314442849,102.6128470317,101.5667218319,102.1777330105,854593,0.0,1.0
PPG,2018-08-07 00:00:00+00:00,109.96,110.83,109.84,110.55,581611,101.7981654601,102.6035892865,101.6870725186,102.3443724229,581611,0.0,1.0
PPG,2018-08-08 00:00:00+00:00,109.25,110.16,108.58,110.16,797663,101.1408655558,101.9833203628,100.5205966321,101.9833203628,797663,0.0,1.0
PPG,2018-08-09 00:00:00+00:00,109.21,110.02,108.1,108.81,1013170,101.5482063416,102.3013795596,100.5160800799,101.17626895,1013170,0.48,1.0
PPG,2018-08-10 00:00:00+00:00,107.46,108.99,107.37,108.68,628175,99.9209802534,101.3436407762,99.8372943402,101.0553892977,628175,0.0,1.0
PPG,2018-08-13 00:00:00+00:00,106.08,107.64,105.59,107.29,1272803,98.6377962523,100.0883520796,98.1821729476,99.7629068619,1272803,0.0,1.0
PPG,2018-08-14 00:00:00+00:00,106.85,107.21,106.06,106.06,771334,99.3537757312,99.6885193836,98.6191993828,98.6191993828,771334,0.0,1.0
PPG,2018-08-15 00:00:00+00:00,107.03,107.2,105.44,106.52,1310141,99.5211475574,99.6792209488,98.0426964258,99.0469273831,1310141,0.0,1.0
PPG,2018-08-16 00:00:00+00:00,107.9,108.47,107.37,107.85,1213443,100.3301113841,100.8601221671,99.8372943402,100.2836192102,1213443,0.0,1.0
PPG,2018-08-17 00:00:00+00:00,108.42,108.75,107.48,108.02,773172,100.8136299932,101.1204783413,99.9395771229,100.4416926016,773172,0.0,1.0
PPG,2018-08-20 00:00:00+00:00,109.73,110.49,108.49,108.85,1488809,102.0317249507,102.7384059947,100.8787190367,101.2134626892,1488809,0.0,1.0
PPG,2018-08-21 00:00:00+00:00,111.08,111.81,109.7,109.98,1587686,103.2870136473,103.965799387,102.0038296463,102.2641858204,1587686,0.0,1.0
PPG,2018-08-22 00:00:00+00:00,110.6,111.33,110.27,111.04,1271904,102.8406887774,103.5194745171,102.5338404293,103.2498199082,1271904,0.0,1.0
PPG,2018-08-23 00:00:00+00:00,109.77,110.8,109.65,110.26,1389865,102.0689186898,103.0266574732,101.9573374724,102.5245419946,1389865,0.0,1.0
PPG,2018-08-24 00:00:00+00:00,110.62,110.83,109.74,110.24,869002,102.859285647,103.0545527776,102.0410233855,102.505945125,869002,0.0,1.0
PPG,2018-08-27 00:00:00+00:00,111.13,111.45,110.56,110.78,1137263,103.3335058213,103.6310557346,102.8034950383,103.0080606036,1137263,0.0,1.0
PPG,2018-08-28 00:00:00+00:00,109.87,111.36,109.62,111.36,1505748,102.1619030377,103.5473698215,101.929442168,103.5473698215,1505748,0.0,1.0
PPG,2018-08-29 00:00:00+00:00,111.66,111.82,109.38,109.99,1406500,103.8263228652,103.9750978218,101.706279733,102.2734842552,1406500,0.0,1.0
PPG,2018-08-30 00:00:00+00:00,110.66,111.34,110.21,111.34,887546,102.8964793862,103.5287729519,102.4780498206,103.5287729519,887546,0.0,1.0
PPG,2018-08-31 00:00:00+00:00,110.54,111.27,109.85,110.37,956903,102.7848981687,103.4636839083,102.1433061682,102.6268247772,956903,0.0,1.0
PPG,2018-09-04 00:00:00+00:00,109.88,110.57,109.07,110.5,924571,102.1712014725,102.812793473,101.4180282545,102.7477044295,924571,0.0,1.0
PPG,2018-09-05 00:00:00+00:00,110.6,110.99,108.76,109.34,1633091,102.8406887774,103.2033277342,101.1297767761,101.6690859939,1633091,0.0,1.0
PPG,2018-09-06 00:00:00+00:00,112.0,112.21,110.53,110.95,1297299,104.142469648,104.3377367786,102.7755997339,103.1661339951,1297299,0.0,1.0
PPG,2018-09-07 00:00:00+00:00,111.51,111.87,110.57,111.42,859531,103.6868463433,104.0215899957,102.812793473,103.6031604302,859531,0.0,1.0
PPG,2018-09-10 00:00:00+00:00,112.09,112.53,111.44,112.12,984589,104.2261555611,104.6352866919,103.6217572998,104.2540508655,984589,0.0,1.0
PPG,2018-09-11 00:00:00+00:00,112.59,113.1,111.34,111.65,1288553,104.6910773006,105.1652974749,103.5287729519,103.8170244304,1288553,0.0,1.0
PPG,2018-09-12 00:00:00+00:00,112.03,112.57,111.52,112.4,1214651,104.1703649524,104.672480431,103.6961447781,104.5144070396,1214651,0.0,1.0
PPG,2018-09-13 00:00:00+00:00,112.95,113.79,112.34,112.91,1032639,105.0258209531,105.8068894754,104.4586164309,104.9886272139,1032639,0.0,1.0
PPG,2018-09-14 00:00:00+00:00,112.17,113.25,111.52,112.82,1316114,104.3005430394,105.3047739968,103.6961447781,104.9049413008,1316114,0.0,1.0
PPG,2018-09-17 00:00:00+00:00,112.99,113.41,111.9,112.28,1414751,105.0630146922,105.4535489534,104.0494853001,104.4028258221,1414751,0.0,1.0
PPG,2018-09-18 00:00:00+00:00,113.27,113.75,112.52,113.48,998051,105.3233708663,105.7696957363,104.6259882571,105.5186379969,998051,0.0,1.0
PPG,2018-09-19 00:00:00+00:00,115.05,115.22,113.28,113.66,1529656,106.978492259,107.1365656504,105.3326693011,105.6860098232,1529656,0.0,1.0
PPG,2018-09-20 00:00:00+00:00,115.92,116.5,115.21,115.6,1259860,107.7874560857,108.3267653035,107.1272672156,107.4899061724,1259860,0.0,1.0
PPG,2018-09-21 00:00:00+00:00,115.98,116.73,115.56,116.51,3487372,107.8432466944,108.5406293037,107.4527124333,108.3360637383,3487372,0.0,1.0
PPG,2018-09-24 00:00:00+00:00,112.69,114.0,110.25,113.0,2396500,104.7840616485,106.002156606,102.5152435598,105.072313127,2396500,0.0,1.0
PPG,2018-09-25 00:00:00+00:00,111.54,113.14,110.96,113.02,1628990,103.7147416477,105.2024912141,103.1754324299,105.0909099966,1628990,0.0,1.0
PPG,2018-09-26 00:00:00+00:00,110.39,112.16,110.19,111.51,1425295,102.6454216468,104.2912446047,102.459452951,103.6868463433,1425295,0.0,1.0
PPG,2018-09-27 00:00:00+00:00,108.99,110.39,108.92,110.39,1806862,101.3436407762,102.6454216468,101.2785517327,102.6454216468,1806862,0.0,1.0
PPG,2018-09-28 00:00:00+00:00,109.13,109.16,107.12,108.79,2456710,101.4738188633,101.5017141677,99.6048334705,101.1576720804,2456710,0.0,1.0
PPG,2018-10-01 00:00:00+00:00,109.75,110.33,109.33,109.66,1338100,102.0503218203,102.5896310381,101.6597875591,101.9666359072,1338100,0.0,1.0
PPG,2018-10-02 00:00:00+00:00,110.21,110.72,109.85,109.88,1314699,102.4780498206,102.9522699949,102.1433061682,102.1712014725,1314699,0.0,1.0
PPG,2018-10-03 00:00:00+00:00,108.73,111.39,108.59,110.65,2440536,101.1018814717,103.5752651258,100.9717033846,102.8871809514,2440536,0.0,1.0
PPG,2018-10-04 00:00:00+00:00,108.46,108.9,107.43,108.2,1294913,100.8508237324,101.2599548631,99.893084949,100.6090644278,1294913,0.0,1.0
PPG,2018-10-05 00:00:00+00:00,108.02,108.9,107.68,108.37,868227,100.4416926016,101.2599548631,100.1255458187,100.7671378192,868227,0.0,1.0
PPG,2018-10-08 00:00:00+00:00,109.58,109.76,107.81,108.02,1310213,101.8922484288,102.0596202551,100.246425471,100.4416926016,1310213,0.0,1.0
PPG,2018-10-09 00:00:00+00:00,98.56,101.92,98.31,100.07,10425672,91.6453732903,94.7696473797,91.4129124205,93.0494369435,10425672,0.0,1.0
PPG,2018-10-10 00:00:00+00:00,99.6,101.54,97.59,101.18,5162663,92.6124105084,94.4163068577,90.7434251156,94.0815632052,5162663,0.0,1.0
PPG,2018-10-11 00:00:00+00:00,96.38,99.81,96.11,99.3,2762338,89.618314506,92.807677639,89.3672567667,92.3334574647,2762338,0.0,1.0
PPG,2018-10-12 00:00:00+00:00,95.09,97.99,94.4,97.24,2449328,88.4188164181,91.1153625072,87.7772244176,90.417979898,2449328,0.0,1.0
PPG,2018-10-15 00:00:00+00:00,96.15,96.67,94.37,94.84,2355171,89.4044505059,89.8879691149,87.7493291132,88.1863555484,2355171,0.0,1.0
PPG,2018-10-16 00:00:00+00:00,98.18,98.34,95.97,96.62,1854272,91.2920327682,91.4408077249,89.2370786796,89.841476941,1854272,0.0,1.0
PPG,2018-10-17 00:00:00+00:00,98.12,98.56,97.31,97.97,2665326,91.2362421595,91.6453732903,90.4830689415,91.0967656376,2665326,0.0,1.0
PPG,2018-10-18 00:00:00+00:00,98.99,100.62,97.4,99.23,3516142,92.0452059862,93.560850857,90.5667548546,92.2683684212,3516142,0.0,1.0
PPG,2018-10-19 00:00:00+00:00,101.39,101.82,99.77,100.36,3417055,94.2768303358,94.6766630318,92.7704838998,93.3190915525,3417055,0.0,1.0
PPG,2018-10-22 00:00:00+00:00,101.66,101.83,99.82,101.61,3851986,94.5278880752,94.6859614666,92.8169760738,94.4813959012,3851986,0.0,1.0
PPG,2018-10-23 00:00:00+00:00,100.63,101.12,98.29,100.11,3073917,93.5701492918,94.0257725965,91.3943155509,93.0866306827,3073917,0.0,1.0
PPG,2018-10-24 00:00:00+00:00,97.78,100.58,97.54,99.9,2990873,90.9200953766,93.5236571178,90.6969329417,92.8913635521,2990873,0.0,1.0
PPG,2018-10-25 00:00:00+00:00,103.71,104.13,100.34,102.94,4542162,96.4340672071,96.8246014683,93.3004946829,95.7180877283,4542162,0.0,1.0
PPG,2018-10-26 00:00:00+00:00,102.83,103.95,101.07,102.58,2826003,95.6158049456,96.6572296421,93.9792804225,95.3833440758,2826003,0.0,1.0
PPG,2018-10-29 00:00:00+00:00,102.89,105.91,101.41,105.05,4258480,95.6715955543,98.4797228609,94.2954272054,97.680057469,4258480,0.0,1.0
PPG,2018-10-30 00:00:00+00:00,104.22,104.61,102.12,102.98,3070712,96.9082873814,97.2709263382,94.9556160755,95.7552814674,3070712,0.0,1.0
PPG,2018-10-31 00:00:00+00:00,105.09,106.48,104.24,105.0,2594975,97.7172512081,99.0097336439,96.926884251,97.633565295,2594975,0.0,1.0
PPG,2018-11-01 00:00:00+00:00,106.74,107.38,105.09,105.09,1476945,99.2514929485,99.846592775,97.7172512081,97.7172512081,1476945,0.0,1.0
PPG,2018-11-02 00:00:00+00:00,106.91,107.98,105.61,106.87,1315515,99.4095663399,100.4044988624,98.2007698172,99.3723726007,1315515,0.0,1.0
PPG,2018-11-05 00:00:00+00:00,106.45,107.22,105.95,106.85,1474760,98.9818383396,99.6978178184,98.5169166001,99.3537757312,1474760,0.0,1.0
PPG,2018-11-06 00:00:00+00:00,107.36,107.43,106.28,106.66,934568,99.8279959055,99.893084949,98.8237649481,99.1771054702,934568,0.0,1.0
PPG,2018-11-07 00:00:00+00:00,109.53,109.57,106.61,108.0,1299850,101.8457562549,101.882949994,99.1306132962,100.423095732,1299850,0.0,1.0
PPG,2018-11-08 00:00:00+00:00,108.67,108.95,105.72,108.52,1028775,101.4924157329,101.7539219113,98.7372613534,101.3523231373,1028775,0.48,1.0
PPG,2018-11-09 00:00:00+00:00,107.71,108.59,106.36,108.2,897306,100.5958231213,101.4176996819,99.3349897612,101.0534589334,897306,0.0,1.0
PPG,2018-11-12 00:00:00+00:00,105.4,107.92,105.23,107.7,2173520,98.4383971496,100.791952755,98.2796255413,100.5864836149,2173520,0.0,1.0
PPG,2018-11-13 00:00:00+00:00,104.31,105.98,104.0,105.64,3662079,97.4203909551,98.9800885191,97.1308662576,98.6625453025,3662079,0.0,1.0
PPG,2018-11-14 00:00:00+00:00,105.35,106.68,104.68,105.2,1345299,98.3916996177,99.6338539651,97.7659526909,98.2516070222,1345299,0.0,1.0
PPG,2018-11-15 00:00:00+00:00,107.08,107.73,104.01,104.69,1375306,100.0074342199,100.614502134,97.140205764,97.7752921972,1375306,0.0,1.0
PPG,2018-11-16 00:00:00+00:00,107.17,108.02,105.85,106.62,2201236,100.0914897772,100.8853478188,98.8586749363,99.5778169268,2201236,0.0,1.0
PPG,2018-11-19 00:00:00+00:00,107.7,108.71,106.85,107.36,1291214,100.5864836149,101.5297737583,99.7926255734,100.2689403983,1291214,0.0,1.0
PPG,2018-11-20 00:00:00+00:00,105.88,106.68,104.86,106.34,1940052,98.8866934554,99.6338539651,97.9340638055,99.3163107484,1940052,0.0,1.0
PPG,2018-11-21 00:00:00+00:00,106.81,108.39,106.34,106.6,1099651,99.7552675479,101.2309095545,99.3163107484,99.5591379141,1099651,0.0,1.0
PPG,2018-11-23 00:00:00+00:00,107.29,108.08,105.99,106.07,381890,100.2035638537,100.941384857,98.9894280255,99.0641440764,381890,0.0,1.0
PPG,2018-11-26 00:00:00+00:00,107.34,108.14,106.83,108.0,1730592,100.2502613855,100.9974218952,99.7739465606,100.866668806,1730592,0.0,1.0
PPG,2018-11-27 00:00:00+00:00,105.8,107.29,105.44,106.72,944420,98.8119774044,100.2035638537,98.4757551751,99.6712119905,944420,0.0,1.0
PPG,2018-11-28 00:00:00+00:00,107.64,107.72,104.51,106.05,1277626,100.5304465767,100.6051626276,97.6071810826,99.0454650637,1277626,0.0,1.0
PPG,2018-11-29 00:00:00+00:00,108.47,109.42,107.76,108.28,2603717,101.3056256054,102.1928787107,100.6425206531,101.1281749844,2603717,0.0,1.0
PPG,2018-11-30 00:00:00+00:00,109.33,109.99,108.24,108.24,1962016,102.1088231533,102.7252305738,101.0908169589,101.0908169589,1962016,0.0,1.0
PPG,2018-12-03 00:00:00+00:00,110.56,111.42,109.32,110.38,1206513,103.257582437,104.0607799849,102.099483647,103.0894713223,1206513,0.0,1.0
PPG,2018-12-04 00:00:00+00:00,106.73,110.73,106.54,110.42,1457601,99.6805514969,103.4163540453,99.5031008759,103.1268293478,1457601,0.0,1.0
PPG,2018-12-06 00:00:00+00:00,105.79,105.82,103.2001,105.44,1734219,98.802637898,98.8306564172,96.383799143,98.4757551751,1734219,0.0,1.0
PPG,2018-12-07 00:00:00+00:00,103.23,107.54,102.6,106.17,1184976,96.4117242671,100.437051513,95.8233353657,99.1575391401,1184976,0.0,1.0
PPG,2018-12-10 00:00:00+00:00,103.46,103.83,101.12,103.13,1209021,96.6265329136,96.9720946493,94.4410884228,96.3183292034,1209021,0.0,1.0
PPG,2018-12-11 00:00:00+00:00,103.04,105.75,102.6,105.15,834827,96.234273646,98.7652798726,95.8233353657,98.2049094903,834827,0.0,1.0
PPG,2018-12-12 00:00:00+00:00,103.46,104.8,103.42,104.02,852758,96.6265329136,97.8780267673,96.5891748881,97.1495452704,852758,0.0,1.0
PPG,2018-12-13 00:00:00+00:00,100.9,104.15,100.48,103.65,1611537,94.2356192827,97.2709588532,93.8433600151,96.8039835347,1611537,0.0,1.0
PPG,2018-12-14 00:00:00+00:00,100.14,100.83,97.58,99.94,2367798,93.5258167985,94.1702427381,91.1349031675,93.339026671,2367798,0.0,1.0
PPG,2018-12-17 00:00:00+00:00,97.13,100.49,96.57,100.03,1487001,90.7146253808,93.8526995214,90.191613024,93.4230822284,1487001,0.0,1.0
PPG,2018-12-18 00:00:00+00:00,96.7,98.67,96.27,97.8,1684753,90.3130266069,92.1529093619,89.9114278329,91.3403723077,1684753,0.0,1.0
PPG,2018-12-19 00:00:00+00:00,96.43,99.67,95.82,97.93,1686684,90.0608599349,93.086859999,89.4911500462,91.4617858905,1686684,0.0,1.0
PPG,2018-12-20 00:00:00+00:00,97.07,98.94,96.05,97.48,2327546,90.6585883426,92.405076034,89.7059586928,91.0415081038,2327546,0.0,1.0
PPG,2018-12-21 00:00:00+00:00,96.32,99.52,96.28,97.36,2350598,89.9581253648,92.9467674035,89.9207673393,90.9294340273,2350598,0.0,1.0
PPG,2018-12-24 00:00:00+00:00,95.6,98.09,95.35,96.04,1100037,89.2856809061,91.6112179924,89.0521932468,89.6966191864,1100037,0.0,1.0
PPG,2018-12-26 00:00:00+00:00,99.27,99.3,94.41,95.84,1310624,92.7132797442,92.7412982633,88.1742796479,89.509829059,1310624,0.0,1.0
PPG,2018-12-27 00:00:00+00:00,101.42,101.43,98.0,98.29,1430447,94.7212736139,94.7306131203,91.5271624351,91.7980081198,1430447,0.0,1.0
PPG,2018-12-28 00:00:00+00:00,101.23,102.75,100.63,101.69,1119534,94.5438229929,95.9634279613,93.9834526106,94.973440286,1119534,0.0,1.0
PPG,2018-12-31 00:00:00+00:00,102.23,102.91,101.23,101.82,1162662,95.47777363,96.1128600632,94.5438229929,95.0948538688,1162662,0.0,1.0
PPG,2019-01-02 00:00:00+00:00,101.69,102.2,100.45,101.03,1063326,94.973440286,95.4497551109,93.815341496,94.3570328655,1063326,0.0,1.0
PPG,2019-01-03 00:00:00+00:00,97.97,101.39,97.59,101.29,1118405,91.499143916,94.6932550948,91.1442426739,94.5998600311,1118405,0.0,1.0
PPG,2019-01-04 00:00:00+00:00,99.91,100.74,96.82,97.5,1801478,93.3110081519,94.0861871807,90.4251006833,91.0601871165,1801478,0.0,1.0
PPG,2019-01-07 00:00:00+00:00,100.24,101.71,99.04,99.87,1277769,93.6192118622,94.9921192987,92.4984710977,93.2736501264,1277769,0.0,1.0
PPG,2019-01-08 00:00:00+00:00,101.07,101.64,99.52,100.74,1648050,94.394390891,94.9267427541,92.9467674035,94.0861871807,1648050,0.0,1.0
PPG,2019-01-09 00:00:00+00:00,101.5,101.79,100.25,101.34,1070957,94.7959896649,95.0668353497,93.6285513685,94.646557563,1070957,0.0,1.0
PPG,2019-01-10 00:00:00+00:00,102.65,102.71,100.61,101.25,1015246,95.8700328976,95.9260699358,93.9647735979,94.5625020056,1015246,0.0,1.0
PPG,2019-01-11 00:00:00+00:00,101.86,102.38,101.5,101.91,1064972,95.1322118943,95.6178662256,94.7959896649,95.1789094261,1064972,0.0,1.0
PPG,2019-01-14 00:00:00+00:00,101.96,102.6,100.94,101.29,870124,95.225606958,95.8233353657,94.2729773081,94.5998600311,870124,0.0,1.0
PPG,2019-01-15 00:00:00+00:00,101.0,101.82,99.41,100.06,2509536,94.3290143464,95.0948538688,92.8440328334,93.4511007475,2509536,0.0,1.0
PPG,2019-01-16 00:00:00+00:00,102.54,103.5,100.87,101.38,2483596,95.7672983275,96.6638909391,94.2076007635,94.6839155885,2483596,0.0,1.0
PPG,2019-01-17 00:00:00+00:00,107.36,107.51,103.29,103.37,3655582,100.2689403983,100.4090329938,96.4677613053,96.5424773563,3655582,0.0,1.0
PPG,2019-01-18 00:00:00+00:00,105.43,107.2,104.36,106.21,2247902,98.4664156687,100.1195082963,97.467088487,99.1948971656,2247902,0.0,1.0
PPG,2019-01-22 00:00:00+00:00,104.35,105.35,103.4,104.87,1464898,97.4577489806,98.3916996177,96.5704958754,97.9434033119,1464898,0.0,1.0
PPG,2019-01-23 00:00:00+00:00,102.05,104.82,100.9,104.31,2229174,95.3096625153,97.8967057801,94.2356192827,97.4203909551,2229174,0.0,1.0
PPG,2019-01-24 00:00:00+00:00,102.22,102.64,101.36,101.77,1121604,95.4684341236,95.8606933912,94.6652365757,95.0481563369,1121604,0.0,1.0
PPG,2019-01-25 00:00:00+00:00,103.5,104.03,103.14,103.35,1277152,96.6638909391,97.1588847768,96.3276687097,96.5237983435,1277152,0.0,1.0
PPG,2019-01-28 00:00:00+00:00,103.7,103.83,102.51,102.89,823014,96.8506810665,96.9720946493,95.7392798084,96.0941810505,823014,0.0,1.0
PPG,2019-01-29 00:00:00+00:00,104.48,104.55,103.0,103.76,1607831,97.5791625634,97.644539108,96.1969156205,96.9067181047,1607831,0.0,1.0
PPG,2019-01-30 00:00:00+00:00,105.05,105.92,104.07,105.07,1042746,98.1115144266,98.9240514809,97.1962428022,98.1301934393,1042746,0.0,1.0
PPG,2019-01-31 00:00:00+00:00,105.44,105.88,103.97,104.33,1466514,98.4757551751,98.8866934554,97.1028477385,97.4390699679,1466514,0.0,1.0
PPG,2019-02-01 00:00:00+00:00,105.77,106.45,105.03,105.64,945846,98.7839588853,99.4190453185,98.0928354138,98.6625453025,945846,0.0,1.0
PPG,2019-02-04 00:00:00+00:00,106.26,106.45,104.73,105.66,1072812,99.2415946975,99.4190453185,97.8126502227,98.6812243152,1072812,0.0,1.0
PPG,2019-02-05 00:00:00+00:00,107.01,107.06,105.59,106.74,1204265,99.9420576753,99.9887552071,98.6158477706,99.6898910033,1204265,0.0,1.0
PPG,2019-02-06 00:00:00+00:00,106.1,106.76,105.6,106.51,926962,99.0921625955,99.708570016,98.625187277,99.4750823567,926962,0.0,1.0
PPG,2019-02-07 00:00:00+00:00,104.85,106.06,104.42,105.64,916136,97.9247242992,99.0548045701,97.5231255252,98.6625453025,916136,0.0,1.0
PPG,2019-02-08 00:00:00+00:00,104.86,104.86,103.36,104.46,983778,97.9340638055,97.9340638055,96.5331378499,97.5604835507,983778,0.0,1.0
PPG,2019-02-11 00:00:00+00:00,104.72,105.41,104.53,105.09,818001,97.8033107163,98.4477366559,97.6258600953,98.1488724521,818001,0.0,1.0
PPG,2019-02-12 00:00:00+00:00,107.61,107.68,105.15,105.48,1082094,100.5024280575,100.5678046021,98.2049094903,98.5131132005,1082094,0.0,1.0
PPG,2019-02-13 00:00:00+00:00,107.89,108.92,107.31,108.0,1023906,100.7639342359,101.7259033921,100.2222428664,100.866668806,1023906,0.0,1.0
PPG,2019-02-14 00:00:00+00:00,107.26,108.1,106.04,107.2,847899,100.1755453346,100.9600638697,99.0361255573,100.1195082963,847899,0.0,1.0
PPG,2019-02-15 00:00:00+00:00,109.11,109.21,107.68,108.4,1043136,101.9033540132,101.9967490769,100.5678046021,101.2402490609,1043136,0.0,1.0
PPG,2019-02-19 00:00:00+00:00,108.73,109.57,108.3,108.59,977748,101.5484527711,102.3329713062,101.1468539971,101.4176996819,977748,0.0,1.0
PPG,2019-02-20 00:00:00+00:00,109.74,110.99,108.5,108.83,1022560,102.4917429146,103.6591812109,101.3336441246,101.6418478348,1022560,0.0,1.0
PPG,2019-02-21 00:00:00+00:00,110.13,110.29,108.93,109.53,790244,103.3042799688,103.4543633684,102.178654472,102.7414672204,790244,0.48,1.0
PPG,2019-02-22 00:00:00+00:00,111.44,111.6,110.43,110.85,920568,104.5330878028,104.6831712024,103.585686343,103.9796552669,920568,0.0,1.0
PPG,2019-02-25 00:00:00+00:00,112.32,112.7,111.28,112.0,1017635,105.3585465005,105.7149945745,104.3830044033,105.0583797013,1017635,0.0,1.0
PPG,2019-02-26 00:00:00+00:00,111.47,112.31,111.44,112.01,778127,104.5612284403,105.349166288,104.5330878028,105.0677599138,778127,0.0,1.0
PPG,2019-02-27 00:00:00+00:00,112.17,112.5,110.91,111.25,610145,105.2178433134,105.527390325,104.0359365417,104.3548637658,610145,0.0,1.0
PPG,2019-02-28 00:00:00+00:00,111.97,112.19,111.3,112.19,999540,105.0302390639,105.2366037383,104.4017648282,105.2366037383,999540,0.0,1.0
PPG,2019-03-01 00:00:00+00:00,112.76,113.31,112.07,112.73,848426,105.7712758493,106.2871875353,105.1240411887,105.7431352119,848426,0.0,1.0
PPG,2019-03-04 00:00:00+00:00,111.36,113.03,109.97,113.0,988917,104.458046103,106.0245415861,103.1541965693,105.9964009487,988917,0.0,1.0
PPG,2019-03-05 00:00:00+00:00,110.75,111.78,110.71,111.32,859994,103.8858531422,104.8520150269,103.8483322923,104.4205252532,859994,0.0,1.0
PPG,2019-03-06 00:00:00+00:00,110.55,111.44,110.19,110.83,622580,103.6982488927,104.5330878028,103.3605612437,103.960894842,622580,0.0,1.0
PPG,2019-03-07 00:00:00+00:00,109.84,110.5,108.59,110.4,1039683,103.0322538071,103.6513478303,101.8597272479,103.5575457056,1039683,0.0,1.0
PPG,2019-03-08 00:00:00+00:00,109.63,109.66,107.83,109.01,1011878,102.8352693452,102.8634099826,101.1468311,102.2536961718,1011878,0.0,1.0
PPG,2019-03-11 00:00:00+00:00,111.3,111.31,109.73,110.03,1180256,104.4017648282,104.4111450407,102.9290714699,103.2104778441,1180256,0.0,1.0
PPG,2019-03-12 00:00:00+00:00,111.15,112.05,110.3,110.3,1282707,104.2610616411,105.1052807637,103.4637435809,103.4637435809,1282707,0.0,1.0
PPG,2019-03-13 00:00:00+00:00,111.33,111.92,110.41,111.59,1524664,104.4299054656,104.9833380016,103.5669259181,104.6737909899,1524664,0.0,1.0
PPG,2019-03-14 00:00:00+00:00,109.68,111.12,108.99,111.04,1432544,102.8821704075,104.2329210037,102.2349357469,104.1578793039,1432544,0.0,1.0
PPG,2019-03-15 00:00:00+00:00,110.03,110.5,109.14,109.52,1923885,103.2104778441,103.6513478303,102.375638934,102.732087008,1923885,0.0,1.0
PPG,2019-03-18 00:00:00+00:00,110.95,111.05,109.65,110.28,1734553,104.0734573916,104.1672595164,102.8540297701,103.4449831559,1734553,0.0,1.0
PPG,2019-03-19 00:00:00+00:00,110.9,112.15,110.4,111.31,1520253,104.0265563293,105.1990828884,103.5575457056,104.4111450407,1520253,0.0,1.0
PPG,2019-03-20 00:00:00+00:00,110.82,111.48,110.26,110.85,1476871,103.9515146295,104.5706086527,103.426222731,103.9796552669,1476871,0.0,1.0
PPG,2019-03-21 00:00:00+00:00,112.64,113.22,110.51,110.61,949701,105.6587132996,106.2027656231,103.6607280428,103.7545301675,949701,0.0,1.0
PPG,2019-03-22 00:00:00+00:00,106.69,110.76,106.48,110.4,2509884,100.077486878,103.8952333546,99.8805024161,103.5575457056,2509884,0.0,1.0
PPG,2019-03-25 00:00:00+00:00,107.06,108.03,106.55,107.04,1493515,100.4245547395,101.3344353494,99.9461639034,100.4057943146,1493515,0.0,1.0
PPG,2019-03-26 00:00:00+00:00,108.36,108.52,107.37,107.7,1132124,101.643982361,101.7940657606,100.7153413262,101.0248883378,1132124,0.0,1.0
PPG,2019-03-27 00:00:00+00:00,110.08,110.52,108.33,108.61,1705752,103.2573789065,103.6701082553,101.6158417236,101.8784876729,1705752,0.0,1.0
PPG,2019-03-28 00:00:00+00:00,111.72,112.09,110.52,110.79,1691276,104.7957337521,105.1428016136,103.6701082553,103.9233739921,1691276,0.0,1.0
PPG,2019-03-29 00:00:00+00:00,112.87,113.0,111.93,112.0,1384941,105.8744581865,105.9964009487,104.992718214,105.0583797013,1384941,0.0,1.0
PPG,2019-04-01 00:00:00+00:00,114.22,115.1,113.43,113.62,1526058,107.1407868704,107.9662455681,106.399750085,106.577974122,1526058,0.0,1.0
PPG,2019-04-02 00:00:00+00:00,114.24,115.26,113.52,114.43,961913,107.1595472954,108.1163289676,106.4841719973,107.3377713324,961913,0.0,1.0
PPG,2019-04-03 00:00:00+00:00,114.58,115.71,114.16,115.25,1284065,107.4784745195,108.5384385289,107.0845055956,108.1069487552,1284065,0.0,1.0
PPG,2019-04-04 00:00:00+00:00,115.0,115.99,114.55,115.34,1301948,107.8724434433,108.8010844782,107.450333882,108.1913706674,1301948,0.0,1.0
PPG,2019-04-05 00:00:00+00:00,114.96,115.64,114.62,115.08,837802,107.8349225934,108.4727770416,107.5159953694,107.9474851431,837802,0.0,1.0
PPG,2019-04-08 00:00:00+00:00,114.4,114.89,113.77,114.78,988183,107.3096306949,107.7692611061,106.7186773091,107.6660787689,988183,0.0,1.0
PPG,2019-04-09 00:00:00+00:00,114.28,114.84,113.35,113.83,797542,107.1970681453,107.7223600438,106.3247083852,106.774958584,797542,0.0,1.0
PPG,2019-04-10 00:00:00+00:00,114.9,115.24,114.46,114.66,779258,107.7786413186,108.0975685427,107.3659119698,107.5535162192,779258,0.0,1.0
PPG,2019-04-11 00:00:00+00:00,114.52,115.27,114.25,114.9,761906,107.4221932446,108.1257091801,107.1689275078,107.7786413186,761906,0.0,1.0
PPG,2019-04-12 00:00:00+00:00,115.6,115.78,114.59,115.4,879751,108.4352561917,108.6041000163,107.4878547319,108.2476519423,879751,0.0,1.0
PPG,2019-04-15 00:00:00+00:00,116.47,116.57,115.48,115.87,1094146,109.2513346769,109.3451368017,108.3226936421,108.6885219285,1094146,0.0,1.0
PPG,2019-04-16 00:00:00+00:00,118.4,118.43,116.63,116.9,2004173,111.0617156843,111.0898563217,109.4014180765,109.6546838133,2004173,0.0,1.0
PPG,2019-04-17 00:00:00+00:00,117.39,118.77,117.17,118.7,1659958,110.1143142245,111.4087835458,109.9079495501,111.3431220585,1659958,0.0,1.0
PPG,2019-04-18 00:00:00+00:00,119.86,121.29,119.22,119.78,3742061,112.4312267054,113.7725970891,111.8308931071,112.3561850056,3742061,0.0,1.0
PPG,2019-04-22 00:00:00+00:00,117.24,119.2,116.87,118.65,1854946,109.9736110374,111.8121326821,109.6265431759,111.2962209961,1854946,0.0,1.0
PPG,2019-04-23 00:00:00+00:00,117.62,118.5,116.38,117.33,1819843,110.3300591114,111.155517809,109.1669127647,110.0580329496,1819843,0.0,1.0
PPG,2019-04-24 00:00:00+00:00,116.64,118.1,116.49,117.73,1038912,109.410798289,110.7803093101,109.2700951019,110.4332414486,1038912,0.0,1.0
PPG,2019-04-25 00:00:00+00:00,115.53,116.31,115.09,116.31,896558,108.3695947044,109.1012512773,107.9568653556,109.1012512773,896558,0.0,1.0
PPG,2019-04-26 00:00:00+00:00,117.81,118.05,115.28,116.0,905539,110.5082831483,110.7334082477,108.1350893926,108.8104646907,905539,0.0,1.0
PPG,2019-04-29 00:00:00+00:00,117.11,117.99,116.98,117.99,896819,109.8516682752,110.6771269729,109.7297255131,110.6771269729,896819,0.0,1.0
PPG,2019-04-30 00:00:00+00:00,117.5,117.72,116.29,117.14,894812,110.2174965617,110.4238612361,109.0824908524,109.8798089126,894812,0.0,1.0
PPG,2019-05-01 00:00:00+00:00,115.47,117.97,115.4,117.97,794722,108.3133134296,110.6583665479,108.2476519423,110.6583665479,794722,0.0,1.0
PPG,2019-05-02 00:00:00+00:00,116.76,116.77,114.82,115.12,809078,109.5233608386,109.5327410511,107.7035996188,107.985005993,809078,0.0,1.0
PPG,2019-05-03 00:00:00+00:00,117.63,117.8,116.68,117.26,686565,110.3394393238,110.4989029359,109.4483191389,109.9923714623,686565,0.0,1.0
PPG,2019-05-06 00:00:00+00:00,116.29,116.51,115.06,116.0,815589,109.0824908524,109.2888555268,107.9287247182,108.8104646907,815589,0.0,1.0
PPG,2019-05-07 00:00:00+00:00,114.46,115.37,113.76,115.04,1217095,107.3659119698,108.2195113049,106.7092970966,107.9099642932,1217095,0.0,1.0
PPG,2019-05-08 00:00:00+00:00,114.02,114.64,113.45,114.08,697255,106.953182621,107.5347557943,106.41851051,107.0094638958,697255,0.0,1.0
PPG,2019-05-09 00:00:00+00:00,112.88,113.46,112.0,112.77,1045311,106.3340885977,106.8804543967,105.5051197993,106.2304674979,1045311,0.48,1.0
PPG,2019-05-10 00:00:00+00:00,112.24,112.95,110.3,112.55,1345892,105.7312021989,106.4000292976,103.9037028023,106.0232252983,1345892,0.0,1.0
PPG,2019-05-13 00:00:00+00:00,111.25,111.87,110.05,110.55,1138393,104.7986123006,105.3826584995,103.6682003028,104.1392053019,1138393,0.0,1.0
PPG,2019-05-14 00:00:00+00:00,111.56,112.3,110.88,111.41,759844,105.0906354001,105.7877227988,104.4500686013,104.9493339003,759844,0.0,1.0
PPG,2019-05-15 00:00:00+00:00,111.94,112.53,110.9,111.17,1072797,105.4485991994,106.0043850983,104.4689088013,104.7232515008,1072797,0.0,1.0
PPG,2019-05-16 00:00:00+00:00,112.92,114.02,112.19,112.66,1211191,106.3717689976,107.4079799957,105.6841016989,106.1268463981,1211191,0.0,1.0
PPG,2019-05-17 00:00:00+00:00,111.77,112.53,111.37,111.96,1676084,105.2884574997,106.0043850983,104.9116535004,105.4674393994,1676084,0.0,1.0
PPG,2019-05-20 00:00:00+00:00,107.74,111.28,107.45,110.87,1976344,101.4921572069,104.8268726006,101.2189743074,104.4406485013,1976344,0.0,1.0
PPG,2019-05-21 00:00:00+00:00,109.0,109.17,106.68,107.43,1726737,102.6790898047,102.8392315044,100.4936266088,101.2001341075,1726737,0.0,1.0
PPG,2019-05-22 00:00:00+00:00,108.48,108.68,107.6,108.29,1367446,102.1892446056,102.3776466052,101.3602758072,102.0102627059,1367446,0.0,1.0
PPG,2019-05-23 00:00:00+00:00,106.82,107.95,106.23,107.91,1499703,100.6255080086,101.6899793065,100.0697221096,101.6522989066,1499703,0.0,1.0
PPG,2019-05-24 00:00:00+00:00,107.75,107.91,106.64,107.87,986632,101.5015773069,101.6522989066,100.4559462089,101.6146185067,986632,0.0,1.0
PPG,2019-05-28 00:00:00+00:00,107.51,108.35,107.34,107.51,1467966,101.2754949073,102.0667833058,101.1153532076,101.2754949073,1467966,0.0,1.0
PPG,2019-05-29 00:00:00+00:00,107.18,107.61,106.33,107.1,1200573,100.9646316079,101.3696959072,100.1639231094,100.8892708081,1200573,0.0,1.0
PPG,2019-05-30 00:00:00+00:00,107.24,108.11,106.96,107.16,619132,101.0211522078,101.8407009063,100.7573894083,100.945791408,619132,0.0,1.0
PPG,2019-05-31 00:00:00+00:00,104.65,106.33,104.57,105.93,1214635,98.5813463125,100.1639231094,98.5059855126,99.7871191102,1214635,0.0,1.0
PPG,2019-06-03 00:00:00+00:00,107.78,107.78,104.44,104.66,1647798,101.5298376069,101.5298376069,98.3835242128,98.5907664124,1647798,0.0,1.0
PPG,2019-06-04 00:00:00+00:00,111.71,111.72,108.73,109.08,2105661,105.2319368998,105.2413569998,102.4247471051,102.7544506045,2105661,0.0,1.0
PPG,2019-06-05 00:00:00+00:00,112.35,112.77,110.2,112.38,2427293,105.8348232987,106.2304674979,103.8095018025,105.8630835986,2427293,0.0,1.0
PPG,2019-06-06 00:00:00+00:00,112.99,113.23,112.12,112.91,2578390,106.4377096975,106.6637920971,105.6181609991,106.3623488977,2578390,0.0,1.0
PPG,2019-06-07 00:00:00+00:00,113.99,114.57,113.13,113.56,1858959,107.3797196957,107.9260854947,106.5695910973,106.9746553965,1858959,0.0,1.0
PPG,2019-06-10 00:00:00+00:00,114.39,114.695,113.49,114.27,1647839,107.756523695,108.0438367445,106.9087146966,107.6434824952,1647839,0.0,1.0
PPG,2019-06-11 00:00:00+00:00,116.85,117.35,115.33,115.33,1407736,110.0738682906,110.5448732897,108.6420130933,108.6420130933,1407736,0.0,1.0
PPG,2019-06-12 00:00:00+00:00,116.99,117.39,115.41,117.0,672389,110.2057496903,110.5825536896,108.7173738932,110.2151697903,672389,0.0,1.0
PPG,2019-06-13 00:00:00+00:00,116.91,117.59,116.24,117.19,640563,110.1303888905,110.7709556893,109.4992421917,110.39415169,640563,0.0,1.0
PPG,2019-06-14 00:00:00+00:00,116.55,116.84,115.91,116.84,811514,109.7912652911,110.0644481906,109.1883788923,110.0644481906,811514,0.0,1.0
PPG,2019-06-17 00:00:00+00:00,114.93,116.82,114.78,116.79,1020561,108.265209094,110.0456079907,108.1239075943,110.0173476907,1020561,0.0,1.0
PPG,2019-06-18 00:00:00+00:00,114.68,115.76,114.47,115.5,1161592,108.0297065945,109.0470773926,107.8318844949,108.802154793,1161592,0.0,1.0
PPG,2019-06-19 00:00:00+00:00,115.66,116.04,114.33,115.18,1156626,108.9528763927,109.310840192,107.7000030951,108.5007115936,1156626,0.0,1.0
PPG,2019-06-20 00:00:00+00:00,115.19,117.35,114.5,117.0,1506076,108.5101316936,110.5448732897,107.8601447948,110.2151697903,1506076,0.0,1.0
PPG,2019-06-21 00:00:00+00:00,116.07,116.09,114.54,115.43,2309855,109.339100492,109.357940692,107.8978251947,108.7362140931,2309855,0.0,1.0
PPG,2019-06-24 00:00:00+00:00,116.9,117.37,115.95,116.0,1021177,110.1209687905,110.5637134897,109.2260592922,109.2731597921,1021177,0.0,1.0
PPG,2019-06-25 00:00:00+00:00,116.27,117.07,115.5,117.02,710873,109.5275024916,110.2811104902,108.802154793,110.2340099903,710873,0.0,1.0
PPG,2019-06-26 00:00:00+00:00,115.53,116.6,115.29,116.19,797815,108.830415093,109.838365791,108.6043326934,109.4521416918,797815,0.0,1.0
PPG,2019-06-27 00:00:00+00:00,115.89,116.53,115.73,116.21,721594,109.1695386923,109.7724250912,109.0188170926,109.4709818917,721594,0.0,1.0
PPG,2019-06-28 00:00:00+00:00,116.71,116.83,115.68,116.15,2138233,109.9419868908,110.0550280906,108.9717165927,109.4144612919,2138233,0.0,1.0
PPG,2019-07-01 00:00:00+00:00,118.63,118.68,117.11,117.66,750925,111.7506460874,111.7977465873,110.3187908901,110.8368963891,750925,0.0,1.0
PPG,2019-07-02 00:00:00+00:00,118.09,118.88,117.28,118.88,731081,111.2419606884,111.986148587,110.4789325898,111.986148587,731081,0.0,1.0
PPG,2019-07-03 00:00:00+00:00,119.08,119.1,117.81,117.81,453894,112.1745505866,112.1933907866,110.9781978889,110.9781978889,453894,0.0,1.0
PPG,2019-07-05 00:00:00+00:00,117.96,118.21,117.05,118.12,565191,111.1194993886,111.3550018882,110.2622702902,111.2702209883,565191,0.0,1.0
PPG,2019-07-08 00:00:00+00:00,116.38,117.91,115.28,117.5,1338557,109.6311235914,111.0723988887,108.5949125934,110.6861747894,1338557,0.0,1.0
PPG,2019-07-09 00:00:00+00:00,115.94,116.28,115.3,116.03,1178431,109.2166391922,109.5369225916,108.6137527934,109.3014200921,1178431,0.0,1.0
PPG,2019-07-10 00:00:00+00:00,115.41,116.91,115.17,116.5,661189,108.7173738932,110.1303888905,108.4912914936,109.7441647912,661189,0.0,1.0
PPG,2019-07-11 00:00:00+00:00,116.0,116.03,114.57,115.43,961879,109.2731597921,109.3014200921,107.9260854947,108.7362140931,961879,0.0,1.0
PPG,2019-07-12 00:00:00+00:00,117.04,117.85,116.27,116.28,1117017,110.2528501903,111.0158782888,109.5275024916,109.5369225916,1117017,0.0,1.0
PPG,2019-07-15 00:00:00+00:00,117.71,118.06,116.78,117.15,1070380,110.8839968891,111.2137003884,110.0079275907,110.3564712901,1070380,0.0,1.0
PPG,2019-07-16 00:00:00+00:00,117.85,118.52,117.4,117.93,1627507,111.0158782888,111.6470249876,110.5919737896,111.0912390887,1627507,0.0,1.0
PPG,2019-07-17 00:00:00+00:00,116.61,117.99,116.06,117.99,1428138,109.847785891,111.1477596886,109.329680392,111.1477596886,1428138,0.0,1.0
PPG,2019-07-18 00:00:00+00:00,117.0,119.0,114.99,114.99,2015545,110.2151697903,112.0991897867,108.3217296939,108.3217296939,2015545,0.0,1.0
PPG,2019-07-19 00:00:00+00:00,117.51,118.88,117.36,118.13,2025320,110.6955948894,111.986148587,110.5542933897,111.2796410883,2025320,0.0,1.0
PPG,2019-07-22 00:00:00+00:00,116.95,118.31,116.67,117.54,1077697,110.1680692904,111.449202888,109.9043064909,110.7238551894,1077697,0.0,1.0
PPG,2019-07-23 00:00:00+00:00,118.96,118.96,116.95,117.48,2019423,112.0615093868,112.0615093868,110.1680692904,110.6673345895,2019423,0.0,1.0
PPG,2019-07-24 00:00:00+00:00,118.1,119.29,117.59,118.66,1629717,111.2513807884,112.3723726862,110.7709556893,111.7789063874,1629717,0.0,1.0
PPG,2019-07-25 00:00:00+00:00,118.14,119.08,117.58,118.23,1803747,111.2890611883,112.1745505866,110.7615355893,111.3738420881,1803747,0.0,1.0
PPG,2019-07-26 00:00:00+00:00,117.94,118.21,117.0,118.13,1209478,111.1006591886,111.3550018882,110.2151697903,111.2796410883,1209478,0.0,1.0
PPG,2019-07-29 00:00:00+00:00,118.43,119.05,117.4,117.69,1165061,111.5622440878,112.1462902867,110.5919737896,110.8651566891,1165061,0.0,1.0
PPG,2019-07-30 00:00:00+00:00,118.96,119.35,117.35,117.8,785566,112.0615093868,112.4288932861,110.5448732897,110.9687777889,785566,0.0,1.0
PPG,2019-07-31 00:00:00+00:00,117.39,119.41,116.49,118.89,815258,110.5825536896,112.485413886,109.7347446912,111.9955686869,815258,0.0,1.0
PPG,2019-08-01 00:00:00+00:00,115.67,118.24,114.99,117.39,1094463,108.9622964927,111.3832621881,108.3217296939,110.5825536896,1094463,0.0,1.0
PPG,2019-08-02 00:00:00+00:00,114.17,115.65,112.4,115.65,1124604,107.5492814954,108.9434562927,105.8819237986,108.9434562927,1124604,0.0,1.0
PPG,2019-08-05 00:00:00+00:00,110.96,113.085,109.7,112.92,1080213,104.5254294012,106.5272006473,103.3384968034,106.3717689976,1080213,0.0,1.0
PPG,2019-08-06 00:00:00+00:00,110.98,111.49,109.39,111.49,1052588,104.5442696011,105.0246947002,103.046473704,105.0246947002,1052588,0.0,1.0
PPG,2019-08-07 00:00:00+00:00,112.86,113.24,109.62,110.05,2167347,106.3152483977,106.6732121971,103.2631360036,103.6682003028,2167347,0.0,1.0
PPG,2019-08-08 00:00:00+00:00,116.65,116.76,114.38,114.58,1807850,109.885466291,109.9890873908,107.747103595,107.9355055947,1807850,0.0,1.0
PPG,2019-08-09 00:00:00+00:00,115.33,116.2,114.66,115.42,1098821,109.1224381924,109.9456110115,108.4885005041,109.2075940013,1098821,0.51,1.0
PPG,2019-08-12 00:00:00+00:00,112.55,115.18,112.32,114.83,1291300,106.4920698739,108.9805118443,106.2744494734,108.6493503653,1291300,0.0,1.0
PPG,2019-08-13 00:00:00+00:00,113.09,114.77,111.74,112.23,986754,107.0030047271,108.5925798261,105.725667594,106.1892936646,986754,0.0,1.0
PPG,2019-08-14 00:00:00+00:00,110.22,111.98,109.86,111.26,1249036,104.2874805997,105.952749751,103.9468573642,105.27150328,1249036,0.0,1.0
PPG,2019-08-15 00:00:00+00:00,109.62,110.86,108.95,110.33,890921,103.7197752072,104.8930330184,103.085837519,104.3915599217,890921,0.0,1.0
PPG,2019-08-16 00:00:00+00:00,110.72,111.44,109.14,109.14,855577,104.7605684268,105.4418148978,103.2656108933,103.2656108933,855577,0.0,1.0
PPG,2019-08-19 00:00:00+00:00,111.62,112.71,111.36,111.98,737229,105.6121265155,106.6434579786,105.3661208455,105.952749751,737229,0.0,1.0
PPG,2019-08-20 00:00:00+00:00,110.3,111.2,109.78,111.2,1249360,104.3631746521,105.2147327408,103.8711633119,105.2147327408,1249360,0.0,1.0
PPG,2019-08-21 00:00:00+00:00,110.7,111.91,110.5,111.41,697702,104.7416449137,105.8865174552,104.5524097829,105.4134296282,697702,0.0,1.0
PPG,2019-08-22 00:00:00+00:00,110.1,111.23,109.45,110.87,602234,104.1739395212,105.2431180104,103.558925346,104.9024947749,602234,0.0,1.0
PPG,2019-08-23 00:00:00+00:00,106.54,109.93,105.99,109.66,974295,100.8055541925,104.01308966,100.2851575827,103.7576222334,974295,0.0,1.0
PPG,2019-08-26 00:00:00+00:00,107.17,108.0,106.41,107.39,1168761,101.4016448546,102.1869706475,100.6825513574,101.6098034985,1168761,0.0,1.0
PPG,2019-08-27 00:00:00+00:00,107.41,108.38,106.96,108.16,1861708,101.6287270116,102.5465173961,101.2029479672,102.3383587522,1861708,0.0,1.0
PPG,2019-08-28 00:00:00+00:00,109.03,109.29,106.76,107.08,1090591,103.1615315713,103.4075372414,101.0137128364,101.3164890457,1090591,0.0,1.0
PPG,2019-08-29 00:00:00+00:00,110.14,111.08,110.07,110.39,586209,104.2117865474,105.1011916623,104.1455542516,104.4483304609,586209,0.0,1.0
PPG,2019-08-30 00:00:00+00:00,110.79,111.51,110.47,111.15,762503,104.8268007226,105.5080471936,104.5240245133,105.1674239581,762503,0.0,1.0
PPG,2019-09-03 00:00:00+00:00,110.43,110.61,108.95,109.78,848458,104.4861774871,104.6564891048,103.085837519,103.8711633119,848458,0.0,1.0
PPG,2019-09-04 00:00:00+00:00,111.52,111.9,110.82,111.42,958067,105.5175089501,105.8770556987,104.8551859922,105.4228913847,958067,0.0,1.0
PPG,2019-09-05 00:00:00+00:00,113.34,114.18,112.47,112.91,1047096,107.2395486407,108.0343361901,106.4163758216,106.8326931094,1047096,0.0,1.0
PPG,2019-09-06 00:00:00+00:00,115.78,116.12,113.72,114.2,1058028,109.5482172368,109.8699169592,107.5990953892,108.0532597032,1058028,0.0,1.0
PPG,2019-09-09 00:00:00+00:00,116.51,116.59,114.86,116.2,1174599,110.2389254643,110.3146195166,108.677735635,109.9456110115,1174599,0.0,1.0
PPG,2019-09-10 00:00:00+00:00,117.27,117.27,115.74,116.41,938759,110.9580189614,110.9580189614,109.5103702106,110.1443078989,938759,0.0,1.0
PPG,2019-09-11 00:00:00+00:00,117.68,117.88,116.48,117.25,892760,111.3459509796,111.5351861105,110.2105401947,110.9390954484,892760,0.0,1.0
PPG,2019-09-12 00:00:00+00:00,118.21,118.39,117.0,118.1,851875,111.8474240763,112.0177356941,110.7025515348,111.7433447544,851875,0.0,1.0
PPG,2019-09-13 00:00:00+00:00,119.38,119.9,118.64,118.65,843854,112.9544495917,113.4464609318,112.2542796076,112.2637413642,843854,0.0,1.0
PPG,2019-09-16 00:00:00+00:00,115.36,118.19,114.98,118.14,1246849,109.150823462,111.8285005633,108.7912767135,111.7811917806,1246849,0.0,1.0
PPG,2019-09-17 00:00:00+00:00,117.21,117.21,114.62,115.47,1449207,110.9012484222,110.9012484222,108.450653478,109.254902784,1449207,0.0,1.0
PPG,2019-09-18 00:00:00+00:00,119.43,119.57,116.8,117.28,1078657,113.0017583744,113.134222966,110.513316404,110.967480718,1078657,0.0,1.0
PPG,2019-09-19 00:00:00+00:00,120.69,120.96,119.17,119.5,1217329,114.1939396986,114.4494071252,112.7557527043,113.0679906702,1217329,0.0,1.0
PPG,2019-09-20 00:00:00+00:00,119.26,121.0,119.0,120.73,1491677,112.8409085132,114.4872541514,112.5949028431,114.2317867248,1491677,0.0,1.0
PPG,2019-09-23 00:00:00+00:00,118.35,119.2,117.99,118.41,934010,111.9798886679,112.7841379739,111.6392654324,112.0366592072,934010,0.0,1.0
PPG,2019-09-24 00:00:00+00:00,116.23,118.73,116.02,118.51,1139899,109.9739962811,112.3394354165,109.7752993938,112.1312767726,1139899,0.0,1.0
PPG,2019-09-25 00:00:00+00:00,116.66,117.15,116.25,116.7,675222,110.3808518124,110.8444778829,109.9929197942,110.4186988386,675222,0.0,1.0
PPG,2019-09-26 00:00:00+00:00,116.66,117.11,115.52,116.5,1206649,110.3808518124,110.8066308568,109.3022115667,110.2294637078,1206649,0.0,1.0
PPG,2019-09-27 00:00:00+00:00,118.22,118.81,116.49,116.72,1136728,111.8568858329,112.4151294688,110.2200019512,110.4376223517,1136728,0.0,1.0
PPG,2019-09-30 00:00:00+00:00,118.51,119.15,117.53,118.64,842426,112.1312767726,112.7368291912,111.2040246315,112.2542796076,842426,0.0,1.0
PPG,2019-10-01 00:00:00+00:00,116.87,120.17,116.54,119.07,1004715,110.5795486998,113.7019283585,110.2673107339,112.6611351389,1004715,0.0,1.0
PPG,2019-10-02 00:00:00+00:00,114.41,115.88,113.55,115.35,1168527,108.2519565906,109.6428348022,107.438245528,109.1413617055,1168527,0.0,1.0
PPG,2019-10-03 00:00:00+00:00,114.6,114.61,112.02,114.1,687706,108.4317299649,108.4411917214,105.9905967772,107.9586421378,687706,0.0,1.0
PPG,2019-10-04 00:00:00+00:00,116.62,116.91,114.75,114.75,1010957,110.3430047863,110.617395726,108.573656313,108.573656313,1010957,0.0,1.0
PPG,2019-10-07 00:00:00+00:00,115.71,116.96,115.71,116.14,996106,109.481984941,110.6647045087,109.481984941,109.8888404723,996106,0.0,1.0
PPG,2019-10-08 00:00:00+00:00,112.35,114.95,112.31,114.91,1146282,106.3028347431,108.7628914438,106.2649877169,108.7250444177,1146282,0.0,1.0
PPG,2019-10-09 00:00:00+00:00,114.58,115.03,113.26,113.5,1485882,108.4128064518,108.8385854962,107.1638545883,107.3909367453,1485882,0.0,1.0
PPG,2019-10-10 00:00:00+00:00,115.66,115.88,114.28,114.35,748678,109.4346761583,109.6428348022,108.1289537556,108.1951860513,748678,0.0,1.0
PPG,2019-10-11 00:00:00+00:00,119.17,119.87,117.1,117.5,1315690,112.7557527043,113.4180756622,110.7971691002,111.1756393619,1315690,0.0,1.0
PPG,2019-10-14 00:00:00+00:00,117.21,119.73,117.12,118.58,1174301,110.9012484222,113.2856110706,110.8160926133,112.1975090684,1174301,0.0,1.0
PPG,2019-10-15 00:00:00+00:00,118.21,118.6,116.89,117.84,1276382,111.8474240763,112.2164325815,110.5984722129,111.4973390843,1276382,0.0,1.0
PPG,2019-10-16 00:00:00+00:00,118.96,120.03,117.85,118.13,1339285,112.5570558169,113.5694637669,111.5068008409,111.771730024,1339285,0.0,1.0
PPG,2019-10-17 00:00:00+00:00,121.24,121.46,118.93,119.07,1820485,114.7143363084,114.9224949523,112.5286705473,112.6611351389,1820485,0.0,1.0
PPG,2019-10-18 00:00:00+00:00,124.23,124.9,122.74,123.0,3015818,117.5434015143,118.1773392026,116.1335997896,116.3796054597,3015818,0.0,1.0
PPG,2019-10-21 00:00:00+00:00,124.68,125.61,124.25,125.0,1719054,117.9691805587,118.849123917,117.5623250274,118.271956768,1719054,0.0,1.0
PPG,2019-10-22 00:00:00+00:00,125.27,125.63,123.28,124.97,1542052,118.5274241946,118.8680474301,116.6445346429,118.2435714984,1542052,0.0,1.0
PPG,2019-10-23 00:00:00+00:00,124.47,126.08,124.24,125.12,1685151,117.7704836713,119.2938264745,117.5528632708,118.3854978465,1685151,0.0,1.0
PPG,2019-10-24 00:00:00+00:00,123.58,125.1,123.04,125.06,1144680,116.9283873391,118.3665743334,116.4174524859,118.3287273072,1144680,0.0,1.0
PPG,2019-10-25 00:00:00+00:00,124.04,124.33,122.53,123.16,1209989,117.36362814,117.6380190797,115.9349029022,116.5309935644,1209989,0.0,1.0
PPG,2019-10-28 00:00:00+00:00,123.71,124.64,123.44,124.04,1169385,117.0513901741,117.9313335325,116.7959227475,117.36362814,1169385,0.0,1.0
PPG,2019-10-29 00:00:00+00:00,125.05,125.35,123.28,123.71,1258166,118.3192655507,118.6031182469,116.6445346429,117.0513901741,1258166,0.0,1.0
PPG,2019-10-30 00:00:00+00:00,125.98,126.28,123.73,124.68,1264863,119.199208909,119.4830616053,117.0703136872,117.9691805587,1264863,0.0,1.0
PPG,2019-10-31 00:00:00+00:00,125.12,125.98,124.62,125.51,1387643,118.3854978465,119.199208909,117.9124100194,118.7545063516,1387643,0.0,1.0
PPG,2019-11-01 00:00:00+00:00,125.44,126.43,125.14,125.72,960370,118.6882740558,119.6249879534,118.4044213596,118.953203239,960370,0.0,1.0
PPG,2019-11-04 00:00:00+00:00,128.09,128.18,125.99,126.27,1542481,121.1956395393,121.2807953482,119.2086706656,119.4735998487,1542481,0.0,1.0
PPG,2019-11-05 00:00:00+00:00,128.89,129.08,127.8,127.97,1508633,121.9525800626,122.1323534369,120.9212485996,121.0820984608,1508633,0.0,1.0
PPG,2019-11-06 00:00:00+00:00,129.77,130.03,128.31,128.97,1276085,122.7852146382,123.0312203083,121.4037981832,122.0282741149,1276085,0.0,1.0
PPG,2019-11-07 00:00:00+00:00,129.83,130.42,129.25,129.91,1169943,122.8419851775,123.4002288134,122.2932032981,122.9176792298,1169943,0.0,1.0
PPG,2019-11-08 00:00:00+00:00,128.92,130.02,128.3,130.0,863257,122.4635149158,123.5084254527,121.8745653405,123.4894270793,863257,0.51,1.0
PPG,2019-11-11 00:00:00+00:00,129.2,129.44,127.98,128.16,916616,122.7294921434,122.9574726242,121.5705913662,121.7415767268,916616,0.0,1.0
PPG,2019-11-12 00:00:00+00:00,130.25,130.81,129.3,129.39,843553,123.7269067467,124.2588612018,122.8244840104,122.9099766907,843553,0.0,1.0
PPG,2019-11-13 00:00:00+00:00,130.32,130.7,129.06,129.24,935950,123.7934010536,124.1543701482,122.5965035296,122.7674888902,935950,0.0,1.0
PPG,2019-11-14 00:00:00+00:00,129.75,130.5,129.18,129.87,738445,123.2519474118,123.9643864142,122.71049377,123.3659376522,738445,0.0,1.0
PPG,2019-11-15 00:00:00+00:00,129.5,130.73,129.08,130.35,767319,123.0144677443,124.1828677082,122.615501903,123.8218986137,767319,0.0,1.0
PPG,2019-11-18 00:00:00+00:00,128.92,129.77,128.25,129.0,1048891,122.4635149158,123.2709457852,121.827069407,122.5395084094,1048891,0.0,1.0
PPG,2019-11-19 00:00:00+00:00,128.79,129.36,127.67,129.36,1273427,122.3400254888,122.8814791306,121.2761165785,122.8814791306,1273427,0.0,1.0
PPG,2019-11-20 00:00:00+00:00,126.5,128.78,126.49,128.49,1343506,120.1647117348,122.3305263021,120.1552125481,122.0550498878,1343506,0.0,1.0
PPG,2019-11-21 00:00:00+00:00,125.68,126.55,125.31,126.49,1114013,119.3857784256,120.2122076683,119.0343085177,120.1552125481,1114013,0.0,1.0
PPG,2019-11-22 00:00:00+00:00,125.41,126.0,125.26,125.94,816091,119.1293003847,119.6897523999,118.9868125842,119.6327572797,816091,0.0,1.0
PPG,2019-11-25 00:00:00+00:00,127.79,128.11,125.57,126.1,2404896,121.3901068189,121.6940807933,119.2812873719,119.7847442669,2404896,0.0,1.0
PPG,2019-11-26 00:00:00+00:00,129.71,129.72,127.94,128.05,2273395,123.213950665,123.2234498517,121.5325946194,121.6370856731,2273395,0.0,1.0
PPG,2019-11-27 00:00:00+00:00,129.19,129.71,128.42,129.71,919352,122.7199929567,123.213950665,121.9885555809,123.213950665,919352,0.0,1.0
PPG,2019-11-29 00:00:00+00:00,128.84,129.41,128.51,129.07,450092,122.3875214222,122.9289750641,122.0740482612,122.6060027163,450092,0.0,1.0
PPG,2019-12-02 00:00:00+00:00,128.5,129.66,128.28,129.37,1145749,122.0645490745,123.1664547315,121.8555669671,122.8909783173,1145749,0.0,1.0
PPG,2019-12-03 00:00:00+00:00,127.96,128.23,126.07,126.42,2011693,121.5515929928,121.8080710336,119.7562467068,120.0887182412,2011693,0.0,1.0
PPG,2019-12-04 00:00:00+00:00,129.1,130.4,128.63,129.14,2105937,122.6345002764,123.8693945472,122.1880385016,122.6724970232,2105937,0.0,1.0
PPG,2019-12-05 00:00:00+00:00,131.13,131.36,129.67,129.75,1653943,124.5628351762,124.7813164702,123.1759539182,123.2519474118,1653943,0.0,1.0
PPG,2019-12-06 00:00:00+00:00,132.54,133.82,132.38,132.85,1126876,125.9022205007,127.1181163981,125.7502335135,126.1966952883,1126876,0.0,1.0
PPG,2019-12-09 00:00:00+00:00,132.98,133.44,132.06,132.12,1140905,126.3201847154,126.7571473035,125.4462595391,125.5032546593,1140905,0.0,1.0
PPG,2019-12-10 00:00:00+00:00,132.47,133.8,132.0,132.91,997174,125.8357261938,127.0991180247,125.3892644189,126.2536904085,997174,0.0,1.0
PPG,2019-12-11 00:00:00+00:00,132.31,133.11,131.87,132.36,910412,125.6837392066,126.4436741425,125.2657749919,125.7312351401,910412,0.0,1.0
PPG,2019-12-12 00:00:00+00:00,133.76,134.14,132.06,132.59,1081992,127.0611212779,127.4220903724,125.4462595391,125.9497164342,1081992,0.0,1.0
PPG,2019-12-13 00:00:00+00:00,133.01,134.36,132.98,133.56,968863,126.3486822755,127.6310724798,126.3201847154,126.8711375439,968863,0.0,1.0
PPG,2019-12-16 00:00:00+00:00,133.25,134.36,132.91,133.63,1212198,126.5766627562,127.6310724798,126.2536904085,126.9376318508,1212198,0.0,1.0
PPG,2019-12-17 00:00:00+00:00,133.1,133.25,132.15,133.04,1095712,126.4341749558,126.5766627562,125.5317522194,126.3771798356,1095712,0.0,1.0
PPG,2019-12-18 00:00:00+00:00,131.65,133.3,130.57,133.3,1236691,125.0567928845,126.6241586897,124.0308807211,126.6241586897,1236691,0.0,1.0
PPG,2019-12-19 00:00:00+00:00,132.42,132.81,130.76,131.76,1007406,125.7882302603,126.1586985415,124.2113652683,125.1612839382,1007406,0.0,1.0
PPG,2019-12-20 00:00:00+00:00,132.47,133.63,132.44,133.36,1901851,125.8357261938,126.9376318508,125.8072286337,126.6811538099,1901851,0.0,1.0
PPG,2019-12-23 00:00:00+00:00,133.01,133.21,131.84,132.55,1194892,126.3486822755,126.5386660095,125.2372774318,125.9117196874,1194892,0.0,1.0
PPG,2019-12-24 00:00:00+00:00,133.54,133.64,132.82,132.96,377679,126.8521391705,126.9471310375,126.1681977282,126.301186342,377679,0.0,1.0
PPG,2019-12-26 00:00:00+00:00,133.36,133.59,132.68,133.57,570373,126.6811538099,126.899635104,126.0352091144,126.8806367306,570373,0.0,1.0
PPG,2019-12-27 00:00:00+00:00,133.31,133.98,132.98,133.98,632098,126.6336578764,127.2701033852,126.3201847154,127.2701033852,632098,0.0,1.0
PPG,2019-12-30 00:00:00+00:00,132.92,133.52,132.8,133.19,479257,126.2631895952,126.8331407971,126.1491993548,126.5196676361,479257,0.0,1.0
PPG,2019-12-31 00:00:00+00:00,133.49,133.51,132.59,133.02,626533,126.804643237,126.8236416104,125.9497164342,126.3581814622,626533,0.0,1.0
PPG,2020-01-02 00:00:00+00:00,131.6,134.16,131.35,133.97,1393093,125.009296951,127.4410887458,124.7718172835,127.2606041985,1393093,0.0,1.0
PPG,2020-01-03 00:00:00+00:00,129.69,130.85,129.63,130.05,1598381,123.1949522916,124.2968579486,123.1379571714,123.5369230128,1598381,0.0,1.0
PPG,2020-01-06 00:00:00+00:00,129.09,129.98,128.74,128.89,1528723,122.6250010897,123.4704287059,122.2925295553,122.4350173557,1528723,0.0,1.0
PPG,2020-01-07 00:00:00+00:00,128.08,129.28,128.04,128.59,2217606,121.6655832332,122.805485637,121.6275864864,122.1500417548,2217606,0.0,1.0
PPG,2020-01-08 00:00:00+00:00,128.41,129.4,127.83,128.41,1313033,121.9790563942,122.9194758774,121.4281035657,121.9790563942,1313033,0.0,1.0
PPG,2020-01-09 00:00:00+00:00,128.66,129.09,128.23,128.71,1644902,122.2165360617,122.6250010897,121.8080710336,122.2640319952,1644902,0.0,1.0
PPG,2020-01-10 00:00:00+00:00,128.09,129.47,127.96,128.86,1699765,121.6750824199,122.9859701842,121.5515929928,122.4065197956,1699765,0.0,1.0
PPG,2020-01-13 00:00:00+00:00,129.22,129.38,127.46,127.74,2112301,122.7484905168,122.900477504,121.0766336579,121.3426108854,2112301,0.0,1.0
PPG,2020-01-14 00:00:00+00:00,129.93,131.05,129.2,129.2,2208438,123.4229327724,124.4868416826,122.7294921434,122.7294921434,2208438,0.0,1.0
PPG,2020-01-15 00:00:00+00:00,130.74,131.88,129.48,129.71,1401883,124.1923668949,125.2752741786,122.9954693709,123.213950665,1401883,0.0,1.0
PPG,2020-01-16 00:00:00+00:00,127.41,129.1,125.38,126.35,3290381,121.0291377244,122.6345002764,119.1008028246,120.0222239343,3290381,0.0,1.0
PPG,2020-01-17 00:00:00+00:00,128.49,128.74,125.83,127.54,2781530,122.0550498878,122.2925295553,119.528266226,121.1526271515,2781530,0.0,1.0
PPG,2020-01-21 00:00:00+00:00,125.89,128.12,125.67,127.82,1916979,119.5852613462,121.70357998,119.3762792389,121.418604379,1916979,0.0,1.0
PPG,2020-01-22 00:00:00+00:00,126.16,126.56,125.56,126.18,1401842,119.8417393871,120.221706855,119.2717881852,119.8607377605,1401842,0.0,1.0
PPG,2020-01-23 00:00:00+00:00,126.26,126.84,124.65,125.43,2183643,119.9367312541,120.4876840826,118.4073621956,119.1482987581,2183643,0.0,1.0
PPG,2020-01-24 00:00:00+00:00,125.81,126.8,125.62,126.62,1191764,119.5092678526,120.4496873358,119.3287833054,120.2787019752,1191764,0.0,1.0
PPG,2020-01-27 00:00:00+00:00,122.96,124.06,122.61,123.42,1368752,116.8019996436,117.8469101804,116.4695281091,117.2389622317,1368752,0.0,1.0
PPG,2020-01-28 00:00:00+00:00,124.03,124.53,123.07,123.47,1097863,117.8184126203,118.2933719552,116.9064906973,117.2864581652,1097863,0.0,1.0
PPG,2020-01-29 00:00:00+00:00,123.42,125.03,123.38,124.58,1142600,117.2389622317,118.7683312902,117.2009654849,118.3408678887,1142600,0.0,1.0
PPG,2020-01-30 00:00:00+00:00,123.11,123.25,120.93,122.18,1246250,116.9444874441,117.0774760578,114.8736647438,116.0610630811,1246250,0.0,1.0
PPG,2020-01-31 00:00:00+00:00,119.84,122.66,119.35,122.26,2323128,113.8382533937,116.5170240426,113.3727932455,116.1370565747,2323128,0.0,1.0
PPG,2020-02-03 00:00:00+00:00,121.34,122.05,119.93,120.49,2339785,115.2631313984,115.937573654,113.923746074,114.4557005291,2339785,0.0,1.0
PPG,2020-02-04 00:00:00+00:00,122.53,123.98,121.52,122.84,2238609,116.3935346156,117.7709166868,115.434116759,116.6880094032,2238609,0.0,1.0
PPG,2020-02-05 00:00:00+00:00,124.86,125.1,122.6,123.59,2648295,118.6068451163,118.834825597,116.4600289224,117.4004484056,2648295,0.0,1.0
PPG,2020-02-06 00:00:00+00:00,124.36,125.44,123.61,125.3,1384112,118.1318857814,119.1577979448,117.419446779,119.024809331,1384112,0.0,1.0
PPG,2020-02-07 00:00:00+00:00,122.61,123.86,122.27,123.7,1314830,116.4695281091,117.6569264464,116.1465557614,117.5049394593,1314830,0.0,1.0
PPG,2020-02-10 00:00:00+00:00,120.89,122.05,120.36,122.05,1944042,114.835667997,115.937573654,114.332211102,115.937573654,1944042,0.0,1.0
PPG,2020-02-11 00:00:00+00:00,121.95,122.94,121.2,121.46,1437713,115.842581787,116.7830012702,115.1301427847,115.3771216388,1437713,0.0,1.0
PPG,2020-02-12 00:00:00+00:00,122.36,122.72,121.51,122.65,897331,116.2320484417,116.5740191628,115.4246175723,116.5075248559,897331,0.0,1.0
PPG,2020-02-13 00:00:00+00:00,120.46,121.9,120.32,121.9,1262977,114.427202969,115.7950858536,114.2942143552,115.7950858536,1262977,0.0,1.0
PPG,2020-02-14 00:00:00+00:00,120.15,120.94,119.51,120.41,1576909,114.1327281813,114.8831639305,113.5247802326,114.3797070355,1576909,0.0,1.0
PPG,2020-02-18 00:00:00+00:00,119.33,120.44,118.91,119.74,1081244,113.3537948721,114.4082045956,112.9548290307,113.7432615267,1081244,0.0,1.0
PPG,2020-02-19 00:00:00+00:00,119.52,120.0,119.14,119.58,1135920,113.5342794193,113.9902403809,113.1733103248,113.5912745395,1135920,0.0,1.0
PPG,2020-02-20 00:00:00+00:00,119.36,119.83,118.31,118.62,1733604,113.8667509538,114.3151203652,112.8650746091,113.1608076251,1733604,0.51,1.0
PPG,2020-02-21 00:00:00+00:00,118.91,119.29,118.37,118.98,1100772,113.4374610918,113.7999725308,112.9223132574,113.5042395147,1100772,0.0,1.0
PPG,2020-02-24 00:00:00+00:00,115.27,117.06,114.49,116.71,1870466,109.9649830969,111.6726027702,109.2208806694,111.3387106553,1870466,0.0,1.0
PPG,2020-02-25 00:00:00+00:00,109.63,115.74,109.52,115.69,2506511,104.5845501597,110.4133525083,104.4796126379,110.3656536347,2506511,0.0,1.0
PPG,2020-02-26 00:00:00+00:00,109.09,111.63,108.98,110.49,2066955,104.0694023253,106.492505102,103.9644648035,105.4049707849,2066955,0.0,1.0
PPG,2020-02-27 00:00:00+00:00,103.59,109.13,103.56,107.62,2287214,98.8225262341,104.1075614241,98.79390691,102.6670554427,2287214,0.0,1.0
PPG,2020-02-28 00:00:00+00:00,104.45,104.49,100.23,100.58,4460978,99.6429468593,99.6811059581,95.6171619311,95.951054046,4460978,0.0,1.0
PPG,2020-03-02 00:00:00+00:00,105.31,106.31,104.07,104.92,3748807,100.4633674844,101.4173449556,99.2804354202,100.0913162707,3748807,0.0,1.0
PPG,2020-03-03 00:00:00+00:00,104.39,106.95,102.75,105.07,2642110,99.585708211,102.0278905371,98.0211851584,100.2344128914,2642110,0.0,1.0
PPG,2020-03-04 00:00:00+00:00,107.96,107.96,104.95,105.88,2941422,102.9914077829,102.9914077829,100.1199355948,101.007134643,2941422,0.0,1.0
PPG,2020-03-05 00:00:00+00:00,102.65,105.32,101.03,105.22,2865505,97.9257874112,100.4729072591,96.380343908,100.377509512,2865505,0.0,1.0
PPG,2020-03-06 00:00:00+00:00,101.45,102.82,99.57,99.66,2480416,96.7810144459,98.0879635813,94.9875368002,95.0733947726,2480416,0.0,1.0
PPG,2020-03-09 00:00:00+00:00,97.41,103.03,95.47,95.79,4052740,92.9269454625,98.2882988503,91.0762291685,91.3815019593,4052740,0.0,1.0
PPG,2020-03-10 00:00:00+00:00,101.98,102.0,97.53,100.27,3491710,97.2866225056,97.305702055,93.0414227591,95.65532103,3491710,0.0,1.0
PPG,2020-03-11 00:00:00+00:00,96.97,99.18,95.22,99.18,2130392,92.5071953752,94.6154855864,90.8377348008,94.6154855864,2130392,0.0,1.0
PPG,2020-03-12 00:00:00+00:00,89.9,92.31,86.44,87.51,2981390,85.7625746544,88.0616603598,82.4618126043,83.4825684984,2981390,0.0,1.0
PPG,2020-03-13 00:00:00+00:00,94.19,95.33,90.11,94.31,2716100,89.8551380055,90.9426723226,85.9629099233,89.969615302,2716100,0.0,1.0
PPG,2020-03-16 00:00:00+00:00,82.42,88.56,81.2,82.93,2741800,78.6268231703,84.4842448431,77.4629706556,79.1133516806,2741800,0.0,1.0
PPG,2020-03-17 00:00:00+00:00,82.62,84.33,79.61,84.33,3407258,78.8176186646,80.4489201402,75.9461464765,80.4489201402,3407258,0.0,1.0
PPG,2020-03-18 00:00:00+00:00,72.92,80.0,70.31,78.55,3042516,69.5640371946,76.3181976902,67.074155995,74.9349303571,3042516,0.0,1.0
PPG,2020-03-19 00:00:00+00:00,76.56,78.83,69.77,72.21,2642130,73.0365151895,75.202044049,66.5590081606,68.8867131901,2642130,0.0,1.0
PPG,2020-03-20 00:00:00+00:00,79.72,80.46,71.75,77.11,4507291,76.0510839983,76.7570273269,68.4478835534,73.5612027986,4507291,0.0,1.0
PPG,2020-03-23 00:00:00+00:00,72.5,80.63,71.53,78.38,3042951,69.1633666567,76.919203497,68.2380085098,74.772754187,3042951,0.0,1.0
PPG,2020-03-24 00:00:00+00:00,82.05,82.24,75.62,75.82,2550547,78.273851506,78.4551072255,72.1397763667,72.3305718609,2550547,0.0,1.0
PPG,2020-03-25 00:00:00+00:00,85.71,89.58,77.77,77.77,3782669,81.7654090503,85.4573018636,74.1908279296,74.1908279296,3782669,0.0,1.0
PPG,2020-03-26 00:00:00+00:00,89.76,90.39,85.0,86.24,1984081,85.6290178084,86.2300236152,81.0880850458,82.27101711,1984081,0.0,1.0
PPG,2020-03-27 00:00:00+00:00,85.0,87.28,84.45,86.19,1669572,81.0880850458,83.26315368,80.5633974367,82.2233182365,1669572,0.0,1.0
PPG,2020-03-30 00:00:00+00:00,85.92,87.2,83.67,85.85,1576531,81.9657443193,83.1868354823,79.8192950092,81.8989658963,1576531,0.0,1.0
PPG,2020-03-31 00:00:00+00:00,83.6,87.33,83.12,85.14,1897066,79.7525165863,83.3108525536,79.2946074001,81.2216418918,1897066,0.0,1.0
PPG,2020-04-01 00:00:00+00:00,79.89,82.3,79.7,80.56,2031814,76.2132601684,78.5123458738,76.0320044489,76.852425074,2031814,0.0,1.0
PPG,2020-04-02 00:00:00+00:00,80.73,82.32,78.01,79.59,3956296,77.0146012441,78.5314254232,74.4197825227,75.927066927,3956296,0.0,1.0
PPG,2020-04-03 00:00:00+00:00,80.43,81.68,80.17,80.39,2421845,76.7284080028,77.9208798417,76.4803738603,76.6902489039,2421845,0.0,1.0
PPG,2020-04-06 00:00:00+00:00,86.63,87.68,84.0,84.39,2850124,82.6430683238,83.6447446685,80.1341075747,80.5061587885,2850124,0.0,1.0
PPG,2020-04-07 00:00:00+00:00,91.09,93.28,89.09,89.09,2115463,86.897807845,88.9870185068,84.9898529027,84.9898529027,2115463,0.0,1.0
PPG,2020-04-08 00:00:00+00:00,93.35,94.1,91.07,91.99,1722412,89.0537969298,89.7692800331,86.8787282956,87.756387569,1722412,0.0,1.0
PPG,2020-04-09 00:00:00+00:00,97.17,98.81,94.2,94.72,2184661,92.6979908695,94.2625139221,89.8646777802,90.3607460652,2184661,0.0,1.0
PPG,2020-04-13 00:00:00+00:00,93.68,96.99,93.02,95.92,1556859,89.3686094952,92.5262749247,88.7389843643,91.5055190306,1556859,0.0,1.0
PPG,2020-04-14 00:00:00+00:00,92.79,95.89,92.23,95.89,1960925,88.5195695459,91.4768997064,87.9853421621,91.4768997064,1960925,0.0,1.0
PPG,2020-04-15 00:00:00+00:00,88.48,91.53,87.8,90.41,1291667,84.4079266454,87.3175579323,83.759221965,86.2491031646,1291667,0.0,1.0
PPG,2020-04-16 00:00:00+00:00,88.9,89.48,86.3,88.9,1733032,84.8085971832,85.3619041165,82.3282557583,84.8085971832,1733032,0.0,1.0
PPG,2020-04-17 00:00:00+00:00,93.31,94.02,91.19,91.48,1345427,89.0156378309,89.6929618354,86.9932055921,87.2698590587,1345427,0.0,1.0
PPG,2020-04-20 00:00:00+00:00,91.1,93.3,90.17,91.63,1045806,86.9073476197,89.0060980562,86.0201485716,87.4129556794,1045806,0.0,1.0
PPG,2020-04-21 00:00:00+00:00,88.01,89.84,87.75,88.77,1511486,83.9595572339,85.7053360061,83.7115230914,84.684580112,1511486,0.0,1.0
PPG,2020-04-22 00:00:00+00:00,90.07,90.8,89.06,89.76,1287260,85.9247508245,86.6211543784,84.9612335786,85.6290178084,1287260,0.0,1.0
PPG,2020-04-23 00:00:00+00:00,90.52,92.66,90.46,90.86,1040226,86.3540406865,88.3955524747,86.2968020382,86.6783930266,1040226,0.0,1.0
PPG,2020-04-24 00:00:00+00:00,92.74,93.17,89.43,91.31,1782360,88.4718706724,88.8820809849,85.3142052429,87.1076828887,1782360,0.0,1.0
PPG,2020-04-27 00:00:00+00:00,96.0,96.64,93.15,93.35,1764100,91.5818372282,92.1923828098,88.8630014355,89.0537969298,1764100,0.0,1.0
PPG,2020-04-28 00:00:00+00:00,91.49,99.09,90.94,97.5,3226925,87.2793988335,94.529627614,86.7547112243,93.0128034349,3226925,0.0,1.0
PPG,2020-04-29 00:00:00+00:00,95.88,97.37,92.86,93.29,2614873,91.4673599317,92.8887863637,88.5863479689,88.9965582815,2614873,0.0,1.0
PPG,2020-04-30 00:00:00+00:00,90.83,94.19,90.53,94.19,2266319,86.6497737025,89.8551380055,86.3635804612,89.8551380055,2266319,0.0,1.0
PPG,2020-05-01 00:00:00+00:00,88.0,89.34,86.69,89.2,1729997,83.9500174592,85.2283472705,82.700306972,85.0947904246,1729997,0.0,1.0
PPG,2020-05-04 00:00:00+00:00,86.83,87.08,85.19,86.7,2776995,82.833863818,83.0723581858,81.2693407654,82.7098467468,2776995,0.0,1.0
PPG,2020-05-05 00:00:00+00:00,88.27,89.72,87.77,88.16,1983715,84.2075913764,85.5908587096,83.7306026409,84.1026538546,1983715,0.0,1.0
PPG,2020-05-06 00:00:00+00:00,88.8,91.56,88.32,89.55,1758659,84.7131994361,87.3461772564,84.25529025,85.4286825395,1758659,0.0,1.0
PPG,2020-05-07 00:00:00+00:00,90.36,90.94,89.52,89.93,1680675,86.2014042911,86.7547112243,85.4000632153,85.7911939785,1680675,0.0,1.0
PPG,2020-05-08 00:00:00+00:00,91.98,92.71,90.87,91.54,1818755,88.2333763046,88.9336411959,87.168589963,87.8112988359,1818755,0.51,1.0
PPG,2020-05-11 00:00:00+00:00,90.42,91.08,89.61,90.8,1600447,86.7369198245,87.3700360276,85.9599135753,87.1014412748,1600447,0.0,1.0
PPG,2020-05-12 00:00:00+00:00,87.63,91.58,87.6,90.93,1668717,84.060564966,87.8496695148,84.0317869567,87.2261459815,1668717,0.0,1.0
PPG,2020-05-13 00:00:00+00:00,84.24,87.48,83.6,87.01,1488777,80.8086499228,83.9166749198,80.1947190592,83.4658194419,1488777,0.0,1.0
PPG,2020-05-14 00:00:00+00:00,85.97,86.03,81.43,82.64,2149703,82.4681817885,82.525737807,78.1131097247,79.2738227638,2149703,0.0,1.0
PPG,2020-05-15 00:00:00+00:00,86.92,86.93,84.6,85.32,1889315,83.3794854142,83.3890780839,81.1539860336,81.8446582551,1889315,0.0,1.0
PPG,2020-05-18 00:00:00+00:00,91.85,92.63,89.95,90.86,1601808,88.1086715979,88.8568998379,86.2860643466,87.1589972933,1601808,0.0,1.0
PPG,2020-05-19 00:00:00+00:00,93.22,94.19,90.35,91.31,2714225,89.4228673528,90.353356318,86.6697711363,87.5906674317,2714225,0.0,1.0
PPG,2020-05-20 00:00:00+00:00,95.99,96.32,94.64,94.64,2277566,92.0800368719,92.3965949734,90.7850264565,90.7850264565,2277566,0.0,1.0
PPG,2020-05-21 00:00:00+00:00,95.09,96.44,94.61,95.6,3132774,91.2166965949,92.5117070104,90.7562484472,91.7059227519,3132774,0.0,1.0
PPG,2020-05-22 00:00:00+00:00,96.18,96.24,94.48,95.14,1046400,92.262297597,92.3198536155,90.6315437406,91.2646599437,1046400,0.0,1.0
PPG,2020-05-26 00:00:00+00:00,100.0,101.34,99.21,99.72,1696751,95.9266974392,97.2121151849,95.1688765294,95.6581026864,1696751,0.0,1.0
PPG,2020-05-27 00:00:00+00:00,102.35,104.29,101.73,102.61,1998635,98.180974829,100.0419527593,97.5862293049,98.4303842424,1998635,0.0,1.0
PPG,2020-05-28 00:00:00+00:00,102.64,103.18,100.92,103.16,2030319,98.4591622516,98.9771664178,96.8092230556,98.9579810783,2030319,0.0,1.0
PPG,2020-05-29 00:00:00+00:00,101.67,102.44,100.56,102.0,2772625,97.5286732864,98.2673088567,96.4638869449,97.845231388,2772625,0.0,1.0
PPG,2020-06-01 00:00:00+00:00,103.37,103.56,101.16,101.74,1659802,99.1594271429,99.341687868,97.0394471295,97.5958219746,1659802,0.0,1.0
PPG,2020-06-02 00:00:00+00:00,107.52,107.94,103.76,103.79,2752219,103.1403850866,103.5432772159,99.5335412629,99.5623192722,2752219,0.0,1.0
PPG,2020-06-03 00:00:00+00:00,111.68,112.76,108.52,109.16,2728764,107.1309357001,108.1669440325,104.099652061,104.7135829246,2728764,0.0,1.0
PPG,2020-06-04 00:00:00+00:00,111.12,111.7,109.49,110.06,1710530,106.5937461944,107.1501210396,105.0301410262,105.5769232016,1710530,0.0,1.0
PPG,2020-06-05 00:00:00+00:00,113.95,116.45,113.61,114.5,2057175,109.308471732,111.706639168,108.9823209607,109.8360685679,2057175,0.0,1.0
PPG,2020-06-08 00:00:00+00:00,113.4,116.38,112.65,114.86,1522471,108.7808748961,111.6394904797,108.0614246653,110.1814046787,1522471,0.0,1.0
PPG,2020-06-09 00:00:00+00:00,111.42,112.17,109.72,111.89,1559506,106.8815262868,107.6009765176,105.2507724303,107.3323817647,1559506,0.0,1.0
PPG,2020-06-10 00:00:00+00:00,109.04,111.63,108.33,111.33,1826162,104.5984708877,107.0829723514,103.9173913359,106.7951922591,1826162,0.0,1.0
PPG,2020-06-11 00:00:00+00:00,99.56,105.77,99.3,105.77,2452539,95.5046199705,101.4616678814,95.2552105571,101.4616678814,2452539,0.0,1.0
PPG,2020-06-12 00:00:00+00:00,101.63,104.37,100.17,102.59,1224591,97.4903026075,100.1186941173,96.0897728249,98.4111989029,1224591,0.0,1.0
PPG,2020-06-15 00:00:00+00:00,103.2,103.71,98.41,98.97,1068692,98.9963517573,99.4855779142,94.4014629499,94.9386524556,1068692,0.0,1.0
PPG,2020-06-16 00:00:00+00:00,104.76,107.83,103.74,106.46,816641,100.4928082373,103.4377578487,99.5143559234,102.1235620938,816641,0.0,1.0
PPG,2020-06-17 00:00:00+00:00,104.87,106.3,104.17,105.58,848309,100.5983276045,101.9700793779,99.9268407224,101.2794071563,848309,0.0,1.0
PPG,2020-06-18 00:00:00+00:00,104.42,105.54,103.93,104.26,876333,100.166657466,101.2410364773,99.6966166486,100.0131747501,876333,0.0,1.0
PPG,2020-06-19 00:00:00+00:00,103.72,107.61,102.88,107.36,1809082,99.4951705839,103.2267191143,98.6893863255,102.9869023707,1809082,0.0,1.0
PPG,2020-06-22 00:00:00+00:00,103.67,104.4,101.89,103.26,856361,99.4472072352,100.1474721265,97.7397120208,99.0539077757,856361,0.0,1.0
PPG,2020-06-23 00:00:00+00:00,103.69,105.51,103.48,105.11,1097913,99.4663925747,101.2122584681,99.2649465101,100.8285516784,1097913,0.0,1.0
PPG,2020-06-24 00:00:00+00:00,101.88,102.94,100.4,102.42,1238365,97.7301193511,98.7469423439,96.310404229,98.2481235172,1238365,0.0,1.0
PPG,2020-06-25 00:00:00+00:00,102.77,102.9,100.14,101.73,899554,98.5838669583,98.7085716649,96.0609948156,97.5862293049,899554,0.0,1.0
PPG,2020-06-26 00:00:00+00:00,102.14,103.2,101.19,102.24,3616738,97.9795287644,98.9963517573,97.0682251387,98.0754554618,3616738,0.0,1.0
PPG,2020-06-29 00:00:00+00:00,103.94,104.98,102.55,103.3,1218840,99.7062093183,100.7038469717,98.3728282239,99.0922784547,1218840,0.0,1.0
PPG,2020-06-30 00:00:00+00:00,106.06,106.98,104.1,105.23,1259334,101.739855304,102.6223809205,99.8596920342,100.9436637153,1259334,0.0,1.0
PPG,2020-07-01 00:00:00+00:00,106.35,107.02,105.1,106.17,1382679,102.0180427266,102.6607515994,100.8189590086,101.8453746712,1382679,0.0,1.0
PPG,2020-07-02 00:00:00+00:00,109.07,110.12,107.81,108.11,1395443,104.6272488969,105.6344792201,103.4185725092,103.7063526015,1395443,0.0,1.0
PPG,2020-07-06 00:00:00+00:00,109.88,111.85,107.85,110.85,1606105,105.4042551462,107.2940110858,103.4569431882,106.3347441114,1606105,0.0,1.0
PPG,2020-07-07 00:00:00+00:00,108.42,109.27,107.47,108.89,1641834,104.0037253636,104.8191022918,103.0924217379,104.4545808416,1641834,0.0,1.0
PPG,2020-07-08 00:00:00+00:00,106.47,109.11,105.19,108.18,1314676,102.1331547635,104.6656195759,100.9052930363,103.7735012897,1314676,0.0,1.0
PPG,2020-07-09 00:00:00+00:00,105.08,106.5,103.58,106.5,1326033,100.7997736691,102.1619327728,99.3608732075,102.1619327728,1326033,0.0,1.0
PPG,2020-07-10 00:00:00+00:00,107.04,107.1,104.87,105.52,738495,102.6799369389,102.7374929574,100.5983276045,101.2218511379,738495,0.0,1.0
PPG,2020-07-13 00:00:00+00:00,109.38,110.82,107.76,108.32,1926918,104.924621659,106.3059661021,103.3706091605,103.9077986661,1926918,0.0,1.0
PPG,2020-07-14 00:00:00+00:00,111.72,112.24,108.14,108.99,1602057,107.1693063791,107.6681252058,103.7351306108,104.550507539,1602057,0.0,1.0
PPG,2020-07-15 00:00:00+00:00,115.62,116.18,112.94,113.57,1532081,110.9104475792,111.4476370849,108.3396120878,108.9439502817,1532081,0.0,1.0
PPG,2020-07-16 00:00:00+00:00,115.26,115.91,113.35,115.23,1918703,110.5651114684,111.1886350018,108.7329115473,110.5363334592,1918703,0.0,1.0
PPG,2020-07-17 00:00:00+00:00,111.88,119.03,110.56,118.81,5558145,107.322789095,114.1815479619,106.0565566888,113.9705092275,5558145,0.0,1.0
PPG,2020-07-20 00:00:00+00:00,109.39,112.91,109.14,112.84,2060732,104.9342143287,108.3108340786,104.6943975852,108.2436853904,2060732,0.0,1.0
PPG,2020-07-21 00:00:00+00:00,110.16,111.41,109.75,109.92,1544975,105.672849899,106.871933617,105.2795504395,105.4426258252,1544975,0.0,1.0
PPG,2020-07-22 00:00:00+00:00,111.68,112.0099,109.48,109.76,1935581,107.1309357001,107.447397875,105.0205483564,105.2891431093,1935581,0.0,1.0
PPG,2020-07-23 00:00:00+00:00,110.83,112.33,110.2,111.48,1187056,106.3155587719,107.7544592335,105.711220578,106.9390823052,1187056,0.0,1.0
PPG,2020-07-24 00:00:00+00:00,110.56,111.67,110.07,110.65,957047,106.0565566888,107.1213430304,105.5865158713,106.1428907165,957047,0.0,1.0
PPG,2020-07-27 00:00:00+00:00,110.23,111.58,109.65,110.59,1429082,105.7399985872,107.0350090027,105.1836237421,106.085334698,1429082,0.0,1.0
PPG,2020-07-28 00:00:00+00:00,108.58,110.58,108.35,109.85,1237329,104.1572080795,106.0757420283,103.9365766754,105.375477137,1237329,0.0,1.0
PPG,2020-07-29 00:00:00+00:00,110.41,110.56,108.39,109.79,1364173,105.9126666426,106.0565566888,103.9749473544,105.3179211185,1364173,0.0,1.0
PPG,2020-07-30 00:00:00+00:00,108.2,108.94,107.575,108.55,1112106,103.7926866292,104.5025441903,103.1931447702,104.1284300703,1112106,0.0,1.0
PPG,2020-07-31 00:00:00+00:00,107.65,108.27,105.94,108.12,1293617,103.2650897933,103.8598353174,101.6247432671,103.7159452713,1293617,0.0,1.0
PPG,2020-08-03 00:00:00+00:00,107.38,108.78,107.06,107.84,1185352,103.0060877102,104.3490614744,102.6991222784,103.4473505184,1185352,0.0,1.0
PPG,2020-08-04 00:00:00+00:00,107.79,108.45,106.93,107.11,1211045,103.3993871697,104.0325033728,102.5744175717,102.7470856271,1211045,0.0,1.0
PPG,2020-08-05 00:00:00+00:00,111.66,112.56,108.41,108.41,2125840,107.1117503606,107.9750906376,103.9941326938,103.9941326938,2125840,0.0,1.0
PPG,2020-08-06 00:00:00+00:00,111.44,112.43,110.4,111.75,1516296,106.9007116263,107.8503859309,105.9030739729,107.1980843883,1516296,0.0,1.0
PPG,2020-08-07 00:00:00+00:00,113.71,113.73,110.435,110.56,1548478,109.5962518243,109.6155282735,106.4397332707,106.5602110781,1548478,0.54,1.0
PPG,2020-08-10 00:00:00+00:00,115.74,115.92,113.5,113.54,841428,111.5528114163,111.7262994589,109.3938491079,109.4324020062,841428,0.0,1.0
PPG,2020-08-11 00:00:00+00:00,120.89,123.6,119.46,119.55,3354293,116.5164970806,119.1284559448,115.1382309641,115.2249749854,3354293,0.0,1.0
PPG,2020-08-12 00:00:00+00:00,120.99,122.47,119.1511,122.11,1581146,116.6128793265,118.039336566,114.8405062065,117.6923604807,1581146,0.0,1.0
PPG,2020-08-13 00:00:00+00:00,118.81,120.68,118.65,120.01,1085027,114.5117463657,116.3140943642,114.3575347723,115.6683333166,1085027,0.0,1.0
PPG,2020-08-14 00:00:00+00:00,118.98,119.95,117.66,118.33,871920,114.6755961838,115.6105039691,113.4033505377,114.0491115853,871920,0.0,1.0
PPG,2020-08-17 00:00:00+00:00,118.92,120.13,118.565,119.86,838716,114.6177668362,115.7839920117,114.2756098632,115.5237599478,838716,0.0,1.0
PPG,2020-08-18 00:00:00+00:00,118.69,119.43,118.26,119.16,957440,114.3960876706,115.1093162903,113.9816440132,114.8490842264,957440,0.0,1.0
PPG,2020-08-19 00:00:00+00:00,118.64,119.7,118.18,119.23,1103981,114.3478965477,115.3695483543,113.9045382165,114.9165517985,1103981,0.0,1.0
PPG,2020-08-20 00:00:00+00:00,118.24,118.65,117.35,117.68,736274,113.962367564,114.3575347723,113.1045655754,113.4226269869,736274,0.0,1.0
PPG,2020-08-21 00:00:00+00:00,118.23,118.66,117.3016,117.98,940811,113.9527293394,114.3671729968,113.0579165684,113.7117737247,940811,0.0,1.0
PPG,2020-08-24 00:00:00+00:00,121.08,121.16,118.775,119.16,736225,116.6996233479,116.7767291446,114.4780125796,114.8490842264,736225,0.0,1.0
PPG,2020-08-25 00:00:00+00:00,119.82,121.71,119.27,121.53,850159,115.4852070494,117.3068314971,114.9551046969,117.1333434545,850159,0.0,1.0
PPG,2020-08-26 00:00:00+00:00,119.95,120.88,119.37,119.58,620033,115.6105039691,116.506858856,115.0514869428,115.2538896592,620033,0.0,1.0
PPG,2020-08-27 00:00:00+00:00,120.79,121.54,120.05,120.94,941471,116.4201148347,117.142981679,115.706886215,116.5646882036,941471,0.0,1.0
PPG,2020-08-28 00:00:00+00:00,122.12,122.3,120.12,120.95,876993,117.7019987053,117.875486748,115.7743537871,116.5743264282,876993,0.0,1.0
PPG,2020-08-31 00:00:00+00:00,120.4,122.3,119.96,122.1,938067,116.0442240757,117.875486748,115.6201421937,117.6827222561,938067,0.0,1.0
PPG,2020-09-01 00:00:00+00:00,124.0,124.0,119.5,119.94,1539657,119.5139849284,119.5139849284,115.1767838625,115.6008657445,1539657,0.0,1.0
PPG,2020-09-02 00:00:00+00:00,125.98,126.295,123.52,123.65,1475407,121.4223533975,121.7259574721,119.0513501481,119.1766470678,1475407,0.0,1.0
PPG,2020-09-03 00:00:00+00:00,122.79,126.05,121.2325,125.77,1486557,118.3477597529,121.4898209696,116.8466062729,121.219950681,1486557,0.0,1.0
PPG,2020-09-04 00:00:00+00:00,122.61,124.81,121.9,123.78,1230236,118.1742717103,120.2946811203,117.4899577643,119.3019439874,1230236,0.0,1.0
PPG,2020-09-08 00:00:00+00:00,120.99,121.975,119.391,121.7,1329489,116.6128793265,117.5622444488,115.0717272144,117.2971932725,1329489,0.0,1.0
PPG,2020-09-09 00:00:00+00:00,125.34,126.07,122.53,122.64,1789761,120.8055070236,121.5090974188,118.0971659136,118.2031863841,1789761,0.0,1.0
PPG,2020-09-10 00:00:00+00:00,125.74,127.41,125.37,125.75,1723165,121.1910360073,122.800619514,120.8344216974,121.2006742319,1723165,0.0,1.0
PPG,2020-09-11 00:00:00+00:00,127.1,127.6,125.09,125.94,1263206,122.5018345516,122.9837457812,120.5645514089,121.3838004991,1263206,0.0,1.0
PPG,2020-09-14 00:00:00+00:00,130.21,131.05,127.64,128.0,1779900,125.4993223994,126.3089332651,123.0222986796,123.3692747648,1779900,0.0,1.0
PPG,2020-09-15 00:00:00+00:00,129.92,131.09,128.88,130.61,1410953,125.2198138863,126.3474861635,124.2174385288,125.8848513831,1410953,0.0,1.0
PPG,2020-09-16 00:00:00+00:00,129.04,131.0,129.0,130.06,1325078,124.3716501223,126.2607421421,124.3330972239,125.3547490306,1325078,0.0,1.0
PPG,2020-09-17 00:00:00+00:00,129.25,130.0,127.11,127.98,1115758,124.5740528387,125.296919683,122.5114727762,123.3499983157,1115758,0.0,1.0
PPG,2020-09-18 00:00:00+00:00,125.77,129.27,125.37,128.62,1916795,121.219950681,124.5933292879,120.8344216974,123.9668446895,1916795,0.0,1.0
PPG,2020-09-21 00:00:00+00:00,120.08,123.89,118.8,123.57,1441459,115.7358008888,119.4079644579,114.5021081411,119.099541271,1441459,0.0,1.0
PPG,2020-09-22 00:00:00+00:00,120.82,121.19,119.335,119.78,1362210,116.4490295085,116.8056438184,115.0177531567,115.446654151,1362210,0.0,1.0
PPG,2020-09-23 00:00:00+00:00,118.32,121.15,117.755,120.36,1795863,114.0394733607,116.76709092,113.4949136714,116.0056711773,1795863,0.0,1.0
PPG,2020-09-24 00:00:00+00:00,118.95,120.09,116.95,118.65,1066589,114.64668151,115.7454391134,112.7190365918,114.3575347723,1066589,0.0,1.0
PPG,2020-09-25 00:00:00+00:00,120.25,120.72,118.03,118.25,789594,115.8996507068,116.3526472626,113.7599648476,113.9720057886,789594,0.0,1.0
PPG,2020-09-28 00:00:00+00:00,121.74,123.63,121.63,122.38,1094330,117.3357461709,119.1573706186,117.2297257004,117.9525925447,1094330,0.0,1.0
PPG,2020-09-29 00:00:00+00:00,120.33,122.77,120.29,122.2,688578,115.9767565035,118.3284833037,115.9382036052,117.7791045021,688578,0.0,1.0
PPG,2020-09-30 00:00:00+00:00,122.08,123.6,120.19,121.12,1477418,117.663445807,119.1284559448,115.8418213593,116.7381762462,1477418,0.0,1.0
PPG,2020-10-01 00:00:00+00:00,121.78,124.01,121.195,122.41,1409118,117.3742990692,119.523623153,116.8104629307,117.9815072185,1409118,0.0,1.0
PPG,2020-10-02 00:00:00+00:00,123.27,123.88,120.0,120.19,1356244,118.8103945333,119.3983262333,115.658695092,115.8418213593,1356244,0.0,1.0
PPG,2020-10-05 00:00:00+00:00,125.92,126.485,124.2,124.2,1459631,121.3645240499,121.9090837393,119.7067494203,119.7067494203,1459631,0.0,1.0
PPG,2020-10-06 00:00:00+00:00,124.55,129.04,124.37,127.0,1714813,120.0440872809,124.3716501223,119.8705992383,122.4054523057,1714813,0.0,1.0
PPG,2020-10-07 00:00:00+00:00,128.94,129.68,126.45,126.56,1383423,124.2752678764,124.9884964961,121.8753499532,121.9813704237,1383423,0.0,1.0
PPG,2020-10-08 00:00:00+00:00,134.99,136.51,131.3,132.23,3161648,130.1063937539,131.5714038918,126.5498888799,127.4462437668,3161648,0.0,1.0
PPG,2020-10-09 00:00:00+00:00,135.88,137.0,133.45,135.46,2083709,130.9641957425,132.0436768967,128.6221071669,130.5593903097,2083709,0.0,1.0
PPG,2020-10-12 00:00:00+00:00,136.05,137.08,134.51,136.35,1312070,131.1280455606,132.1207826935,129.6437589736,131.4171922983,1312070,0.0,1.0
PPG,2020-10-13 00:00:00+00:00,133.57,135.99,133.12,135.22,1322240,128.737765862,131.070216213,128.3040457554,130.3280729195,1322240,0.0,1.0
PPG,2020-10-14 00:00:00+00:00,134.59,135.72,133.8,133.8,946376,129.7208647703,130.8099841491,128.9594450276,128.9594450276,946376,0.0,1.0
PPG,2020-10-15 00:00:00+00:00,136.74,137.29,132.5,132.56,1261848,131.7930830574,132.3231854099,127.7064758308,127.7643051783,1261848,0.0,1.0
PPG,2020-10-16 00:00:00+00:00,137.16,138.39,136.08,137.34,1281514,132.1978884902,133.3833901149,131.1569602344,132.3713765328,1281514,0.0,1.0
PPG,2020-10-19 00:00:00+00:00,134.32,138.4,134.32,137.19,1490393,129.4606327064,133.3930283395,129.4606327064,132.226803164,1490393,0.0,1.0
PPG,2020-10-20 00:00:00+00:00,134.63,137.692,133.61,135.56,1684258,129.7594176687,132.7106420384,128.7763187604,130.6557725556,1684258,0.0,1.0
PPG,2020-10-21 00:00:00+00:00,134.03,137.48,133.96,134.97,1208245,129.1811241932,132.5063116771,129.1136566211,130.0871173048,1208245,0.0,1.0
PPG,2020-10-22 00:00:00+00:00,133.7,135.11,132.805,134.65,1128148,128.8630627817,130.222052449,128.0004416808,129.7786941179,1128148,0.0,1.0
PPG,2020-10-23 00:00:00+00:00,134.27,135.99,133.91,135.11,980625,129.4124415834,131.070216213,129.0654654981,130.222052449,980625,0.0,1.0
PPG,2020-10-26 00:00:00+00:00,131.33,132.82,129.46,132.5,1203737,126.5788035536,128.0148990177,124.7764555551,127.7064758308,1203737,0.0,1.0
PPG,2020-10-27 00:00:00+00:00,127.39,131.695,127.3,131.13,1193631,122.7813430648,126.9305987512,122.6945990435,126.3860390618,1193631,0.0,1.0
PPG,2020-10-28 00:00:00+00:00,125.21,127.58,124.5,124.62,1464520,120.6802101039,122.964469332,119.995896158,120.1115548531,1464520,0.0,1.0
PPG,2020-10-29 00:00:00+00:00,128.1,129.38,123.52,124.71,1238848,123.4656570107,124.6993497584,119.0513501481,120.1982988744,1238848,0.0,1.0
PPG,2020-10-30 00:00:00+00:00,129.72,130.01,126.7968,127.48,2202448,125.0270493945,125.3065579076,122.209603582,122.8680870861,2202448,0.0,1.0
PPG,2020-11-02 00:00:00+00:00,135.18,135.9,130.81,131.84,1938857,130.2895200212,130.9834721917,126.0776158749,127.0703530078,1938857,0.0,1.0
PPG,2020-11-03 00:00:00+00:00,136.86,138.03,134.64,136.46,1479547,131.9087417525,133.0364140296,129.7690558933,131.5232127688,1479547,0.0,1.0
PPG,2020-11-04 00:00:00+00:00,132.81,136.07,131.15,135.19,1866120,128.0052607931,131.1473220098,126.405315511,130.2991582458,1866120,0.0,1.0
PPG,2020-11-05 00:00:00+00:00,138.26,139.63,135.38,135.5,1176496,133.2580931952,134.5785299642,130.482284513,130.5979432081,1176496,0.0,1.0
PPG,2020-11-06 00:00:00+00:00,138.76,139.6,137.04,138.46,809801,133.7400044248,134.5496152904,132.0822297951,133.450857687,809801,0.0,1.0
PPG,2020-11-09 00:00:00+00:00,141.87,149.34,139.915,146.41,1783823,137.2579564005,144.4851146038,135.3665113821,141.6503658039,1783823,0.54,1.0
PPG,2020-11-10 00:00:00+00:00,142.82,143.97,140.895,142.11,1141455,138.1770729056,139.2896876223,136.3146526189,137.4901542544,1141455,0.0,1.0
PPG,2020-11-11 00:00:00+00:00,142.65,143.77,141.29,143.77,1105347,138.0125994257,139.0961894107,136.6968115868,139.0961894107,1105347,0.0,1.0
PPG,2020-11-12 00:00:00+00:00,139.87,142.225,138.41,141.75,768169,135.3229742844,137.6014157261,133.9104373397,137.1418574735,768169,0.0,1.0
PPG,2020-11-13 00:00:00+00:00,142.82,143.23,140.7,141.23,748898,138.1770729056,138.5737442394,136.1259918626,136.6387621233,748898,0.0,1.0
PPG,2020-11-16 00:00:00+00:00,144.27,145.67,142.895,145.0,1043756,139.5799349397,140.9344224209,138.2496347349,140.2862034121,1043756,0.0,1.0
PPG,2020-11-17 00:00:00+00:00,143.27,143.73,140.55,143.05,917060,138.6124438817,139.0574897684,135.9808682039,138.3995958489,917060,0.0,1.0
PPG,2020-11-18 00:00:00+00:00,142.8,144.87,142.69,144.08,873826,138.1577230844,140.1604295745,138.051299068,139.3961116387,873826,0.0,1.0
PPG,2020-11-19 00:00:00+00:00,143.22,143.78,140.66,142.03,745278,138.5640693288,139.1058643213,136.0872922203,137.4127549698,745278,0.0,1.0
PPG,2020-11-20 00:00:00+00:00,143.04,143.9,141.33,142.96,915460,138.3899209383,139.2219632482,136.7355112291,138.3125216537,915460,0.0,1.0
PPG,2020-11-23 00:00:00+00:00,144.78,145.69,143.55,144.19,822626,140.0733553793,140.9537722421,138.8833413779,139.5025356551,822626,0.0,1.0
PPG,2020-11-24 00:00:00+00:00,147.93,148.09,145.89,146.4,1454029,143.120952212,143.2757507813,141.1472704537,141.6406908933,1454029,0.0,1.0
PPG,2020-11-25 00:00:00+00:00,146.69,147.83,145.83,147.5,779185,141.9212633001,143.0242031062,141.0892209902,142.7049310571,779185,0.0,1.0
PPG,2020-11-27 00:00:00+00:00,147.78,147.895,146.42,146.99,321946,142.9758285533,143.087090025,141.6600407144,142.2115106175,321946,0.0,1.0
PPG,2020-11-30 00:00:00+00:00,146.77,147.35,144.355,147.3,1414908,141.9986625847,142.5598073984,139.6621716796,142.5114328455,1414908,0.0,1.0
PPG,2020-12-01 00:00:00+00:00,149.11,149.88,147.84,149.16,1250226,144.2625916605,145.0075597752,143.0338780168,144.3109662134,1250226,0.0,1.0
PPG,2020-12-02 00:00:00+00:00,147.11,149.2999,146.86,148.63,801301,142.3276095445,144.4463182124,142.08573678,143.7981959526,801301,0.0,1.0
PPG,2020-12-03 00:00:00+00:00,145.43,148.03,145.16,147.16,992772,140.702224567,143.2177013178,140.4410019813,142.3759840974,992772,0.0,1.0
PPG,2020-12-04 00:00:00+00:00,146.93,147.74,146.025,146.28,1112557,142.153461154,142.937128911,141.2778817465,141.5245919663,1112557,0.0,1.0
PPG,2020-12-07 00:00:00+00:00,144.9,146.9,144.72,146.5,917061,140.1894543063,142.1244364223,140.0153059158,141.7374399991,917061,0.0,1.0
PPG,2020-12-08 00:00:00+00:00,144.88,145.83,143.97,144.18,1024296,140.1701044851,141.0892209902,139.2896876223,139.4928607445,1024296,0.0,1.0
PPG,2020-12-09 00:00:00+00:00,145.39,145.81,143.5176,145.2,959134,140.6635249247,141.069871169,138.8519946677,140.4797016237,959134,0.0,1.0
PPG,2020-12-10 00:00:00+00:00,143.33,145.44,142.61,144.46,1115213,138.6704933452,140.7118994776,137.9738997834,139.7637582407,1115213,0.0,1.0
PPG,2020-12-11 00:00:00+00:00,142.93,143.46,141.42,142.34,1223751,138.283496922,138.7962671827,136.8225854244,137.7126771977,1223751,0.0,1.0
PPG,2020-12-14 00:00:00+00:00,141.76,144.01,141.365,143.8,995700,137.1515323841,139.3283872646,136.7693734162,139.1252141424,995700,0.0,1.0
PPG,2020-12-15 00:00:00+00:00,144.12,144.69,142.43,143.19,1210007,139.434811281,139.9862811841,137.799751393,138.5350445971,1210007,0.0,1.0
PPG,2020-12-16 00:00:00+00:00,142.89,145.34,142.18,144.86,1166139,138.2447972796,140.6151503718,137.5578786285,140.1507546639,1166139,0.0,1.0
PPG,2020-12-17 00:00:00+00:00,144.29,144.6,142.58,144.05,850716,139.5992847609,139.8992069889,137.9448750517,139.3670869069,850716,0.0,1.0
PPG,2020-12-18 00:00:00+00:00,145.43,145.91,142.37,144.255,2417457,140.702224567,141.1666202749,137.7417019295,139.5654225738,2417457,0.0,1.0
PPG,2020-12-21 00:00:00+00:00,146.1,146.81,142.33,143.67,900196,141.3504435759,142.0373622271,137.7030022872,138.9994403049,900196,0.0,1.0
PPG,2020-12-22 00:00:00+00:00,144.7,146.52,143.89,146.51,1079700,139.9959560947,141.7567898202,139.2122883377,141.7471149097,1079700,0.0,1.0
PPG,2020-12-23 00:00:00+00:00,143.87,146.11,143.87,144.71,948369,139.1929385165,141.3601184865,139.1929385165,140.0056310052,948369,0.0,1.0
PPG,2020-12-24 00:00:00+00:00,145.0,145.31,143.15,143.8,300841,140.2862034121,140.58612564,138.4963449547,139.1252141424,300841,0.0,1.0
PPG,2020-12-28 00:00:00+00:00,143.17,146.95,143.17,145.64,1143314,138.5156947759,142.1728109752,138.5156947759,140.9053976892,1143314,0.0,1.0
PPG,2020-12-29 00:00:00+00:00,142.9,144.04,141.32,143.81,884613,138.2544721902,139.3574119964,136.7258363186,139.134889053,884613,0.0,1.0
PPG,2020-12-30 00:00:00+00:00,143.22,144.32,142.855,143.21,987768,138.5640693288,139.6283094926,138.2109350926,138.5543944182,987768,0.0,1.0
PPG,2020-12-31 00:00:00+00:00,144.22,144.44,141.93,143.04,930016,139.5315603868,139.7444084196,137.316005864,138.3899209383,930016,0.0,1.0
PPG,2021-01-04 00:00:00+00:00,141.31,145.0,140.8259,144.66,1223420,136.716161408,140.2862034121,136.2477989868,139.9572564523,1223420,0.0,1.0
PPG,2021-01-05 00:00:00+00:00,144.34,144.765,141.575,141.61,1316415,139.6476593138,140.0588430134,136.9725465384,137.0064087254,1316415,0.0,1.0
PPG,2021-01-06 00:00:00+00:00,148.93,149.81,145.49,145.49,1871597,144.0884432701,144.9398354011,140.7602740305,140.7602740305,1871597,0.0,1.0
PPG,2021-01-07 00:00:00+00:00,150.83,151.32,149.435,149.73,1537092,145.9266762803,146.4007468987,144.5770262543,144.8624361165,1537092,0.0,1.0
PPG,2021-01-08 00:00:00+00:00,148.3,150.95,147.43,150.61,1141435,143.4789239035,146.0427752072,142.637206683,145.7138282475,1141435,0.0,1.0
PPG,2021-01-11 00:00:00+00:00,149.45,149.96,146.35,146.92,1116021,144.5915386202,145.0849590598,141.5923163404,142.1437862434,1116021,0.0,1.0
PPG,2021-01-12 00:00:00+00:00,151.28,152.3,148.45,149.19,1069733,146.3620472564,147.3488881356,143.6240475622,144.3399909451,1069733,0.0,1.0
PPG,2021-01-13 00:00:00+00:00,152.01,153.06,149.91,150.88,1361349,147.0683157287,148.0841813397,145.0365845069,145.9750508332,1361349,0.0,1.0
PPG,2021-01-14 00:00:00+00:00,151.75,153.81,151.22,153.5,1635711,146.8167680537,148.8097996332,146.3039977929,148.5098774052,1635711,0.0,1.0
PPG,2021-01-15 00:00:00+00:00,148.04,150.9,146.43,150.36,2938499,143.2273762284,145.9944006543,141.669715625,145.471955483,2938499,0.0,1.0
PPG,2021-01-19 00:00:00+00:00,145.04,149.39,144.96,148.44,1904210,140.3249030544,144.5334891567,140.2475037697,143.6143726516,1904210,0.0,1.0
PPG,2021-01-20 00:00:00+00:00,144.55,146.41,142.77,146.0,1265263,139.850832436,141.6503658039,138.1286983527,141.2536944701,1265263,0.0,1.0
PPG,2021-01-21 00:00:00+00:00,143.53,145.28,142.61,145.12,1739055,138.8639915568,140.5571009083,137.9738997834,140.402302339,1739055,0.0,1.0
PPG,2021-01-22 00:00:00+00:00,137.82,142.18,137.56,138.75,2543013,133.3396176155,137.5578786285,133.0880699404,134.2393842995,2543013,0.0,1.0
PPG,2021-01-25 00:00:00+00:00,140.6,141.22,135.17,137.56,1941045,136.0292427568,136.6290872128,130.7757663118,133.0880699404,1941045,0.0,1.0
PPG,2021-01-26 00:00:00+00:00,141.01,143.25,140.65,142.72,1447284,136.4259140906,138.5930940605,136.0776173097,138.0803237998,1447284,0.0,1.0
PPG,2021-01-27 00:00:00+00:00,139.95,140.43,136.44,138.42,2281972,135.4003735691,135.8647692769,132.0044799555,133.9201122503,2281972,0.0,1.0
PPG,2021-01-28 00:00:00+00:00,139.14,143.15,139.07,141.52,1800957,134.6167058121,138.4963449547,134.548981438,136.9193345302,1800957,0.0,1.0
PPG,2021-01-29 00:00:00+00:00,134.71,138.215,133.78,137.95,1949148,130.3307204251,133.7217765834,129.4309537411,133.4653914531,1949148,0.0,1.0
PPG,2021-02-01 00:00:00+00:00,138.58,138.94,134.92,135.86,1962989,134.0749108196,134.4232076005,130.5338935473,131.4433351418,1962989,0.0,1.0
PPG,2021-02-02 00:00:00+00:00,140.53,142.4041,138.29,139.99,2197759,135.9615183827,137.7746933746,133.7943384128,135.4390732114,2197759,0.0,1.0
PPG,2021-02-03 00:00:00+00:00,139.91,141.44,139.32,139.93,1426842,135.3616739268,136.8419352455,134.7908542025,135.3810237479,1426842,0.0,1.0
PPG,2021-02-04 00:00:00+00:00,139.26,140.88,139.13,140.05,1681339,134.7328047391,136.300140253,134.6070309015,135.4971226749,1681339,0.0,1.0
PPG,2021-02-05 00:00:00+00:00,140.11,140.98,138.17,140.63,1921957,135.5551721384,136.3968893588,133.6782394858,136.0582674885,1921957,0.0,1.0
PPG,2021-02-08 00:00:00+00:00,140.22,141.7,139.61,141.4,1116841,135.6615961547,137.0934829206,135.0714266094,136.8032356032,1116841,0.0,1.0
PPG,2021-02-09 00:00:00+00:00,137.29,140.63,137.1,140.37,1523504,132.8268473548,136.0582674885,132.6430240537,135.8067198135,1523504,0.0,1.0
PPG,2021-02-10 00:00:00+00:00,137.96,138.89,136.96,138.35,1313563,133.4750663636,134.3748330476,132.5075753056,133.8523878763,1313563,0.0,1.0
PPG,2021-02-11 00:00:00+00:00,138.06,139.29,137.03,138.45,818693,133.5718154694,134.7618294708,132.5752996797,133.9491369821,818693,0.0,1.0
PPG,2021-02-12 00:00:00+00:00,138.55,138.865,136.78,137.09,927412,134.0458860879,134.3506457711,132.3334269152,132.6333491432,927412,0.0,1.0
PPG,2021-02-16 00:00:00+00:00,137.35,139.5,136.4,139.5,804546,132.8848968182,134.965002593,131.9657803131,134.965002593,804546,0.0,1.0
PPG,2021-02-17 00:00:00+00:00,136.6,137.65,134.75,136.19,916988,132.1592785247,133.1751441357,130.3694200674,131.762607191,916988,0.0,1.0
PPG,2021-02-18 00:00:00+00:00,136.29,136.74,134.67,135.51,939497,132.3818014681,132.8188974448,130.8082559521,131.6241684419,939497,0.54,1.0
PPG,2021-02-19 00:00:00+00:00,136.67,137.81,135.91,136.71,1331607,132.7509047373,133.8582145448,132.0126981989,132.789757713,1331607,0.0,1.0
PPG,2021-02-22 00:00:00+00:00,134.45,136.56,134.18,135.5,1828333,130.5945645857,132.6440590541,130.3323069997,131.6144551979,1828333,0.0,1.0
PPG,2021-02-23 00:00:00+00:00,134.97,135.81,132.1,134.77,1405018,131.0996532698,131.9155657596,128.3119522631,130.9053883913,1405018,0.0,1.0
PPG,2021-02-24 00:00:00+00:00,136.89,137.94,135.39,135.48,904259,132.9645961036,133.9844867159,131.5076095147,131.5950287101,904259,0.0,1.0
PPG,2021-02-25 00:00:00+00:00,134.97,137.11,133.96,136.5,1023256,131.0996532698,133.17828747,130.1186156333,132.5857795905,1023256,0.0,1.0
PPG,2021-02-26 00:00:00+00:00,134.82,136.0,133.68,135.37,1520279,130.953954611,132.1001173942,129.8466448034,131.4881830269,1520279,0.0,1.0
PPG,2021-03-01 00:00:00+00:00,137.85,138.87,136.03,136.03,962210,133.8970675205,134.887818401,132.129257126,132.129257126,962210,0.0,1.0
PPG,2021-03-02 00:00:00+00:00,140.77,142.385,137.96,137.96,2241952,136.7333347469,138.302023641,134.0039132037,134.0039132037,2241952,0.0,1.0
PPG,2021-03-03 00:00:00+00:00,139.62,141.4,139.57,140.76,1473640,135.6163116955,137.3452691143,135.5677454758,136.723621503,1473640,0.0,1.0
PPG,2021-03-04 00:00:00+00:00,137.83,140.3,135.08,139.59,1738697,133.8776410327,136.2768122824,131.206498953,135.5871719637,1738697,0.0,1.0
PPG,2021-03-05 00:00:00+00:00,142.61,142.805,138.105,138.66,1348875,138.5205716293,138.7099798859,134.1447552407,134.6838402786,1348875,0.0,1.0
PPG,2021-03-08 00:00:00+00:00,146.1,148.435,142.405,142.71,1693638,141.9104937595,144.1785362163,138.3214501289,138.6177040686,1693638,0.0,1.0
PPG,2021-03-09 00:00:00+00:00,146.07,148.07,145.74,146.97,1733125,141.8813540278,143.824002813,141.5608169782,142.7555459811,1733125,0.0,1.0
PPG,2021-03-10 00:00:00+00:00,148.48,149.99,146.36,146.57,1099034,144.2222458139,145.6889456468,142.1630381016,142.3670162241,1099034,0.0,1.0
PPG,2021-03-11 00:00:00+00:00,146.07,149.15,145.825,148.63,1263487,141.8813540278,144.873033157,141.6433795516,144.3679444728,1263487,0.0,1.0
PPG,2021-03-12 00:00:00+00:00,145.3,147.54,144.07,146.65,1322031,141.1334342454,143.3092008849,139.9387052425,142.4447221755,1322031,0.0,1.0
PPG,2021-03-15 00:00:00+00:00,145.05,145.51,142.69,144.76,1533774,140.8906031473,141.3374123679,138.5982775808,140.6089190734,1533774,0.0,1.0
PPG,2021-03-16 00:00:00+00:00,144.8,145.84,142.57,145.33,1196881,140.6477720491,141.6579494175,138.4817186536,141.1625739772,1196881,0.0,1.0
PPG,2021-03-17 00:00:00+00:00,146.56,146.94,144.495,145.17,1003046,142.3573029801,142.7264062493,140.3515181094,141.0071620744,1003046,0.0,1.0
PPG,2021-03-18 00:00:00+00:00,149.8,150.219,145.74,146.9,1259909,145.5043940122,145.9113789327,141.5608169782,142.6875532736,1259909,0.0,1.0
PPG,2021-03-19 00:00:00+00:00,147.42,149.25,147.28,149.2,1901702,143.1926419578,144.9701655962,143.0566565428,144.9215993766,1901702,0.0,1.0
PPG,2021-03-22 00:00:00+00:00,147.94,148.29,146.68,147.8,1054861,143.6977306419,144.0376941793,142.4738619072,143.561745227,1054861,0.0,1.0
PPG,2021-03-23 00:00:00+00:00,147.47,149.46,146.79,147.67,1364933,143.2412081774,145.1741437187,142.5807075904,143.4354730559,1364933,0.0,1.0
PPG,2021-03-24 00:00:00+00:00,148.16,150.525,147.49,147.49,1136330,143.9114220083,146.2086041968,143.2606346653,143.2606346653,1136330,0.0,1.0
PPG,2021-03-25 00:00:00+00:00,152.34,152.51,147.39,148.45,1408561,147.9715579694,148.1366831161,143.163502226,144.1931060822,1408561,0.0,1.0
PPG,2021-03-26 00:00:00+00:00,154.82,154.94,151.9261,153.37,1405475,150.380442463,150.4970013902,147.5695268033,148.9720220938,1405475,0.0,1.0
PPG,2021-03-29 00:00:00+00:00,155.52,156.205,154.165,154.98,1077435,151.0603695379,151.7257267468,149.7442249859,150.5358543659,1077435,0.0,1.0
PPG,2021-03-30 00:00:00+00:00,152.79,156.57,152.54,155.25,1416393,148.4086539461,152.0802601501,148.1658228479,150.7981119519,1416393,0.0,1.0
PPG,2021-03-31 00:00:00+00:00,150.26,153.12,149.9,152.41,1662597,145.9512032328,148.7291909956,145.6015264514,148.0395506769,1662597,0.0,1.0
PPG,2021-04-01 00:00:00+00:00,151.96,152.04,148.96,150.26,1670043,147.6024547002,147.6801606516,144.6884815224,145.9512032328,1670043,0.0,1.0
PPG,2021-04-05 00:00:00+00:00,153.56,154.11,151.45,151.5,2452163,149.1565737284,149.6908021443,147.10707926,147.1556454796,2452163,0.0,1.0
PPG,2021-04-06 00:00:00+00:00,153.57,154.03,152.28,153.37,1643476,149.1662869723,149.6130961929,147.9132785058,148.9720220938,1643476,0.0,1.0
PPG,2021-04-07 00:00:00+00:00,147.97,153.93,146.82,153.54,2148683,143.7268703737,149.5159637536,142.6098473222,149.1371472405,2148683,0.0,1.0
PPG,2021-04-08 00:00:00+00:00,148.05,150.01,146.73,148.04,1641194,143.8045763251,145.7083721346,142.5224281269,143.7948630812,1641194,0.0,1.0
PPG,2021-04-09 00:00:00+00:00,150.47,150.57,148.6,149.12,1014127,146.1551813552,146.2523137945,144.338804741,144.8438934252,1014127,0.0,1.0
PPG,2021-04-12 00:00:00+00:00,151.39,152.215,150.16,150.49,1256621,147.0487997964,147.8501424203,145.8540707935,146.1746078431,1256621,0.0,1.0
PPG,2021-04-13 00:00:00+00:00,151.07,151.445,149.24,150.67,1092088,146.7379759908,147.102222638,144.9604523523,146.3494462337,1092088,0.0,1.0
PPG,2021-04-14 00:00:00+00:00,150.87,152.47,150.26,150.74,1674534,146.5437111123,148.0978301404,145.9512032328,146.4174389412,1674534,0.0,1.0
PPG,2021-04-15 00:00:00+00:00,153.97,154.01,151.62,152.21,1852834,149.5548167293,149.593669705,147.2722044067,147.8452857983,1852834,0.0,1.0
PPG,2021-04-16 00:00:00+00:00,167.41,172.67,166.91,169.29,7097783,162.6094165659,167.718582871,162.1237543696,164.435506424,7097783,0.0,1.0
PPG,2021-04-19 00:00:00+00:00,168.78,169.9381,165.9,167.54,2069117,163.9401309838,165.0650217629,161.1427167331,162.735688737,2069117,0.0,1.0
PPG,2021-04-20 00:00:00+00:00,169.0,170.84,168.3,169.01,1399905,164.1538223502,165.9410592326,163.4738952754,164.1635355941,1399905,0.0,1.0
PPG,2021-04-21 00:00:00+00:00,173.57,173.88,169.225,169.92,1575328,168.5927748244,168.8938853861,164.3723703385,165.0474407914,1575328,0.0,1.0
PPG,2021-04-22 00:00:00+00:00,171.56,174.36,171.0,173.07,1242966,166.6404127952,169.3601210945,166.0964711354,168.1071126281,1242966,0.0,1.0
PPG,2021-04-23 00:00:00+00:00,174.65,175.07,171.22,171.5,1143238,169.6418051684,170.0497614133,166.3101625018,166.5821333317,1143238,0.0,1.0
PPG,2021-04-26 00:00:00+00:00,173.13,176.63,172.735,175.74,1076835,168.1653920916,171.5650274658,167.7817189566,170.7005487563,1076835,0.0,1.0
PPG,2021-04-27 00:00:00+00:00,172.23,172.95,171.0,172.0,1598805,167.2912001383,167.990553701,166.0964711354,167.067795528,1598805,0.0,1.0
PPG,2021-04-28 00:00:00+00:00,172.55,173.68,171.885,172.69,1211231,167.6020239439,168.6996205076,166.9560932228,167.7380093589,1211231,0.0,1.0
PPG,2021-04-29 00:00:00+00:00,173.19,173.41,171.54,172.7,754977,168.2236715552,168.4373629216,166.6209863074,167.7477226028,754977,0.0,1.0
PPG,2021-04-30 00:00:00+00:00,171.24,173.88,170.12,172.89,1777023,166.3295889896,168.8938853861,165.2417056699,167.9322742374,1777023,0.0,1.0
PPG,2021-05-03 00:00:00+00:00,173.01,173.99,172.11,172.64,654196,168.0488331645,169.0007310693,167.1746412112,167.6894431393,654196,0.0,1.0
PPG,2021-05-04 00:00:00+00:00,178.75,179.56,171.98,171.98,1945943,173.6242351781,174.4110079361,167.0483690401,167.0483690401,1945943,0.0,1.0
PPG,2021-05-05 00:00:00+00:00,179.04,179.82,176.39,177.65,994100,173.9059192519,174.6635522782,171.3319096115,172.5557783462,994100,0.0,1.0
PPG,2021-05-06 00:00:00+00:00,180.09,180.21,177.91,179.99,962551,174.9258098642,175.0423687913,172.8083226883,174.8286774249,962551,0.0,1.0
PPG,2021-05-07 00:00:00+00:00,179.49,179.82,177.88,179.55,723853,174.8675304006,175.1890317936,173.2989933014,174.9259851993,723853,0.54,1.0
PPG,2021-05-10 00:00:00+00:00,179.27,181.35,179.22,180.53,1171411,174.6531961386,176.6796291612,174.6044838063,175.8807469119,1171411,0.0,1.0
PPG,2021-05-11 00:00:00+00:00,178.99,179.63,176.41,179.46,953313,174.3804070779,175.003924931,171.8668507325,174.8383030012,953313,0.0,1.0
PPG,2021-05-12 00:00:00+00:00,173.85,178.62,173.42,178.17,1261435,169.37277932,174.019935819,168.9538532624,173.5815248285,1261435,0.0,1.0
PPG,2021-05-13 00:00:00+00:00,178.04,178.45,173.61,174.73,1147757,173.4548727646,173.8543138893,169.1389601251,170.230116368,1147757,0.0,1.0
PPG,2021-05-14 00:00:00+00:00,179.1,179.85,177.21,178.13,658536,174.4875742089,175.218259193,172.6462480489,173.5425549627,658536,0.0,1.0
PPG,2021-05-17 00:00:00+00:00,179.96,180.46,177.53,178.82,1046673,175.325426324,175.8125496467,172.9580069754,174.2147851481,1046673,0.0,1.0
PPG,2021-05-18 00:00:00+00:00,177.16,180.52,177.11,180.26,1275158,172.5975357166,175.8710044455,172.5488233843,175.6177003176,1275158,0.0,1.0
PPG,2021-05-19 00:00:00+00:00,176.35,176.62,173.95,176.04,948958,171.8083959337,172.071442528,169.4702039845,171.5063794736,948958,0.0,1.0
PPG,2021-05-20 00:00:00+00:00,177.48,178.87,176.49,176.66,1032867,172.9092946432,174.2634974804,171.9447904641,172.1104123938,1032867,0.0,1.0
PPG,2021-05-21 00:00:00+00:00,178.45,180.97,178.39,178.72,883118,173.8543138893,176.3094154359,173.7958590906,174.1173604836,883118,0.0,1.0
PPG,2021-05-24 00:00:00+00:00,179.57,180.39,178.33,179.77,700497,174.9454701322,175.7443523816,173.7374042918,175.1403194613,700497,0.0,1.0
PPG,2021-05-25 00:00:00+00:00,179.1,180.3,178.92,179.41,660086,174.4875742089,175.6566701835,174.3122098127,174.789590669,660086,0.0,1.0
PPG,2021-05-26 00:00:00+00:00,178.75,179.395,178.16,178.55,767553,174.1465878829,174.7749769693,173.5717823621,173.9517385538,767553,0.0,1.0
PPG,2021-05-27 00:00:00+00:00,180.79,181.14,179.42,179.96,3182790,176.1340510398,176.4750373657,174.7993331354,175.325426324,3182790,0.0,1.0
PPG,2021-05-28 00:00:00+00:00,179.72,181.35,178.55,180.81,883502,175.0916071291,176.6796291612,173.9517385538,176.1535359727,883502,0.0,1.0
PPG,2021-06-01 00:00:00+00:00,180.75,182.95,179.67,182.11,1227426,176.0950811739,178.238423794,175.0428947968,177.4200566118,1227426,0.0,1.0
PPG,2021-06-02 00:00:00+00:00,180.34,181.98,178.9,181.48,1332526,175.6956400493,177.2934045479,174.2927248798,176.8062812251,1332526,0.0,1.0
PPG,2021-06-03 00:00:00+00:00,180.99,181.11,178.83,179.51,1148150,176.3289003689,176.4458099663,174.2245276146,174.8870153335,1148150,0.0,1.0
PPG,2021-06-04 00:00:00+00:00,182.33,182.58,180.72,181.85,523990,177.6343908738,177.8779525352,176.0658537746,177.166752484,523990,0.0,1.0
PPG,2021-06-07 00:00:00+00:00,179.98,182.97,179.33,182.85,815825,175.3449112569,178.2579087269,174.7116509373,178.1409991295,815825,0.0,1.0
PPG,2021-06-08 00:00:00+00:00,179.07,179.57,177.24,179.3,1092109,174.4583468095,174.9454701322,172.6754754482,174.682423538,1092109,0.0,1.0
PPG,2021-06-09 00:00:00+00:00,177.11,178.9493,176.73,178.36,992847,172.5488233843,174.3407552394,172.178609659,173.7666316912,992847,0.0,1.0
PPG,2021-06-10 00:00:00+00:00,177.39,178.69,176.505,178.69,816518,172.8216124451,174.0881330842,171.9594041638,174.0881330842,816518,0.0,1.0
PPG,2021-06-11 00:00:00+00:00,177.53,178.922,176.61,178.4,556972,172.9580069754,174.314158306,172.0617000616,173.805601557,556972,0.0,1.0
PPG,2021-06-14 00:00:00+00:00,175.38,177.565,174.07,177.17,587994,170.8633766876,172.992105608,169.587113582,172.607278183,587994,0.0,1.0
PPG,2021-06-15 00:00:00+00:00,176.35,176.74,174.49,176.14,801641,171.8083959337,172.1883521255,169.9962971731,171.6038041382,801641,0.0,1.0
PPG,2021-06-16 00:00:00+00:00,174.72,176.28,174.23,175.67,758382,170.2203739016,171.7401986686,169.7429930453,171.1459082148,758382,0.0,1.0
PPG,2021-06-17 00:00:00+00:00,171.16,174.86,168.92,174.84,1223574,166.7520558436,170.3567684319,164.5697433577,170.337283499,1223574,0.0,1.0
PPG,2021-06-18 00:00:00+00:00,168.12,170.305,167.86,169.11,1777196,163.7903460413,165.9190749617,163.5370419135,164.7548502203,1777196,0.0,1.0
PPG,2021-06-21 00:00:00+00:00,171.64,172.17,169.15,169.79,976708,167.2196942334,167.7360449556,164.7938200861,165.4173379393,976708,0.0,1.0
PPG,2021-06-22 00:00:00+00:00,171.51,173.1,170.86,172.48,785042,167.0930421695,168.6420943359,166.45978185,168.0380614157,785042,0.0,1.0
PPG,2021-06-23 00:00:00+00:00,169.69,171.65,169.47,171.45,710483,165.3199132747,167.2294366999,165.1055790127,167.0345873708,710483,0.0,1.0
PPG,2021-06-24 00:00:00+00:00,169.52,170.74,168.42,170.49,794588,165.154291345,166.3428722525,164.0826200349,166.0993105911,794588,0.0,1.0
PPG,2021-06-25 00:00:00+00:00,167.21,170.755,166.68,170.0,3390518,162.9037815939,166.3574859522,162.3874308718,165.6219297348,3390518,0.0,1.0
PPG,2021-06-28 00:00:00+00:00,168.44,168.58,165.51,167.86,1762792,164.1021049678,164.2384994982,161.2475622965,163.5370419135,1762792,0.0,1.0
PPG,2021-06-29 00:00:00+00:00,168.56,170.85,167.98,169.54,871795,164.2190145653,166.4500393835,163.6539515109,165.1737762779,871795,0.0,1.0
PPG,2021-06-30 00:00:00+00:00,169.77,170.1,167.58,167.86,1143908,165.3978530064,165.7193543994,163.2642528527,163.5370419135,1143908,0.0,1.0
PPG,2021-07-01 00:00:00+00:00,169.99,171.38,169.14,170.95,758206,165.6121872684,166.9663901056,164.7840776197,166.547464048,758206,0.0,1.0
PPG,2021-07-02 00:00:00+00:00,170.66,170.92,168.66,169.81,608003,166.2649325209,166.5182366487,164.3164392299,165.4368228722,608003,0.0,1.0
PPG,2021-07-06 00:00:00+00:00,169.01,170.22,166.7,170.0,996281,164.6574255558,165.8362639968,162.4069158047,165.6219297348,996281,0.0,1.0
PPG,2021-07-07 00:00:00+00:00,172.3,172.52,168.59,168.59,941485,167.8626970195,168.0770312815,164.2482419647,164.2482419647,941485,0.0,1.0
PPG,2021-07-08 00:00:00+00:00,168.97,170.595,167.99,170.29,927696,164.61845569,166.2016064889,163.6636939774,165.904461262,927696,0.0,1.0
PPG,2021-07-09 00:00:00+00:00,171.41,172.31,169.91,170.95,852227,166.995617505,167.8724394859,165.5342475367,166.547464048,852227,0.0,1.0
PPG,2021-07-12 00:00:00+00:00,172.08,172.32,169.26,169.96,565089,167.6483627575,167.8821819524,164.9009872172,165.582959869,565089,0.0,1.0
PPG,2021-07-13 00:00:00+00:00,169.94,171.85,169.49,171.85,664891,165.5634749361,167.424286029,165.1250639456,167.424286029,664891,0.0,1.0
PPG,2021-07-14 00:00:00+00:00,170.09,171.5,168.86,170.03,640136,165.7096119329,167.0832997031,164.511288559,165.6511571342,640136,0.0,1.0
PPG,2021-07-15 00:00:00+00:00,171.48,171.805,169.21,169.21,680629,167.0638147702,167.3804449299,164.8522748849,164.8522748849,680629,0.0,1.0
PPG,2021-07-16 00:00:00+00:00,170.2,171.85,169.0562,171.85,957529,165.8167790639,167.424286029,164.7024357508,167.424286029,957529,0.0,1.0
PPG,2021-07-19 00:00:00+00:00,165.75,168.1399,164.18,167.07,1623412,161.4813814915,163.8097335495,159.951814258,162.7673870635,1623412,0.0,1.0
PPG,2021-07-20 00:00:00+00:00,158.49,159.13,152.35,154.8,4015702,154.4083508451,155.0318686982,148.4264764418,150.8133807232,4015702,0.0,1.0
PPG,2021-07-21 00:00:00+00:00,159.77,160.93,157.1,158.98,2045538,155.6553865514,156.7855126601,153.0541480079,154.8857317014,2045538,0.0,1.0
PPG,2021-07-22 00:00:00+00:00,160.5,160.98,159.32,160.15,1322401,156.3665866026,156.8342249924,155.2169755609,156.0256002767,1322401,0.0,1.0
PPG,2021-07-23 00:00:00+00:00,162.92,163.4,161.22,161.52,1156465,158.7242634847,159.1919018745,157.0680441873,157.360318181,1156465,0.0,1.0
PPG,2021-07-26 00:00:00+00:00,164.94,165.07,162.91,164.22,1428196,160.6922417086,160.8188937725,158.7145210182,159.9907841238,1428196,0.0,1.0
PPG,2021-07-27 00:00:00+00:00,165.14,165.68,162.75,163.89,1740618,160.8870910377,161.4131842263,158.558641555,159.6692827308,1740618,0.0,1.0
PPG,2021-07-28 00:00:00+00:00,163.35,165.8,162.72,165.24,1702795,159.1431895423,161.5300938237,158.5294141556,160.9845157022,1702795,0.0,1.0
PPG,2021-07-29 00:00:00+00:00,162.86,164.588,162.25,164.31,1455547,158.665808686,160.3493068894,158.0715182322,160.0784663219,1455547,0.0,1.0
PPG,2021-07-30 00:00:00+00:00,163.52,165.06,162.39,163.08,1297162,159.308811472,160.8091513061,158.2079127626,158.880142948,1297162,0.0,1.0
PPG,2021-08-02 00:00:00+00:00,163.3,166.85,163.0,164.8,849493,159.09447721,162.5530528015,158.8022032163,160.5558471782,849493,0.0,1.0
PPG,2021-08-03 00:00:00+00:00,165.63,165.71,162.29,163.82,844417,161.364471894,161.4424116256,158.110488098,159.6010854656,844417,0.0,1.0
PPG,2021-08-04 00:00:00+00:00,163.81,165.94,163.75,164.27,1212403,159.5913429992,161.6664883541,159.5328882005,160.0394964561,1212403,0.0,1.0
PPG,2021-08-05 00:00:00+00:00,162.95,165.92,162.8,165.26,1218084,158.7534908841,161.6470034212,158.6073538872,161.0040006352,1218084,0.0,1.0
PPG,2021-08-06 00:00:00+00:00,164.23,164.99,163.64,164.15,813186,160.0005265903,160.7409540409,159.4257210694,159.9225868587,813186,0.0,1.0
PPG,2021-08-09 00:00:00+00:00,164.3,164.58,162.36,163.98,738820,160.6435293763,160.9172980204,158.7467037708,160.3306509259,738820,0.59,1.0
PPG,2021-08-10 00:00:00+00:00,167.36,167.61,164.5,164.56,1026453,163.6354295583,163.8798658476,160.8390784078,160.8977431173,1026453,0.0,1.0
PPG,2021-08-11 00:00:00+00:00,170.19,170.26,166.59,167.63,998653,166.402448354,166.470890515,162.882565787,163.8994207508,998653,0.0,1.0
PPG,2021-08-12 00:00:00+00:00,170.39,170.62,167.86,169.76,909875,166.5979973855,166.8228787717,164.124302137,165.9820179362,909875,0.0,1.0
PPG,2021-08-13 00:00:00+00:00,169.78,170.43,168.895,170.43,526953,166.0015728394,166.6371071918,165.136268375,166.6371071918,526953,0.0,1.0
PPG,2021-08-16 00:00:00+00:00,169.39,169.7,167.61,169.29,579130,165.620252228,165.9233532268,163.8798658476,165.5224777122,579130,0.0,1.0
PPG,2021-08-17 00:00:00+00:00,166.59,168.46,164.34,168.37,816070,162.882565787,164.7109492315,160.6826391826,164.6229521673,816070,0.0,1.0
PPG,2021-08-18 00:00:00+00:00,164.51,166.55,164.4,165.96,648137,160.8488558594,162.8434559807,160.7413038921,162.2665863378,648137,0.0,1.0
PPG,2021-08-19 00:00:00+00:00,161.14,163.77,160.94,162.77,957970,157.5538546786,160.1253244429,157.3583056471,159.1475792854,957970,0.0,1.0
PPG,2021-08-20 00:00:00+00:00,161.12,162.53,159.87,161.42,1131629,157.5342997755,158.9129204476,156.3121183286,157.8276233227,1131629,0.0,1.0
PPG,2021-08-23 00:00:00+00:00,162.36,163.22,161.13,161.68,698803,158.7467037708,159.5875646062,157.5440772271,158.0818370637,698803,0.0,1.0
PPG,2021-08-24 00:00:00+00:00,162.88,163.49,162.19,162.98,649784,159.2551312527,159.8515557988,158.580487094,159.3529057684,649784,0.0,1.0
PPG,2021-08-25 00:00:00+00:00,163.39,163.665,161.1,163.21,885085,159.753781283,160.0226612013,157.5147448723,159.5777871547,885085,0.0,1.0
PPG,2021-08-26 00:00:00+00:00,161.15,163.27,161.01,163.23,662093,157.5636321302,159.6364518641,157.4267478082,159.5973420578,662093,0.0,1.0
PPG,2021-08-27 00:00:00+00:00,161.84,162.91,161.48,161.94,647270,158.2382762889,159.2844636074,157.8862880322,158.3360508046,647270,0.0,1.0
PPG,2021-08-30 00:00:00+00:00,161.71,163.03,161.67,162.87,495655,158.1111694184,159.4017930263,158.0720596121,159.2453538011,495655,0.0,1.0
PPG,2021-08-31 00:00:00+00:00,159.55,161.73,158.6804,161.42,1244867,155.9992398782,158.1307243216,155.1489926893,157.8276233227,1244867,0.0,1.0
PPG,2021-09-01 00:00:00+00:00,157.75,159.64,156.52,159.53,1057861,154.2392985947,156.0872369424,153.036672051,155.9796849751,1057861,0.0,1.0
PPG,2021-09-02 00:00:00+00:00,158.63,159.85,157.705,158.0,1037266,155.0997143333,156.2925634255,154.1953000626,154.4837348841,1037266,0.0,1.0
PPG,2021-09-03 00:00:00+00:00,155.66,158.93,155.35,158.26,1123027,152.1958112156,155.3930378806,151.8927102167,154.7379486251,1123027,0.0,1.0
PPG,2021-09-07 00:00:00+00:00,150.4,153.65,149.0,149.49,2030091,147.0528716872,150.230543449,145.6840284667,146.1631235938,2030091,0.0,1.0
PPG,2021-09-08 00:00:00+00:00,151.02,151.37,148.61,149.45,2772522,147.6590736848,148.0012844899,145.3027078552,146.1240137875,2772522,0.0,1.0
PPG,2021-09-09 00:00:00+00:00,154.56,155.61,148.92,148.92,2382581,151.1202915423,152.1469239577,145.6058088541,145.6058088541,2382581,0.0,1.0
PPG,2021-09-10 00:00:00+00:00,153.03,155.88,153.01,154.89,1276641,149.6243414514,152.4109151502,149.6047865482,151.4429474443,1276641,0.0,1.0
PPG,2021-09-13 00:00:00+00:00,152.51,154.99,151.62,154.5,1060881,149.1159139695,151.54072196,148.2457207793,151.0616268329,1060881,0.0,1.0
PPG,2021-09-14 00:00:00+00:00,150.33,153.27,149.97,153.27,967374,146.9844295261,149.8590002892,146.6324412694,149.8590002892,967374,0.0,1.0
PPG,2021-09-15 00:00:00+00:00,150.71,151.62,149.95,150.1,1001355,147.355972686,148.2457207793,146.6128863663,146.7595481399,1001355,0.0,1.0
PPG,2021-09-16 00:00:00+00:00,149.79,150.84,149.05,150.72,776525,146.4564471411,147.4830795564,145.7329157245,147.3657501375,776525,0.0,1.0
PPG,2021-09-17 00:00:00+00:00,146.74,149.7,146.35,148.75,1888085,143.4743244107,146.3684500769,143.0930037993,145.4395921773,1888085,0.0,1.0
PPG,2021-09-20 00:00:00+00:00,146.31,146.55,143.8001,144.14,1139595,143.053893993,143.2885528308,140.5998514222,140.9321870012,1139595,0.0,1.0
PPG,2021-09-21 00:00:00+00:00,145.66,147.9,145.27,147.3,854044,142.4183596406,144.6085087934,142.0370390292,144.0218616989,854044,0.0,1.0
PPG,2021-09-22 00:00:00+00:00,145.26,147.2988,145.15,146.82,950895,142.0272615776,144.0206884047,141.9197096103,143.5525440233,950895,0.0,1.0
PPG,2021-09-23 00:00:00+00:00,146.52,147.98,146.31,146.44,1040608,143.2592204761,144.686728406,143.053893993,143.1810008635,1040608,0.0,1.0
PPG,2021-09-24 00:00:00+00:00,148.58,149.18,146.26,146.6,1142526,145.2733755005,145.860022595,143.0050067351,143.3374400887,1142526,0.0,1.0
PPG,2021-09-27 00:00:00+00:00,148.16,150.3,147.94,148.83,980766,144.8627225344,146.9550971714,144.6476185997,145.5178117899,980766,0.0,1.0
PPG,2021-09-28 00:00:00+00:00,146.09,149.02,145.68,148.0,901382,142.8387900584,145.7035833698,142.4379145438,144.7062833092,901382,0.0,1.0
PPG,2021-09-29 00:00:00+00:00,145.75,147.49,144.87,145.67,973088,142.5063567048,144.2076332788,141.6459409662,142.4281370922,973088,0.0,1.0
PPG,2021-09-30 00:00:00+00:00,143.01,147.13,143.0,146.58,1089476,139.8273349733,143.8556450221,139.8175575217,143.3178851855,1089476,0.0,1.0
PPG,2021-10-01 00:00:00+00:00,144.01,145.27,141.81,143.64,1198748,140.8050801308,142.0370390292,138.6540407843,140.4433144225,1198748,0.0,1.0
PPG,2021-10-04 00:00:00+00:00,144.01,145.89,142.46,144.0,1416700,140.8050801308,142.6432410269,139.2895751366,140.7953026792,1416700,0.0,1.0
PPG,2021-10-05 00:00:00+00:00,145.85,147.015,143.52,144.66,1272758,142.6041312206,143.743204329,140.3259850036,141.4406144831,1272758,0.0,1.0
PPG,2021-10-06 00:00:00+00:00,146.75,146.88,143.08,144.6,1324283,143.4841018623,143.6112087328,139.8957771343,141.3819497737,1324283,0.0,1.0
PPG,2021-10-07 00:00:00+00:00,150.48,151.67,147.93,148.12,1726609,147.1310912998,148.2946080372,144.6378411481,144.8236127281,1726609,0.0,1.0
PPG,2021-10-08 00:00:00+00:00,150.74,151.31,149.39,150.47,976576,147.3853050407,147.9426197805,146.0653490781,147.1213138482,976576,0.0,1.0
PPG,2021-10-11 00:00:00+00:00,151.86,153.73,151.23,151.71,1272428,148.4803796171,150.3087630616,147.8644001679,148.3337178435,1272428,0.0,1.0
PPG,2021-10-12 00:00:00+00:00,152.8,153.3,151.0,151.74,1435824,149.3994600651,149.8883326439,147.6395187816,148.3630501982,1435824,0.0,1.0
PPG,2021-10-13 00:00:00+00:00,154.68,155.04,152.005,153.76,1287532,151.2376209612,151.5896092179,148.6221526649,150.3380954163,1287532,0.0,1.0
PPG,2021-10-14 00:00:00+00:00,158.88,159.06,155.06,155.82,1580401,155.3441506227,155.5201447511,151.6091641211,152.3522504408,1580401,0.0,1.0
PPG,2021-10-15 00:00:00+00:00,160.3,161.65,158.54,159.65,1369245,156.7325487463,158.052504709,155.0117172692,156.097014394,1369245,0.0,1.0
PPG,2021-10-18 00:00:00+00:00,157.4,159.87,157.33,159.45,1820674,153.8970877896,156.3121183286,153.8286456286,155.9014653625,1820674,0.0,1.0
PPG,2021-10-19 00:00:00+00:00,158.94,159.11,157.21,158.28,1258607,155.4028153322,155.5690320089,153.7113162097,154.7575035282,1258607,0.0,1.0
PPG,2021-10-20 00:00:00+00:00,160.43,161.19,156.57,160.56,1739141,156.8596556168,157.6027419365,153.0855593089,156.9867624873,1739141,0.0,1.0
PPG,2021-10-21 00:00:00+00:00,165.0,165.16,156.915,156.915,2543273,161.3279509866,161.4843902118,153.4228813882,153.4228813882,2543273,0.0,1.0
PPG,2021-10-22 00:00:00+00:00,161.72,164.95,161.52,162.44,1543685,158.12094687,161.2790637287,157.9253978385,158.8249233834,1543685,0.0,1.0
PPG,2021-10-25 00:00:00+00:00,160.07,162.2,158.49,162.2,1817743,156.5076673601,158.5902645456,154.9628300113,158.5902645456,1817743,0.0,1.0
PPG,2021-10-26 00:00:00+00:00,161.87,162.57,159.57,160.11,1004811,158.2676086436,158.9520302539,156.0187947814,156.5467771664,1004811,0.0,1.0
PPG,2021-10-27 00:00:00+00:00,161.52,162.8185,160.26,161.83,1048336,157.9253978385,159.1949999255,156.69343894,158.2284988373,1048336,0.0,1.0
PPG,2021-10-28 00:00:00+00:00,162.98,163.73,161.67,162.12,1270548,159.3529057684,160.0862146366,158.0720596121,158.512044933,1270548,0.0,1.0
PPG,2021-10-29 00:00:00+00:00,160.57,164.0,159.415,162.21,2067452,156.9965399389,160.3502058291,155.867244282,158.6000419972,2067452,0.0,1.0
PPG,2021-11-01 00:00:00+00:00,159.03,161.23,158.34,160.42,762844,155.4908123963,157.6418517428,154.8161682377,156.8498781652,762844,0.0,1.0
PPG,2021-11-02 00:00:00+00:00,161.89,162.29,159.41,160.12,1297959,158.2871635468,158.6782616098,155.8623555562,156.556554618,1297959,0.0,1.0
PPG,2021-11-03 00:00:00+00:00,162.81,163.61,160.04,161.24,1216357,159.1866890917,159.9688852177,156.4783350054,157.6516291944,1216357,0.0,1.0
PPG,2021-11-04 00:00:00+00:00,163.25,164.28,162.27,162.89,756147,159.616896961,160.6239744732,158.6587067066,159.2649087043,756147,0.0,1.0
PPG,2021-11-05 00:00:00+00:00,163.09,165.65,162.83,163.92,991032,159.4604577358,161.9634853389,159.2062439948,160.2719862165,991032,0.0,1.0
PPG,2021-11-08 00:00:00+00:00,162.47,164.8212,162.11,163.26,1129093,158.8542557381,161.1531301524,158.5022674814,159.6266744125,1129093,0.0,1.0
PPG,2021-11-09 00:00:00+00:00,161.45,163.9624,161.04,162.03,1151450,158.4338253204,160.8992891961,158.0314848535,159.0029898833,1151450,0.59,1.0
PPG,2021-11-10 00:00:00+00:00,160.73,163.37,160.47,161.6,2943403,157.7272762078,160.3179562873,157.4721334727,158.5810230522,2943403,0.0,1.0
PPG,2021-11-11 00:00:00+00:00,159.51,160.88,158.5,160.5,1985810,156.5300679892,157.8744739396,155.5389365951,157.501573019,1985810,0.0,1.0
PPG,2021-11-12 00:00:00+00:00,161.64,161.91,159.18,159.77,3064731,158.6202757807,158.8852316979,156.2062329792,156.7852107243,3064731,0.0,1.0
PPG,2021-11-15 00:00:00+00:00,162.93,162.94,160.2466,161.97,1091560,159.8861762741,159.8959894562,157.2529069841,158.9441107906,1091560,0.0,1.0
PPG,2021-11-16 00:00:00+00:00,164.84,166.97,162.93,163.4,1500709,161.7604940589,163.8507018504,159.8861762741,160.3473958337,1500709,0.0,1.0
PPG,2021-11-17 00:00:00+00:00,164.3,165.09,163.41,164.29,1000596,161.2305822245,162.0058236119,160.3572090158,161.2207690423,1000596,0.0,1.0
PPG,2021-11-18 00:00:00+00:00,162.35,164.87,162.03,164.45,916544,159.3170117111,161.7899336053,159.0029898833,161.3777799563,916544,0.0,1.0
PPG,2021-11-19 00:00:00+00:00,160.84,162.89,160.385,162.43,793762,157.8352212111,159.8469235456,157.3887214247,159.3955171681,793762,0.0,1.0
PPG,2021-11-22 00:00:00+00:00,161.29,163.02,161.22,161.44,585738,158.2768144065,159.9744949132,158.2081221316,158.4240121383,585738,0.0,1.0
PPG,2021-11-23 00:00:00+00:00,160.43,162.35,159.79,161.35,907145,157.4328807442,159.3170117111,156.8048370885,158.3356934992,907145,0.0,1.0
PPG,2021-11-24 00:00:00+00:00,158.76,160.25,158.04,159.72,846319,155.7940793302,157.256243466,155.0875302176,156.7361448137,846319,0.0,1.0
PPG,2021-11-26 00:00:00+00:00,155.6,156.39,153.11,155.12,695047,152.6931137804,153.4683551679,150.2496314327,152.2220810387,695047,0.0,1.0
PPG,2021-11-29 00:00:00+00:00,157.36,158.45,156.22,156.9,1277936,154.4202338335,155.4898706845,153.3015310719,153.968827456,1277936,0.0,1.0
PPG,2021-11-30 00:00:00+00:00,154.17,157.85,153.83,155.84,2322663,151.2898287373,154.9010797573,150.9561805453,152.9286301513,2322663,0.0,1.0
PPG,2021-12-01 00:00:00+00:00,153.48,159.05,153.4,156.35,1096587,150.6127191711,156.0786616117,150.5342137141,153.4291024394,1096587,0.0,1.0
PPG,2021-12-02 00:00:00+00:00,159.03,159.84,154.23,154.34,1173026,156.0590352474,156.8539029991,151.3487078301,151.4566528334,1173026,0.0,1.0
PPG,2021-12-03 00:00:00+00:00,160.39,161.985,158.45,158.83,1507465,157.3936280157,158.9588305638,155.4898706845,155.8627716051,1507465,0.0,1.0
PPG,2021-12-06 00:00:00+00:00,164.43,166.33,162.275,162.64,1256135,161.358153592,163.2226581947,159.2434128452,159.6015939926,1256135,0.0,1.0
PPG,2021-12-07 00:00:00+00:00,166.28,167.87,165.69,166.36,1160855,163.1735922841,164.7338882411,162.5946145391,163.2520977411,1160855,0.0,1.0
PPG,2021-12-08 00:00:00+00:00,164.82,167.23,163.56,166.45,926512,161.7408676947,164.1058445855,160.5044067476,163.3404163802,926512,0.0,1.0
PPG,2021-12-09 00:00:00+00:00,164.05,165.08,163.175,164.12,822255,160.9852526715,161.9960104298,160.126599236,161.0539449463,822255,0.0,1.0
PPG,2021-12-10 00:00:00+00:00,163.37,165.73,162.87,165.51,1095419,160.3179562873,162.6338672676,159.8272971814,162.4179772609,1095419,0.0,1.0
PPG,2021-12-13 00:00:00+00:00,162.81,164.57,162.14,163.31,946082,159.7684180886,161.4955381417,159.1109348866,160.2590771946,946082,0.0,1.0
PPG,2021-12-14 00:00:00+00:00,162.46,163.615,162.0,162.75,837582,159.4249567145,160.5583792493,158.973550337,159.7095389959,837582,0.0,1.0
PPG,2021-12-15 00:00:00+00:00,165.86,165.94,161.94,163.03,1000482,162.7614386351,162.8399440921,158.9146712442,159.9843080953,1000482,0.0,1.0
PPG,2021-12-16 00:00:00+00:00,169.32,170.43,166.62,167.39,1591898,166.1567996485,167.2460628638,163.5072404762,164.2628554994,1591898,0.0,1.0
PPG,2021-12-17 00:00:00+00:00,164.59,169.31,164.45,168.92,2367841,161.5151645059,166.1469864664,161.3777799563,165.7642723637,2367841,0.0,1.0
PPG,2021-12-20 00:00:00+00:00,160.68,162.26,158.25,162.26,865907,157.6782102972,159.2286930721,155.2936070421,159.2286930721,865907,0.0,1.0
PPG,2021-12-21 00:00:00+00:00,163.93,164.34,161.34,161.89,1085592,160.867494486,161.2698349529,158.3258803171,158.8656053336,1085592,0.0,1.0
PPG,2021-12-22 00:00:00+00:00,165.74,166.79,163.4,163.4,1051569,162.6436804497,163.6740645722,160.3473958337,160.3473958337,1051569,0.0,1.0
PPG,2021-12-23 00:00:00+00:00,167.06,168.32,166.31,166.31,709123,163.9390204895,165.1754814365,163.2030318305,163.2030318305,709123,0.0,1.0
PPG,2021-12-27 00:00:00+00:00,169.74,169.995,167.54,168.04,621610,166.5689532975,166.8191894416,164.4100532312,164.9007123372,621610,0.0,1.0
PPG,2021-12-28 00:00:00+00:00,171.19,171.87,169.95,169.99,609729,167.9918647048,168.659161089,166.775030122,166.8142828505,609729,0.0,1.0
PPG,2021-12-29 00:00:00+00:00,171.21,172.28,170.65,170.9,644924,168.0114910691,169.0615015559,167.4619528704,167.7072824234,644924,0.0,1.0
PPG,2021-12-30 00:00:00+00:00,171.09,172.78,170.96,171.38,635336,167.8937328836,169.5521606619,167.7661615161,168.1783151651,635336,0.0,1.0
PPG,2021-12-31 00:00:00+00:00,172.44,172.98,170.41,170.86,673407,169.2185124698,169.7484243042,167.2264364995,167.6680296949,673407,0.0,1.0
PPG,2022-01-03 00:00:00+00:00,170.6,172.91,169.6105,172.1,827632,167.4128869598,169.6797320294,166.4418725891,168.8848642777,827632,0.0,1.0
PPG,2022-01-04 00:00:00+00:00,171.25,172.9864,170.3,170.33,1802216,168.0507437976,169.7547047408,167.1184914962,167.1479310426,1802216,0.0,1.0
PPG,2022-01-05 00:00:00+00:00,173.1,177.32,171.23,172.08,1748979,169.8661824897,174.0073453441,168.0311174333,168.8652379135,1748979,0.0,1.0
PPG,2022-01-06 00:00:00+00:00,170.62,173.295,169.89,173.21,955439,167.432513324,170.057539541,166.7161510293,169.974127493,955439,0.0,1.0
PPG,2022-01-07 00:00:00+00:00,167.71,170.505,167.43,170.43,1113718,164.5768773272,167.3196617297,164.3021082279,167.2460628638,1113718,0.0,1.0
PPG,2022-01-10 00:00:00+00:00,166.19,167.499,164.9,167.01,1385861,163.0852736451,164.3698191845,161.8193731516,163.8899545789,1385861,0.0,1.0
PPG,2022-01-11 00:00:00+00:00,168.81,169.02,164.88,166.74,639980,165.6563273604,165.8624041849,161.7997467874,163.6249986616,639980,0.0,1.0
PPG,2022-01-12 00:00:00+00:00,168.45,169.585,167.03,169.51,1212531,165.3030528041,166.4168489747,163.9095809431,166.3432501088,1212531,0.0,1.0
PPG,2022-01-13 00:00:00+00:00,168.82,171.125,168.25,169.41,1156278,165.6661405425,167.9280790211,165.1067891617,166.2451182876,1156278,0.0,1.0
PPG,2022-01-14 00:00:00+00:00,165.0,168.07,164.17,165.51,1478969,161.9175049728,164.9301518835,161.1030108569,162.4179772609,1478969,0.0,1.0
PPG,2022-01-18 00:00:00+00:00,163.79,163.93,160.28,163.02,1629481,160.7301099364,160.867494486,157.2856830124,159.9744949132,1629481,0.0,1.0
PPG,2022-01-19 00:00:00+00:00,161.55,165.27,161.435,165.27,1258954,158.5319571416,162.1824608901,158.4191055472,162.1824608901,1258954,0.0,1.0
PPG,2022-01-20 00:00:00+00:00,159.7,162.78,159.15,161.19,1697233,156.7165184495,159.7389785423,156.1767934329,158.1786825853,1697233,0.0,1.0
PPG,2022-01-21 00:00:00+00:00,154.74,159.5,154.17,157.61,4334257,151.8491801182,156.5202548071,151.2898287373,154.6655633865,4334257,0.0,1.0
PPG,2022-01-24 00:00:00+00:00,155.03,155.615,149.13,150.0,1604276,152.1337623996,152.7078335536,146.3439849491,147.1977317935,1604276,0.0,1.0
PPG,2022-01-25 00:00:00+00:00,153.99,155.62,149.77,152.19,1391624,151.1131914592,152.7127401447,146.9720286047,149.3468186777,1391624,0.0,1.0
PPG,2022-01-26 00:00:00+00:00,153.49,156.41,152.16,154.89,1263364,150.6225323532,153.4879815321,149.3173791313,151.9963778499,1263364,0.0,1.0
PPG,2022-01-27 00:00:00+00:00,153.39,156.49,152.0,155.27,1348497,150.524400532,153.5664869891,149.1603682174,152.3692787705,1348497,0.0,1.0
PPG,2022-01-28 00:00:00+00:00,154.83,154.889,150.25,153.19,921909,151.9374987572,151.9953965317,147.4430613465,150.3281368896,921909,0.0,1.0
PPG,2022-01-31 00:00:00+00:00,156.2,156.52,153.14,153.6,1540400,153.2819047076,153.5959265354,150.279070979,150.7304773565,1540400,0.0,1.0
PPG,2022-02-01 00:00:00+00:00,157.35,157.7,155.29,156.31,1556586,154.4104206514,154.7538820255,152.3889051347,153.3898497109,1556586,0.0,1.0
PPG,2022-02-02 00:00:00+00:00,157.62,159.13,155.92,157.76,2432068,154.6753765686,156.1571670686,153.0071356083,154.8127611183,2432068,0.0,1.0
PPG,2022-02-03 00:00:00+00:00,156.74,159.16,155.88,156.38,1717732,153.8118165421,156.186606615,152.9678828798,153.4585419858,1717732,0.0,1.0
PPG,2022-02-04 00:00:00+00:00,152.99,156.15,152.29,155.37,1288895,150.1318732472,153.232838797,149.4449504989,152.4674105917,1288895,0.0,1.0
PPG,2022-02-07 00:00:00+00:00,152.83,154.81,152.45,152.74,1609469,149.9748623333,151.917872393,149.6019614128,149.8865436942,1609469,0.0,1.0
PPG,2022-02-08 00:00:00+00:00,154.25,154.595,152.875,153.72,1162526,151.3683341943,151.7068889774,150.0190216529,150.848235542,1162526,0.0,1.0
PPG,2022-02-09 00:00:00+00:00,156.99,157.38,155.83,156.08,1441219,154.0571460951,154.4398601977,152.9188169692,153.1641465222,1441219,0.0,1.0
PPG,2022-02-10 00:00:00+00:00,153.81,157.55,153.04,155.77,1298770,150.936554181,154.6066842938,150.1809391578,152.8599378765,1298770,0.0,1.0
PPG,2022-02-11 00:00:00+00:00,149.9,154.74,149.81,153.18,1145352,147.0995999723,151.8491801182,147.0112813332,150.3183237075,1145352,0.0,1.0
PPG,2022-02-14 00:00:00+00:00,149.27,150.45,147.97,149.58,1150211,146.4813694988,147.6393249889,145.2056558232,146.7855781445,1150211,0.0,1.0
PPG,2022-02-15 00:00:00+00:00,151.64,152.93,150.78,151.77,922927,148.8070936611,150.0729941545,147.9631599988,148.9346650286,922927,0.0,1.0
PPG,2022-02-16 00:00:00+00:00,151.87,152.55,150.35,151.74,836769,149.0327968498,149.700093234,147.5411931677,148.9052254823,836769,0.0,1.0
PPG,2022-02-17 00:00:00+00:00,149.05,150.79,148.79,150.08,747249,146.8444572372,148.5587098745,146.5883045442,147.8592159823,747249,0.59,1.0
PPG,2022-02-18 00:00:00+00:00,149.64,150.54,148.77,149.35,1055423,147.4257268096,148.3124092082,146.5686004909,147.1400180367,1055423,0.0,1.0
PPG,2022-02-22 00:00:00+00:00,146.67,149.82,145.53,149.82,1216549,144.4996748942,147.6030632893,143.3765438559,147.6030632893,1216549,0.0,1.0
PPG,2022-02-23 00:00:00+00:00,140.61,147.49,139.88,147.21,1584920,138.5293467435,145.3075410796,137.810148798,145.0316843333,1584920,0.0,1.0
PPG,2022-02-24 00:00:00+00:00,137.71,138.52,134.59,137.52,2450640,135.6722590146,136.4702731734,132.5984266994,135.4850705083,2450640,0.0,1.0
PPG,2022-02-25 00:00:00+00:00,141.09,141.609,137.12,138.62,1815826,139.0022440228,139.513564206,135.0909894422,136.5687934399,1815826,0.0,1.0
PPG,2022-02-28 00:00:00+00:00,133.45,138.89,132.5,138.61,3253981,131.4752956612,136.8347981595,130.5393531293,136.5589414133,3253981,0.0,1.0
PPG,2022-03-01 00:00:00+00:00,126.5,133.06,124.74,132.09,3466445,124.6281371386,131.0910666218,122.8941804479,130.1354200366,3466445,0.0,1.0
PPG,2022-03-02 00:00:00+00:00,128.78,129.75,125.43,127.35,3180820,126.8743992151,127.8300458002,123.5739702869,125.4655594039,3180820,0.0,1.0
PPG,2022-03-03 00:00:00+00:00,128.05,130.86,126.195,129.88,2650088,126.1552012695,128.9236207585,124.3276503257,127.9581221467,2650088,0.0,1.0
PPG,2022-03-04 00:00:00+00:00,123.95,126.53,122.86,125.9,2398176,122.1158703425,124.6576932185,121.0419994375,124.0370155395,2398176,0.0,1.0
PPG,2022-03-07 00:00:00+00:00,114.5,123.02,114.46,122.63,3348380,112.805705157,121.1996318639,112.7662970504,120.8154028245,3348380,0.0,1.0
PPG,2022-03-08 00:00:00+00:00,117.74,122.19,111.32,115.0,4086998,115.9977617921,120.3819136519,109.6727606819,113.2983064896,4086998,0.0,1.0
PPG,2022-03-09 00:00:00+00:00,122.03,123.405,121.28,122.5,2607203,120.2242812254,121.57893489,119.4853792266,120.6873264781,2607203,0.0,1.0
PPG,2022-03-10 00:00:00+00:00,121.19,122.03,119.12,119.53,2061356,119.3967109867,120.2242812254,117.3573414699,117.7612745626,2061356,0.0,1.0
PPG,2022-03-11 00:00:00+00:00,120.23,123.06,119.92,121.63,1589460,118.4509164282,121.2390399705,118.145503602,119.8302001594,1589460,0.0,1.0
PPG,2022-03-14 00:00:00+00:00,121.95,124.97,121.29,121.97,1789522,120.1454650122,123.1207770609,119.4952312533,120.1651690655,1789522,0.0,1.0
PPG,2022-03-15 00:00:00+00:00,123.37,124.96,121.86,122.33,1654427,121.5444527967,123.1109250343,120.0567967724,120.519842025,1654427,0.0,1.0
PPG,2022-03-16 00:00:00+00:00,127.87,129.115,124.29,124.7,2106508,125.9778647898,127.2044421079,122.4508392486,122.8547723413,2106508,0.0,1.0
PPG,2022-03-17 00:00:00+00:00,128.68,128.68,125.3,125.48,1906856,126.7758789485,126.7758789485,123.4458939404,123.6232304201,1906856,0.0,1.0
PPG,2022-03-18 00:00:00+00:00,130.93,131.39,127.27,129.23,2493705,128.9925849451,129.445778171,125.3867431907,127.3177404144,2493705,0.0,1.0
PPG,2022-03-21 00:00:00+00:00,128.91,131.16,128.13,130.5,1507810,127.0024755615,129.2191815581,126.2340174827,128.5689477991,1507810,0.0,1.0
PPG,2022-03-22 00:00:00+00:00,130.46,131.32,129.46,130.22,1338225,128.5295396925,129.3768139845,127.5443370273,128.2930910528,1338225,0.0,1.0
PPG,2022-03-23 00:00:00+00:00,128.74,130.84,128.5,129.28,1145095,126.8349911084,128.9039167052,126.5985424688,127.3670005476,1145095,0.0,1.0
PPG,2022-03-24 00:00:00+00:00,129.51,130.41,128.66,129.3,804886,127.5935971606,128.4802795592,126.7561748952,127.3867046009,804886,0.0,1.0
PPG,2022-03-25 00:00:00+00:00,129.46,129.82,128.331,129.22,1248415,127.5443370273,127.8990099868,126.4320432184,127.3078883877,1248415,0.0,1.0
PPG,2022-03-28 00:00:00+00:00,129.55,129.66,127.285,129.66,1387512,127.6330052672,127.7413775604,125.4015212307,127.7413775604,1387512,0.0,1.0
PPG,2022-03-29 00:00:00+00:00,135.89,137.91,132.64,133.38,2164106,133.8791901641,135.8692995477,130.6772815024,131.4063314746,2164106,0.0,1.0
PPG,2022-03-30 00:00:00+00:00,132.94,134.99,132.02,134.49,1230708,130.972842302,132.9925077655,130.0664558501,132.4999064329,1230708,0.0,1.0
PPG,2022-03-31 00:00:00+00:00,131.07,133.47,131.01,132.47,1690914,129.1305133182,131.4949997145,129.0714011583,130.5097970494,1690914,0.0,1.0
PPG,2022-04-01 00:00:00+00:00,134.01,134.08,131.26,132.86,992891,132.0270091537,132.0959733402,129.3177018246,130.8940260888,992891,0.0,1.0
PPG,2022-04-04 00:00:00+00:00,133.37,133.96,132.02,133.34,993771,131.396479448,131.9777490204,130.0664558501,131.366923368,993771,0.0,1.0
PPG,2022-04-05 00:00:00+00:00,132.41,133.51,131.21,132.59,1556258,130.4506848895,131.5344078211,129.2684416913,130.6280213692,1556258,0.0,1.0
PPG,2022-04-06 00:00:00+00:00,134.14,134.405,129.86,131.188,1361292,132.1550855001,132.4161642064,127.9384180934,129.2467672327,1361292,0.0,1.0
PPG,2022-04-07 00:00:00+00:00,134.15,134.88,131.34,133.39,1094726,132.1649375268,132.8841354723,129.3965180378,131.4161835013,1094726,0.0,1.0
PPG,2022-04-08 00:00:00+00:00,132.53,135.38,132.25,134.388,1318918,130.5689092093,133.3767368049,130.293052463,132.3994157611,1318918,0.0,1.0
PPG,2022-04-11 00:00:00+00:00,131.75,134.78,131.4,132.06,1612218,129.8004511305,132.7856152058,129.4556301977,130.1058639567,1612218,0.0,1.0
PPG,2022-04-12 00:00:00+00:00,128.71,133.165,127.78,132.08,1693346,126.8054350285,131.1945129016,125.8891965499,130.12556801,1693346,0.0,1.0
PPG,2022-04-13 00:00:00+00:00,130.59,130.88,128.285,128.52,1391425,128.6576160389,128.9433248118,126.3867238958,126.6182465221,1391425,0.0,1.0
PPG,2022-04-14 00:00:00+00:00,128.27,132.3,128.07,131.45,3020713,126.3719458558,130.3423125963,126.1749053228,129.5048903309,3020713,0.0,1.0
PPG,2022-04-18 00:00:00+00:00,126.49,128.43,126.18,127.47,1066859,124.6182851119,126.5295782823,124.3128722857,125.5837837237,1066859,0.0,1.0
PPG,2022-04-19 00:00:00+00:00,129.64,130.28,126.74,126.8,1317843,127.7216735071,128.3522032127,124.8645857782,124.9236979381,1317843,0.0,1.0
PPG,2022-04-20 00:00:00+00:00,131.7,132.97,130.45,130.47,1423005,129.7511909972,131.0023983819,128.5196876658,128.5393917191,1423005,0.0,1.0
PPG,2022-04-21 00:00:00+00:00,133.15,137.535,132.905,135.83,2427401,131.1797348617,135.4998485482,130.9383602087,133.8200780042,2427401,0.0,1.0
PPG,2022-04-22 00:00:00+00:00,132.85,138.1,130.52,134.95,3250737,130.8841740621,136.056488054,128.5886518524,132.9530996589,3250737,0.0,1.0
PPG,2022-04-25 00:00:00+00:00,129.34,132.48,126.05,132.48,2538530,127.4261127075,130.519649076,124.1847959393,130.519649076,2538530,0.0,1.0
PPG,2022-04-26 00:00:00+00:00,125.9,134.18,125.89,129.73,1936225,124.0370155395,132.1944936067,124.0271635128,127.8103417469,1936225,0.0,1.0
PPG,2022-04-27 00:00:00+00:00,129.61,131.02,126.49,126.49,1560456,127.6921174271,129.0812531849,124.6182851119,124.6182851119,1560456,0.0,1.0
PPG,2022-04-28 00:00:00+00:00,130.85,131.4,127.57,130.89,1346884,128.9137687319,129.4556301977,125.6823039903,128.9531768385,1346884,0.0,1.0
PPG,2022-04-29 00:00:00+00:00,127.99,131.94,127.63,130.75,3306153,126.0960891096,129.9876396369,125.7414161502,128.8152484654,3306153,0.0,1.0
PPG,2022-05-02 00:00:00+00:00,130.99,131.09,126.3,127.385,2230185,129.051697105,129.1502173715,124.4310966055,125.5000414972,2230185,0.0,1.0
PPG,2022-05-03 00:00:00+00:00,133.21,133.91,130.62,130.74,1849839,131.2388470216,131.9284888872,128.6871721189,128.8053964387,1849839,0.0,1.0
PPG,2022-05-04 00:00:00+00:00,137.34,137.48,131.65,133.21,1315052,135.3077340285,135.4456624017,129.701930864,131.2388470216,1315052,0.0,1.0
PPG,2022-05-05 00:00:00+00:00,131.57,135.58,130.2,135.21,1059536,129.6231146508,133.5737773379,128.2733869995,133.2092523518,1059536,0.0,1.0
PPG,2022-05-06 00:00:00+00:00,128.53,130.52,126.26,130.52,1296262,126.6280985488,128.5886518524,124.3916884989,128.5886518524,1296262,0.0,1.0
PPG,2022-05-09 00:00:00+00:00,127.14,129.04,125.805,126.44,1420319,125.8399364167,127.7205080636,124.5185873911,125.147094231,1420319,0.59,1.0
PPG,2022-05-10 00:00:00+00:00,125.04,129.55,123.32,128.73,1122729,123.7614098595,128.2252930846,122.0589976318,127.4136779528,1122729,0.0,1.0
PPG,2022-05-11 00:00:00+00:00,124.3,127.43,123.81,124.75,989623,123.0289766918,126.1269710365,122.5439871618,123.4743752397,989623,0.0,1.0
PPG,2022-05-12 00:00:00+00:00,123.32,125.45,120.68,123.66,1307470,122.0589976318,124.1672174254,119.4459928171,122.3955209791,1307470,0.0,1.0
PPG,2022-05-13 00:00:00+00:00,122.36,125.49,121.76,124.3,1021519,121.1088140628,124.2068084075,120.5149493322,123.0289766918,1021519,0.0,1.0
PPG,2022-05-16 00:00:00+00:00,120.47,122.235,118.0,121.29,1269902,119.2381401614,120.9850922439,116.7933970203,120.0497552932,1269902,0.0,1.0
PPG,2022-05-17 00:00:00+00:00,124.33,125.47,122.505,123.78,1094493,123.0586699283,124.1870129165,121.2523313727,122.5142939252,1094493,0.0,1.0
PPG,2022-05-18 00:00:00+00:00,119.56,122.99,119.05,122.69,1083160,118.3374453199,121.7323720299,117.8326602989,121.4354396646,1083160,0.0,1.0
PPG,2022-05-19 00:00:00+00:00,122.67,124.005,118.19,118.95,1253723,121.4156441736,122.7369931992,116.981454185,117.7336828438,1253723,0.0,1.0
PPG,2022-05-20 00:00:00+00:00,119.68,123.68,117.74,122.0,1790230,118.4562182661,122.4153164701,116.5360556371,120.7524952244,1790230,0.0,1.0
PPG,2022-05-23 00:00:00+00:00,122.81,122.94,119.14,121.36,1076090,121.5542126108,121.6828833024,117.9217400085,120.1190395118,1076090,0.0,1.0
PPG,2022-05-24 00:00:00+00:00,121.46,122.88,120.3728,122.88,976227,120.2180169669,121.6234968293,119.141934075,121.6234968293,976227,0.0,1.0
PPG,2022-05-25 00:00:00+00:00,123.41,123.62,120.775,121.35,931212,122.1480773414,122.3559299971,119.5400213994,120.1091417663,931212,0.0,1.0
PPG,2022-05-26 00:00:00+00:00,126.3,127.04,123.42,124.83,1927354,125.0085257938,125.7409589616,122.1579750869,123.5535572038,1927354,0.0,1.0
PPG,2022-05-27 00:00:00+00:00,130.03,130.54,126.7401,127.5,1313063,128.7003848691,129.2051698901,125.4441255737,126.196255255,1313063,0.0,1.0
PPG,2022-05-31 00:00:00+00:00,126.49,128.36,124.6,127.77,2794528,125.1965829585,127.0474613689,123.3259090571,126.4634943838,2794528,0.0,1.0
PPG,2022-06-01 00:00:00+00:00,125.37,128.0,124.0,127.88,912295,124.0880354614,126.6911425305,122.7320443265,126.5723695844,912295,0.0,1.0
PPG,2022-06-02 00:00:00+00:00,128.79,128.91,125.66,126.25,722290,127.4730644259,127.591837372,124.3750700812,124.9590370663,722290,0.0,1.0
PPG,2022-06-03 00:00:00+00:00,125.46,128.08,125.01,127.6,813543,124.177115171,126.7703244946,123.731716623,126.2952327101,813543,0.0,1.0
PPG,2022-06-06 00:00:00+00:00,127.13,128.535,125.36,126.17,687831,125.8300386712,127.2206719153,124.0781377159,124.8798551022,687831,0.0,1.0
PPG,2022-06-07 00:00:00+00:00,128.78,129.05,124.92,125.66,899180,127.4631666803,127.7304058091,123.6426369134,124.3750700812,899180,0.0,1.0
PPG,2022-06-08 00:00:00+00:00,127.01,133.9899,126.62,127.16,2380415,125.711265725,132.6197931137,125.3252536501,125.8597319077,2380415,0.0,1.0
PPG,2022-06-09 00:00:00+00:00,123.99,128.39,123.97,126.4,1358792,122.722146581,127.0771546054,122.7023510899,125.1075032489,1358792,0.0,1.0
PPG,2022-06-10 00:00:00+00:00,115.9,121.04,115.83,121.01,1764197,114.7148704632,119.8023116554,114.6455862446,119.7726184189,1764197,0.0,1.0
PPG,2022-06-13 00:00:00+00:00,113.3,114.3,110.96,112.84,1282448,112.1414566306,113.1312311816,109.8253841812,111.6861603371,1282448,0.0,1.0
PPG,2022-06-14 00:00:00+00:00,111.51,113.395,109.12,113.16,2028050,110.3697601842,112.2354852129,108.0041990073,112.0028881934,2028050,0.0,1.0
PPG,2022-06-15 00:00:00+00:00,113.62,115.08,111.45,113.44,1509743,112.4581844869,113.9032553314,110.3103737112,112.2800250677,1509743,0.0,1.0
PPG,2022-06-16 00:00:00+00:00,108.5,110.05,107.32,109.75,1307107,107.3905387857,108.9246893397,106.2226048155,108.6277569744,1307107,0.0,1.0
PPG,2022-06-17 00:00:00+00:00,110.02,110.875,107.06,108.84,1865959,108.8949961032,109.7412533443,105.9652634322,107.727062133,1865959,0.0,1.0
PPG,2022-06-21 00:00:00+00:00,110.6,112.18,109.84,111.97,1278544,109.4690653428,111.0329091334,108.716836684,110.8250564777,1278544,0.0,1.0
PPG,2022-06-22 00:00:00+00:00,112.74,114.195,108.62,108.95,1429960,111.587182882,113.0273048537,107.5093117318,107.8359373336,1429960,0.0,1.0
PPG,2022-06-23 00:00:00+00:00,114.36,114.66,111.76,112.69,1259231,113.1906176546,113.4875500199,110.617203822,111.5376941544,1259231,0.0,1.0
PPG,2022-06-24 00:00:00+00:00,121.01,121.1,115.095,115.28,2313151,119.7726184189,119.8616981285,113.9181019496,114.1012102416,2313151,0.0,1.0
PPG,2022-06-27 00:00:00+00:00,121.3,122.125,119.48,121.89,1682450,120.0596530387,120.8762170433,118.2582633559,120.6436200238,1682450,0.0,1.0
PPG,2022-06-28 00:00:00+00:00,119.27,123.545,118.86,121.77,2112213,118.0504107001,122.2816969058,117.6446031342,120.5248470777,2112213,0.0,1.0
PPG,2022-06-29 00:00:00+00:00,117.21,118.755,115.77,118.5,1585320,116.011475125,117.5406768064,114.5861997716,117.2882842959,1585320,0.0,1.0
PPG,2022-06-30 00:00:00+00:00,114.34,116.1077,113.05,115.49,2248644,113.1708221636,114.9204466375,111.8940129928,114.3090628973,2248644,0.0,1.0
PPG,2022-07-01 00:00:00+00:00,117.86,117.964,113.61,113.88,1299393,116.6548285832,116.7577651365,112.4482867414,112.7155258701,1299393,0.0,1.0
PPG,2022-07-05 00:00:00+00:00,118.76,118.78,113.86,115.51,1636298,117.5456256791,117.5654211701,112.6957303791,114.3288583883,1636298,0.0,1.0
PPG,2022-07-06 00:00:00+00:00,119.4,120.0,117.0,119.57,1645726,118.1790813918,118.7729461224,115.8036224693,118.3473430655,1645726,0.0,1.0
PPG,2022-07-07 00:00:00+00:00,119.1,120.1629,116.57,119.44,1513134,117.8821490265,118.9341803967,115.3780194124,118.2186723738,1513134,0.0,1.0
PPG,2022-07-08 00:00:00+00:00,117.87,119.735,117.32,118.7,1115435,116.6647263287,118.5106558664,116.1203503257,117.4862392061,1115435,0.0,1.0
PPG,2022-07-11 00:00:00+00:00,114.17,117.21,113.875,116.58,1206550,113.0025604899,116.011475125,112.7105769974,115.3879171579,1206550,0.0,1.0
PPG,2022-07-12 00:00:00+00:00,116.03,117.7,114.07,114.21,1094757,114.8435411548,116.496464655,112.9035830348,113.042151472,1094757,0.0,1.0
PPG,2022-07-13 00:00:00+00:00,115.71,116.31,112.605,113.71,1025716,114.5268132985,115.1206780291,111.4535633176,112.5472641965,1025716,0.0,1.0
PPG,2022-07-14 00:00:00+00:00,114.84,115.06,112.45,113.63,825876,113.6657094391,113.8834598403,111.3001482622,112.4680822324,825876,0.0,1.0
PPG,2022-07-15 00:00:00+00:00,116.8,117.57,115.237,117.27,908321,115.6056675591,116.3677939634,114.0586499359,116.0708615981,908321,0.0,1.0
PPG,2022-07-18 00:00:00+00:00,114.91,117.97,114.42,117.22,1768846,113.7349936577,116.7637037838,113.2500041277,116.0213728706,1768846,0.0,1.0
PPG,2022-07-19 00:00:00+00:00,119.77,119.88,116.63,117.16,1326682,118.5452979757,118.6541731763,115.4374058855,115.9619863975,1326682,0.0,1.0
PPG,2022-07-20 00:00:00+00:00,120.1,120.83,118.39,119.78,1172599,118.8719235775,119.5944589997,117.1794090952,118.5551957212,1172599,0.0,1.0
PPG,2022-07-21 00:00:00+00:00,122.95,123.27,119.43,120.2,1797747,121.6927810479,122.0095089042,118.2087746283,118.9709010326,1797747,0.0,1.0
PPG,2022-07-22 00:00:00+00:00,127.73,134.09,126.56,131.2,2590598,126.4239034018,132.7188695463,125.2658671771,129.8584210938,2590598,0.0,1.0
PPG,2022-07-25 00:00:00+00:00,126.87,128.745,125.47,127.27,1914442,125.5726972879,127.4285245711,124.1870129165,125.9686071083,1914442,0.0,1.0
PPG,2022-07-26 00:00:00+00:00,126.22,126.98,123.42,125.4,1723985,124.9293438297,125.6815724885,122.1579750869,124.1177286979,1723985,0.0,1.0
PPG,2022-07-27 00:00:00+00:00,126.93,128.0,123.48,124.5,1828268,125.632083761,126.6911425305,122.2173615599,123.226931602,1828268,0.0,1.0
PPG,2022-07-28 00:00:00+00:00,130.36,130.53,127.48,127.48,1310686,129.027010471,129.1952721446,126.176459764,126.176459764,1310686,0.0,1.0
PPG,2022-07-29 00:00:00+00:00,129.29,130.57,128.44,130.35,1316743,127.9679517014,129.2348631267,127.126643333,129.0171127254,1316743,0.0,1.0
PPG,2022-08-01 00:00:00+00:00,129.31,130.24,127.12,128.37,898543,127.9877471924,128.9082375248,125.8201409256,127.0573591144,898543,0.0,1.0
PPG,2022-08-02 00:00:00+00:00,126.65,128.82,126.5,128.82,1463923,125.3549468867,127.5027576624,125.206480704,127.5027576624,1463923,0.0,1.0
PPG,2022-08-03 00:00:00+00:00,128.24,128.31,125.06,126.53,1004637,126.9286884228,126.9979726414,123.7812053505,125.2361739405,1004637,0.0,1.0
PPG,2022-08-04 00:00:00+00:00,128.13,128.69,126.92,128.56,839250,126.8198132222,127.3740869708,125.6221860154,127.2454162791,839250,0.0,1.0
PPG,2022-08-05 00:00:00+00:00,127.36,128.99,126.285,126.7,1099343,126.0576868179,127.6710193361,124.9936791755,125.4044356142,1099343,0.0,1.0
PPG,2022-08-08 00:00:00+00:00,128.29,130.475,128.0,128.91,938823,126.9781771503,129.1408345443,126.6911425305,127.591837372,938823,0.0,1.0
PPG,2022-08-09 00:00:00+00:00,127.19,127.48,125.65,126.96,976337,126.5030853659,126.7915191638,124.971402439,126.2743275261,976337,0.62,1.0
PPG,2022-08-10 00:00:00+00:00,133.54,134.63,130.25,130.94,1353983,132.8187909408,133.9029041812,129.5465592334,130.2328327526,1353983,0.0,1.0
PPG,2022-08-11 00:00:00+00:00,133.34,136.12,133.12,134.75,1065615,132.6198710801,135.3848571429,132.4010592334,134.0222560976,1065615,0.0,1.0
PPG,2022-08-12 00:00:00+00:00,135.55,135.89,133.42,134.04,782975,134.8179355401,135.1560993031,132.6994390244,133.3160905923,782975,0.0,1.0
PPG,2022-08-15 00:00:00+00:00,136.39,137.37,134.775,135.22,737881,135.6533989547,136.6281062718,134.0471210801,134.48971777,737881,0.0,1.0
PPG,2022-08-16 00:00:00+00:00,137.21,137.925,135.5,135.69,761217,136.4689703833,137.180108885,134.7682055749,134.9571794425,761217,0.0,1.0
PPG,2022-08-17 00:00:00+00:00,134.19,135.84,133.38,135.3,1005473,133.4652804878,135.106369338,132.6596550523,134.5692857143,1005473,0.0,1.0
PPG,2022-08-18 00:00:00+00:00,133.48,134.9,132.6,134.25,880081,132.7591149826,134.171445993,131.8838675958,133.524956446,880081,0.0,1.0
PPG,2022-08-19 00:00:00+00:00,131.94,132.9318,130.65,132.7,772273,131.2274320557,132.2138756446,129.9443989547,131.9833275261,772273,0.0,1.0
PPG,2022-08-22 00:00:00+00:00,127.23,129.8,126.85,129.8,1102184,126.542869338,129.098989547,126.1649216028,129.098989547,1102184,0.0,1.0
PPG,2022-08-23 00:00:00+00:00,127.65,129.2599,126.99,126.99,760123,126.9606010453,128.5618064634,126.3041655052,126.3041655052,760123,0.0,1.0
PPG,2022-08-24 00:00:00+00:00,128.01,128.71,126.72,127.47,782425,127.3186567944,128.0148763066,126.0356236934,126.7815731707,782425,0.0,1.0
PPG,2022-08-25 00:00:00+00:00,132.16,132.22,129.07,129.17,716024,131.4462439024,131.5059198606,128.3729320557,128.4723919861,716024,0.0,1.0
PPG,2022-08-26 00:00:00+00:00,126.04,132.31,125.96,132.31,751101,125.3592961672,131.5954337979,125.279728223,131.5954337979,751101,0.0,1.0
PPG,2022-08-29 00:00:00+00:00,125.94,126.96,124.4,125.09,503338,125.2598362369,126.2743275261,123.7281533101,124.4144268293,503338,0.0,1.0
PPG,2022-08-30 00:00:00+00:00,127.78,129.3,126.78,128.13,1215875,127.0898989547,128.6016898955,126.0952996516,127.4380087108,1215875,0.0,1.0
PPG,2022-08-31 00:00:00+00:00,126.98,129.295,126.42,129.13,1574268,126.2942195122,128.596716899,125.7372439024,128.4326080139,1574268,0.0,1.0
PPG,2022-09-01 00:00:00+00:00,124.54,125.91,123.55,125.65,1142139,123.8673972125,125.2299982578,122.8827439024,124.971402439,1142139,0.0,1.0
PPG,2022-09-02 00:00:00+00:00,123.76,128.27,123.03,126.51,1338607,123.0916097561,127.5772526132,122.3655522648,125.8267578397,1338607,0.0,1.0
PPG,2022-09-06 00:00:00+00:00,123.69,125.88,122.95,125.49,1302015,123.0219878049,125.2001602787,122.2859843206,124.8122665505,1302015,0.0,1.0
PPG,2022-09-07 00:00:00+00:00,127.84,128.265,123.94,124.29,2116518,127.1495749129,127.5722796167,123.2706376307,123.6187473868,2116518,0.0,1.0
PPG,2022-09-08 00:00:00+00:00,127.76,127.85,124.96,126.38,1153515,127.0700069686,127.1595209059,124.2851289199,125.6974599303,1153515,0.0,1.0
PPG,2022-09-09 00:00:00+00:00,128.11,129.07,126.97,128.43,1160257,127.4181167247,128.3729320557,126.2842735192,127.7363885017,1160257,0.0,1.0
PPG,2022-09-12 00:00:00+00:00,131.58,131.93,129.07,129.08,1020173,130.8693763066,131.2174860627,128.3729320557,128.3828780488,1020173,0.0,1.0
PPG,2022-09-13 00:00:00+00:00,124.49,127.43,124.34,127.27,1207381,123.8176672474,126.7417891986,123.6684773519,126.5826533101,1207381,0.0,1.0
PPG,2022-09-14 00:00:00+00:00,120.16,124.13,118.9,123.66,1935306,119.5110522648,123.4596114983,118.2578571429,122.9921498258,1935306,0.0,1.0
PPG,2022-09-15 00:00:00+00:00,120.44,122.87,119.6704,120.3,1284499,119.7895400697,122.2064163763,119.024096446,119.6502961672,1284499,0.0,1.0
PPG,2022-09-16 00:00:00+00:00,117.48,117.61,115.39,117.05,2133696,116.8455261324,116.9748240418,114.7668135888,116.4178484321,2133696,0.0,1.0
PPG,2022-09-19 00:00:00+00:00,119.23,119.53,116.68,116.83,972517,118.5860749129,118.8844547038,116.0498466899,116.1990365854,972517,0.0,1.0
PPG,2022-09-20 00:00:00+00:00,116.66,117.73,115.94,117.73,1081701,116.0299547038,117.0941759582,115.3138432056,117.0941759582,1081701,0.0,1.0
PPG,2022-09-21 00:00:00+00:00,113.3,116.86,113.27,116.21,1089453,112.6881010453,116.2288745645,112.6582630662,115.5823850174,1089453,0.0,1.0
PPG,2022-09-22 00:00:00+00:00,111.92,112.93,111.09,112.93,957981,111.315554007,112.3200993031,110.4900365854,112.3200993031,957981,0.0,1.0
PPG,2022-09-23 00:00:00+00:00,112.32,112.41,110.33,111.0,1248444,111.7133937282,111.8029076655,109.734141115,110.4005226481,1248444,0.0,1.0
PPG,2022-09-26 00:00:00+00:00,111.17,113.085,110.525,112.5,925334,110.5696045296,112.4742621951,109.9280879791,111.8924216028,925334,0.0,1.0
PPG,2022-09-27 00:00:00+00:00,111.06,112.46,109.78,112.39,1206290,110.4601986063,111.8526376307,109.1871114983,111.7830156794,1206290,0.0,1.0
PPG,2022-09-28 00:00:00+00:00,113.3,114.02,111.13,112.47,1503232,112.6881010453,113.4042125436,110.5298205575,111.8625836237,1503232,0.0,1.0
PPG,2022-09-29 00:00:00+00:00,111.61,111.94,110.11,111.82,905792,111.007228223,111.335445993,109.5153292683,111.2160940767,905792,0.0,1.0
PPG,2022-09-30 00:00:00+00:00,110.69,113.37,110.57,112.0,1163938,110.0921968641,112.7577229965,109.9728449477,111.3951219512,1163938,0.0,1.0
PPG,2022-10-03 00:00:00+00:00,114.19,115.34,112.44,112.44,1366543,113.5732944251,114.7170836237,111.8327456446,111.8327456446,1366543,0.0,1.0
PPG,2022-10-04 00:00:00+00:00,119.15,119.4125,116.02,116.03,1581565,118.5065069686,118.7675892857,115.3934111498,115.4033571429,1581565,0.0,1.0
PPG,2022-10-05 00:00:00+00:00,120.23,121.0,117.4,117.45,1475361,119.580674216,120.3465156794,116.7659581882,116.8156881533,1475361,0.0,1.0
PPG,2022-10-06 00:00:00+00:00,117.73,120.95,117.2,119.77,1692433,117.0941759582,120.2967857143,116.5670383275,119.1231585366,1692433,0.0,1.0
PPG,2022-10-07 00:00:00+00:00,114.37,116.92,113.57,116.39,1052742,113.7523222997,116.2885505226,112.9566428571,115.761412892,1052742,0.0,1.0
PPG,2022-10-10 00:00:00+00:00,110.75,112.4355,107.67,108.66,2952461,110.1518728223,111.8282699477,107.0885069686,108.0731602787,2952461,0.0,1.0
PPG,2022-10-11 00:00:00+00:00,110.76,112.68,109.84,110.34,2032025,110.1618188153,112.0714494774,109.2467874564,109.744087108,2032025,0.0,1.0
PPG,2022-10-12 00:00:00+00:00,109.69,111.46,109.595,111.46,1341493,109.097597561,110.8580383275,109.0031106272,110.8580383275,1341493,0.0,1.0
PPG,2022-10-13 00:00:00+00:00,112.22,113.68,107.463,107.79,1776670,111.6139337979,113.0660487805,106.8826249129,107.207858885,1776670,0.0,1.0
PPG,2022-10-14 00:00:00+00:00,110.33,114.09,109.9,113.53,1483394,109.734141115,113.4738344948,109.3064634146,112.916858885,1483394,0.0,1.0
PPG,2022-10-17 00:00:00+00:00,113.31,114.5,112.215,113.13,1210686,112.6980470383,113.8816202091,111.6089608014,112.5190191638,1210686,0.0,1.0
PPG,2022-10-18 00:00:00+00:00,116.74,118.085,115.6,116.5,1121482,116.1095226481,117.4472587108,114.9756794425,115.8708188153,1121482,0.0,1.0
PPG,2022-10-19 00:00:00+00:00,114.64,116.14,113.0,115.84,1259398,114.0208641115,115.5127630662,112.3897212544,115.2143832753,1259398,0.0,1.0
PPG,2022-10-20 00:00:00+00:00,108.41,115.26,107.4,113.12,3326888,107.824510453,114.6375156794,106.8199651568,112.5090731707,3326888,0.0,1.0
PPG,2022-10-21 00:00:00+00:00,112.59,113.5,108.75,109.6,2163357,111.9819355401,112.8870209059,108.162674216,109.0080836237,2163357,0.0,1.0
PPG,2022-10-24 00:00:00+00:00,111.95,114.22,111.75,113.41,1365963,111.3453919861,113.6031324042,111.1464721254,112.7975069686,1365963,0.0,1.0
PPG,2022-10-25 00:00:00+00:00,112.96,113.91,112.27,112.39,1703089,112.3499372822,113.2948066202,111.6636637631,111.7830156794,1703089,0.0,1.0
PPG,2022-10-26 00:00:00+00:00,112.82,114.2,111.64,113.23,1075479,112.2106933798,113.5832404181,111.0370662021,112.6184790941,1075479,0.0,1.0
PPG,2022-10-27 00:00:00+00:00,112.36,114.955,112.11,113.44,918705,111.7531777003,114.334162892,111.5045278746,112.8273449477,918705,0.0,1.0
PPG,2022-10-28 00:00:00+00:00,114.16,114.385,112.01,112.38,1220163,113.543456446,113.7672412892,111.4050679443,111.7730696864,1220163,0.0,1.0
PPG,2022-10-31 00:00:00+00:00,114.18,115.275,113.195,113.63,1714129,113.5633484321,114.652434669,112.5836681185,113.0163188153,1714129,0.0,1.0
PPG,2022-11-01 00:00:00+00:00,114.0,115.82,113.03,115.39,1028431,113.3843205575,115.1944912892,112.4195592334,114.7668135888,1028431,0.0,1.0
PPG,2022-11-02 00:00:00+00:00,110.08,114.98,109.995,114.05,1315337,109.4854912892,114.3590278746,109.4009503484,113.4340505226,1315337,0.0,1.0
PPG,2022-11-03 00:00:00+00:00,109.71,110.85,107.42,108.13,1096968,109.117489547,110.2513327526,106.8398571429,107.5460226481,1096968,0.0,1.0
PPG,2022-11-04 00:00:00+00:00,115.46,115.9,111.9287,112.2,1527370,114.8364355401,115.2740592334,111.3242070209,111.5940418118,1527370,0.0,1.0
PPG,2022-11-07 00:00:00+00:00,116.34,116.61,114.48,116.47,1375209,115.7116829268,115.9802247387,113.861728223,115.8409808362,1375209,0.0,1.0
PPG,2022-11-08 00:00:00+00:00,116.46,118.15,115.46,117.03,1122794,115.8310348432,117.5119076655,114.8364355401,116.397956446,1122794,0.0,1.0
PPG,2022-11-09 00:00:00+00:00,114.18,115.84,113.8532,115.55,759604,114.18,115.84,113.8532,115.55,759604,0.62,1.0
PPG,2022-11-10 00:00:00+00:00,124.81,124.88,119.96,120.26,1513754,124.81,124.88,119.96,120.26,1513754,0.0,1.0
PPG,2022-11-11 00:00:00+00:00,130.09,131.0,125.7,125.84,2106314,130.09,131.0,125.7,125.84,2106314,0.0,1.0
PPG,2022-11-14 00:00:00+00:00,127.96,129.955,127.6,128.98,1891203,127.96,129.955,127.6,128.98,1891203,0.0,1.0
PPG,2022-11-15 00:00:00+00:00,129.5,133.39,127.465,130.59,1639410,129.5,133.39,127.465,130.59,1639410,0.0,1.0
PPG,2022-11-16 00:00:00+00:00,128.99,129.97,128.22,129.21,1352799,128.99,129.97,128.22,129.21,1352799,0.0,1.0
PPG,2022-11-17 00:00:00+00:00,126.66,127.14,124.57,126.91,1051261,126.66,127.14,124.57,126.91,1051261,0.0,1.0
PPG,2022-11-18 00:00:00+00:00,128.47,130.27,127.33,128.82,999423,128.47,130.27,127.33,128.82,999423,0.0,1.0
PPG,2022-11-21 00:00:00+00:00,129.05,130.15,127.5,127.5,1223925,129.05,130.15,127.5,127.5,1223925,0.0,1.0
PPG,2022-11-22 00:00:00+00:00,131.99,132.08,129.18,130.0,1525550,131.99,132.08,129.18,130.0,1525550,0.0,1.0
PPG,2022-11-23 00:00:00+00:00,133.06,133.805,131.8701,132.22,1078920,133.06,133.805,131.8701,132.22,1078920,0.0,1.0
PPG,2022-11-25 00:00:00+00:00,133.36,133.37,132.17,132.35,320312,133.36,133.37,132.17,132.35,320312,0.0,1.0
PPG,2022-11-28 00:00:00+00:00,130.3,133.19,130.04,132.3,1049317,130.3,133.19,130.04,132.3,1049317,0.0,1.0
PPG,2022-11-29 00:00:00+00:00,131.83,132.6,130.66,130.7,1648686,131.83,132.6,130.66,130.7,1648686,0.0,1.0
PPG,2022-11-30 00:00:00+00:00,135.22,135.46,130.87,131.64,2036671,135.22,135.46,130.87,131.64,2036671,0.0,1.0
PPG,2022-12-01 00:00:00+00:00,134.96,136.98,133.98,136.4,794895,134.96,136.98,133.98,136.4,794895,0.0,1.0
PPG,2022-12-02 00:00:00+00:00,137.3,137.7,132.96,133.1,776606,137.3,137.7,132.96,133.1,776606,0.0,1.0
PPG,2022-12-05 00:00:00+00:00,134.59,135.91,133.8,135.36,924766,134.59,135.91,133.8,135.36,924766,0.0,1.0
PPG,2022-12-06 00:00:00+00:00,132.04,135.84,130.575,134.95,885362,132.04,135.84,130.575,134.95,885362,0.0,1.0
PPG,2022-12-07 00:00:00+00:00,129.44,131.96,128.8,131.3,1670622,129.44,131.96,128.8,131.3,1670622,0.0,1.0
PPG,2022-12-08 00:00:00+00:00,130.36,130.85,129.335,130.24,1099111,130.36,130.85,129.335,130.24,1099111,0.0,1.0
PPG,2022-12-09 00:00:00+00:00,130.41,131.71,130.045,130.45,718847,130.41,131.71,130.045,130.45,718847,0.0,1.0
PPG,2022-12-12 00:00:00+00:00,132.32,132.38,130.0401,130.57,1038318,132.32,132.38,130.0401,130.57,1038318,0.0,1.0
PPG,2022-12-13 00:00:00+00:00,134.07,137.72,133.13,136.93,1171205,134.07,137.72,133.13,136.93,1171205,0.0,1.0
PPG,2022-12-14 00:00:00+00:00,132.77,135.0801,131.5,133.67,880843,132.77,135.0801,131.5,133.67,880843,0.0,1.0
PPG,2022-12-15 00:00:00+00:00,128.77,130.43,128.13,130.43,1084506,128.77,130.43,128.13,130.43,1084506,0.0,1.0
PPG,2022-12-16 00:00:00+00:00,126.17,127.78,125.25,127.24,1658582,126.17,127.78,125.25,127.24,1658582,0.0,1.0
PPG,2022-12-19 00:00:00+00:00,125.63,126.95,124.8,126.04,682027,125.63,126.95,124.8,126.04,682027,0.0,1.0
PPG,2022-12-20 00:00:00+00:00,124.76,126.2108,123.55,125.21,1106768,124.76,126.2108,123.55,125.21,1106768,0.0,1.0
PPG,2022-12-21 00:00:00+00:00,127.15,127.8,125.73,125.73,909518,127.15,127.8,125.73,125.73,909518,0.0,1.0
PPG,2022-12-22 00:00:00+00:00,125.86,125.88,123.222,125.29,722749,125.86,125.88,123.222,125.29,722749,0.0,1.0
PPG,2022-12-23 00:00:00+00:00,126.72,126.79,124.92,125.25,458223,126.72,126.79,124.92,125.25,458223,0.0,1.0
PPG,2022-12-27 00:00:00+00:00,126.42,127.8114,126.03,126.49,701918,126.42,127.8114,126.03,126.49,701918,0.0,1.0
PPG,2022-12-28 00:00:00+00:00,124.27,127.54,124.25,127.01,640589,124.27,127.54,124.25,127.01,640589,0.0,1.0
PPG,2022-12-29 00:00:00+00:00,126.4,126.85,125.02,125.37,648846,126.4,126.85,125.02,125.37,648846,0.0,1.0
PPG,2022-12-30 00:00:00+00:00,125.74,126.01,124.17,125.22,648835,125.74,126.01,124.17,125.22,648835,0.0,1.0
